1
0
4
0
(286 0
((0,128) (31,151) (0,0))
((0,152) (31,175) (0,0))
((0,176) (31,199) (0,0))
((0,200) (31,231) (0,0))
((0,232) (31,263) (0,0))
((0,264) (31,295) (0,0))
((0,296) (31,327) (0,0))
((0,328) (31,359) (0,0))
((0,360) (31,391) (0,0))
((0,392) (31,415) (0,0))
((0,416) (31,439) (0,0))
((0,440) (31,463) (0,0))
((0,464) (31,495) (0,0))
((0,536) (31,559) (0,0))
((0,560) (31,583) (0,0))
((0,584) (31,607) (0,0))
((0,608) (31,639) (0,0))
((0,640) (31,671) (0,0))
((0,672) (31,703) (0,0))
((0,704) (31,735) (0,0))
((0,736) (31,767) (0,0))
((0,768) (31,799) (0,0))
((0,800) (31,831) (0,0))
((0,832) (31,863) (0,0))
((0,864) (31,895) (0,0))
((32,136) (63,167) (0,0))
((32,168) (63,199) (0,0))
((32,200) (63,231) (0,0))
((32,232) (63,263) (0,0))
((32,264) (63,295) (0,0))
((32,296) (63,327) (0,0))
((32,328) (63,359) (0,0))
((32,360) (63,391) (0,0))
((32,392) (63,415) (0,0))
((32,416) (63,439) (0,0))
((32,440) (63,463) (0,0))
((32,464) (63,495) (0,0))
((32,536) (63,567) (0,0))
((32,568) (63,599) (0,0))
((32,600) (63,631) (0,0))
((32,632) (63,663) (0,0))
((32,664) (63,695) (0,0))
((32,696) (63,727) (0,0))
((32,728) (63,759) (0,0))
((32,760) (63,791) (0,0))
((32,792) (63,823) (0,0))
((32,824) (63,855) (0,0))
((32,856) (63,887) (0,0))
((48,496) (71,511) (0,0))
((48,512) (71,535) (0,0))
((64,144) (87,167) (0,0))
((64,168) (87,199) (0,0))
((64,200) (87,231) (0,0))
((64,232) (87,263) (0,0))
((64,264) (87,295) (0,0))
((64,296) (87,327) (0,0))
((64,328) (87,359) (0,0))
((64,360) (87,391) (0,0))
((64,392) (95,415) (0,0))
((64,416) (95,439) (0,0))
((64,440) (95,463) (0,0))
((64,464) (95,495) (0,0))
((64,536) (87,559) (0,0))
((64,560) (87,591) (0,0))
((64,592) (87,623) (0,0))
((64,624) (87,655) (0,0))
((64,656) (87,687) (0,0))
((64,688) (87,719) (0,0))
((64,720) (87,751) (0,0))
((64,752) (87,783) (0,0))
((64,784) (87,815) (0,0))
((64,816) (87,847) (0,0))
((64,848) (87,879) (0,0))
((72,496) (95,511) (0,0))
((72,512) (95,535) (0,0))
((88,152) (111,167) (0,0))
((88,168) (111,199) (0,0))
((88,200) (111,231) (0,0))
((88,232) (111,263) (0,0))
((88,264) (111,295) (0,0))
((88,296) (111,327) (0,0))
((88,328) (111,359) (0,0))
((88,360) (111,391) (0,0))
((88,536) (111,551) (0,0))
((88,552) (111,583) (0,0))
((88,584) (111,615) (0,0))
((88,616) (111,647) (0,0))
((88,648) (111,679) (0,0))
((88,680) (111,711) (0,0))
((88,712) (111,743) (0,0))
((88,744) (111,775) (0,0))
((88,776) (111,807) (0,0))
((88,808) (111,839) (0,0))
((88,840) (111,871) (0,0))
((96,392) (127,415) (0,0))
((96,416) (127,439) (0,0))
((96,440) (127,463) (0,0))
((96,464) (127,495) (0,0))
((96,496) (119,511) (0,0))
((96,512) (119,535) (0,0))
((112,160) (135,183) (0,0))
((112,184) (135,207) (0,0))
((112,208) (135,231) (0,0))
((112,232) (135,263) (0,0))
((112,264) (135,295) (0,0))
((112,296) (135,327) (0,0))
((112,328) (135,359) (0,0))
((112,360) (135,391) (0,0))
((112,536) (135,559) (0,0))
((112,560) (135,583) (0,0))
((112,584) (135,607) (0,0))
((112,608) (135,639) (0,0))
((112,640) (135,671) (0,0))
((112,672) (135,703) (0,0))
((112,704) (135,735) (0,0))
((112,736) (135,767) (0,0))
((112,768) (135,799) (0,0))
((112,800) (135,831) (0,0))
((112,832) (135,863) (0,0))
((120,496) (151,511) (0,0))
((120,512) (151,535) (0,0))
((128,392) (159,415) (0,0))
((128,416) (159,439) (0,0))
((128,440) (159,463) (0,0))
((128,464) (159,495) (0,0))
((136,176) (159,199) (0,0))
((136,200) (159,231) (0,0))
((136,232) (159,263) (0,0))
((136,264) (159,295) (0,0))
((136,296) (159,327) (0,0))
((136,328) (159,359) (0,0))
((136,360) (159,391) (0,0))
((136,536) (159,559) (0,0))
((136,560) (159,591) (0,0))
((136,592) (159,623) (0,0))
((136,624) (159,655) (0,0))
((136,656) (159,687) (0,0))
((136,688) (159,719) (0,0))
((136,720) (159,751) (0,0))
((136,752) (159,783) (0,0))
((136,784) (159,815) (0,0))
((136,816) (159,847) (0,0))
((152,496) (183,511) (0,0))
((152,512) (183,535) (0,0))
((160,184) (183,199) (0,0))
((160,200) (183,231) (0,0))
((160,232) (183,263) (0,0))
((160,264) (183,295) (0,0))
((160,296) (183,327) (0,0))
((160,328) (183,359) (0,0))
((160,360) (183,391) (0,0))
((160,392) (191,415) (0,0))
((160,416) (191,439) (0,0))
((160,440) (191,463) (0,0))
((160,464) (191,495) (0,0))
((160,536) (183,551) (0,0))
((160,552) (183,583) (0,0))
((160,584) (183,615) (0,0))
((160,616) (183,647) (0,0))
((160,648) (183,679) (0,0))
((160,680) (183,711) (0,0))
((160,712) (183,743) (0,0))
((160,744) (183,775) (0,0))
((160,776) (183,807) (0,0))
((160,808) (183,839) (0,0))
((184,192) (207,215) (0,0))
((184,216) (207,239) (0,0))
((184,240) (207,263) (0,0))
((184,264) (207,295) (0,0))
((184,296) (207,327) (0,0))
((184,328) (207,359) (0,0))
((184,360) (207,391) (0,0))
((184,496) (215,511) (0,0))
((184,512) (215,535) (0,0))
((184,536) (207,567) (0,0))
((184,568) (207,599) (0,0))
((184,600) (207,631) (0,0))
((184,632) (207,663) (0,0))
((184,664) (207,695) (0,0))
((184,696) (207,727) (0,0))
((184,728) (207,759) (0,0))
((184,760) (207,791) (0,0))
((184,792) (207,823) (0,0))
((192,392) (223,415) (0,0))
((192,416) (223,439) (0,0))
((192,440) (223,463) (0,0))
((192,464) (223,495) (0,0))
((208,208) (231,239) (0,0))
((208,240) (231,271) (0,0))
((208,272) (231,303) (0,0))
((208,304) (231,327) (0,0))
((208,328) (231,359) (0,0))
((208,360) (231,391) (0,0))
((208,536) (231,559) (0,0))
((208,560) (231,591) (0,0))
((208,592) (231,623) (0,0))
((208,624) (231,655) (0,0))
((208,656) (231,687) (0,0))
((208,688) (231,719) (0,0))
((208,720) (231,751) (0,0))
((208,752) (231,783) (0,0))
((208,784) (231,815) (0,0))
((216,496) (247,511) (0,0))
((216,512) (247,535) (0,0))
((224,392) (255,415) (0,0))
((224,416) (255,439) (0,0))
((224,440) (255,463) (0,0))
((224,464) (255,495) (0,0))
((232,208) (255,239) (0,0))
((232,240) (255,271) (0,0))
((232,272) (255,303) (0,0))
((232,304) (263,327) (0,0))
((232,328) (263,359) (0,0))
((232,360) (263,391) (0,0))
((232,536) (263,559) (0,0))
((232,560) (263,591) (0,0))
((232,592) (263,623) (0,0))
((232,624) (263,655) (0,0))
((232,656) (263,687) (0,0))
((232,688) (263,719) (0,0))
((232,720) (263,751) (0,0))
((232,752) (263,783) (0,0))
((232,784) (263,815) (0,0))
((248,496) (279,511) (0,0))
((248,512) (279,535) (0,0))
((256,208) (279,239) (0,0))
((256,240) (279,271) (0,0))
((256,272) (279,303) (0,0))
((256,392) (287,415) (0,0))
((256,416) (287,439) (0,0))
((256,440) (287,463) (0,0))
((256,464) (287,495) (0,0))
((264,304) (295,327) (0,0))
((264,328) (295,359) (0,0))
((264,360) (295,391) (0,0))
((264,536) (295,559) (0,0))
((264,560) (295,591) (0,0))
((264,592) (295,623) (0,0))
((264,624) (295,655) (0,0))
((264,656) (295,687) (0,0))
((264,688) (295,719) (0,0))
((264,720) (295,751) (0,0))
((264,752) (295,783) (0,0))
((264,784) (295,815) (0,0))
((280,208) (311,239) (0,0))
((280,240) (311,271) (0,0))
((280,272) (311,303) (0,0))
((280,496) (311,511) (0,0))
((280,512) (311,535) (0,0))
((288,392) (319,415) (0,0))
((288,416) (319,439) (0,0))
((288,440) (319,463) (0,0))
((288,464) (319,495) (0,0))
((296,304) (327,327) (0,0))
((296,328) (327,359) (0,0))
((296,360) (327,391) (0,0))
((296,536) (319,559) (0,0))
((296,560) (319,591) (0,0))
((296,592) (319,623) (0,0))
((296,624) (319,655) (0,0))
((296,656) (319,687) (0,0))
((296,688) (319,719) (0,0))
((312,496) (343,511) (0,0))
((312,512) (343,535) (0,0))
((320,392) (351,415) (0,0))
((320,416) (351,439) (0,0))
((320,440) (351,463) (0,0))
((320,464) (351,495) (0,0))
((320,536) (343,567) (0,0))
((320,568) (335,599) (0,0))
((320,600) (335,623) (0,0))
((320,624) (351,647) (0,0))
((320,648) (343,663) (0,0))
((320,664) (343,687) (0,0))
((328,336) (343,351) (0,0))
((328,352) (343,375) (0,0))
((328,376) (351,391) (0,0))
((336,568) (367,599) (0,0))
((336,600) (359,623) (0,0))
((344,496) (375,511) (0,0))
((344,512) (375,535) (0,0))
((344,536) (375,567) (0,0))
((352,392) (367,423) (0,0))
((352,424) (375,447) (0,0))
((352,448) (375,471) (0,0))
((352,472) (375,495) (0,0))
)
286
FabOnDisk: Cell_D_00000 0
FabOnDisk: Cell_D_00000 24661
FabOnDisk: Cell_D_00000 49322
FabOnDisk: Cell_D_00000 73983
FabOnDisk: Cell_D_00000 106836
FabOnDisk: Cell_D_00000 139689
FabOnDisk: Cell_D_00000 172542
FabOnDisk: Cell_D_00000 205395
FabOnDisk: Cell_D_00000 238248
FabOnDisk: Cell_D_00000 271101
FabOnDisk: Cell_D_00000 295762
FabOnDisk: Cell_D_00000 320423
FabOnDisk: Cell_D_00000 345084
FabOnDisk: Cell_D_00000 377937
FabOnDisk: Cell_D_00000 402598
FabOnDisk: Cell_D_00000 427259
FabOnDisk: Cell_D_00000 451920
FabOnDisk: Cell_D_00000 484773
FabOnDisk: Cell_D_00000 517626
FabOnDisk: Cell_D_00000 550479
FabOnDisk: Cell_D_00000 583332
FabOnDisk: Cell_D_00000 616185
FabOnDisk: Cell_D_00000 649038
FabOnDisk: Cell_D_00000 681891
FabOnDisk: Cell_D_00000 714744
FabOnDisk: Cell_D_00000 747597
FabOnDisk: Cell_D_00000 780451
FabOnDisk: Cell_D_00000 813305
FabOnDisk: Cell_D_00000 846159
FabOnDisk: Cell_D_00000 879013
FabOnDisk: Cell_D_00000 911867
FabOnDisk: Cell_D_00000 944721
FabOnDisk: Cell_D_00000 977575
FabOnDisk: Cell_D_00000 1010429
FabOnDisk: Cell_D_00000 1035091
FabOnDisk: Cell_D_00000 1059753
FabOnDisk: Cell_D_00000 1084415
FabOnDisk: Cell_D_00000 1117269
FabOnDisk: Cell_D_00000 1150123
FabOnDisk: Cell_D_00000 1182977
FabOnDisk: Cell_D_00000 1215831
FabOnDisk: Cell_D_00000 1248685
FabOnDisk: Cell_D_00000 1281539
FabOnDisk: Cell_D_00000 1314393
FabOnDisk: Cell_D_00000 1347247
FabOnDisk: Cell_D_00000 1380101
FabOnDisk: Cell_D_00000 1412955
FabOnDisk: Cell_D_00000 1445809
FabOnDisk: Cell_D_00000 1478663
FabOnDisk: Cell_D_00000 1491037
FabOnDisk: Cell_D_00000 1509555
FabOnDisk: Cell_D_00000 1528073
FabOnDisk: Cell_D_00000 1552735
FabOnDisk: Cell_D_00000 1577397
FabOnDisk: Cell_D_00000 1602059
FabOnDisk: Cell_D_00000 1626721
FabOnDisk: Cell_D_00000 1651383
FabOnDisk: Cell_D_00000 1676045
FabOnDisk: Cell_D_00000 1700707
FabOnDisk: Cell_D_00000 1725369
FabOnDisk: Cell_D_00000 1750031
FabOnDisk: Cell_D_00000 1774693
FabOnDisk: Cell_D_00000 1807547
FabOnDisk: Cell_D_00000 1826065
FabOnDisk: Cell_D_00000 1850727
FabOnDisk: Cell_D_00000 1875389
FabOnDisk: Cell_D_00000 1900051
FabOnDisk: Cell_D_00000 1924713
FabOnDisk: Cell_D_00000 1949375
FabOnDisk: Cell_D_00000 1974037
FabOnDisk: Cell_D_00000 1998699
FabOnDisk: Cell_D_00000 2023361
FabOnDisk: Cell_D_00000 2048023
FabOnDisk: Cell_D_00000 2072685
FabOnDisk: Cell_D_00000 2085059
FabOnDisk: Cell_D_00000 2103577
FabOnDisk: Cell_D_00000 2115952
FabOnDisk: Cell_D_00000 2140615
FabOnDisk: Cell_D_00000 2165278
FabOnDisk: Cell_D_00000 2189941
FabOnDisk: Cell_D_00000 2214604
FabOnDisk: Cell_D_00000 2239267
FabOnDisk: Cell_D_00000 2263930
FabOnDisk: Cell_D_00000 2288593
FabOnDisk: Cell_D_00000 2300968
FabOnDisk: Cell_D_00000 2325631
FabOnDisk: Cell_D_00000 2350294
FabOnDisk: Cell_D_00000 2374957
FabOnDisk: Cell_D_00000 2399620
FabOnDisk: Cell_D_00000 2424283
FabOnDisk: Cell_D_00000 2448946
FabOnDisk: Cell_D_00000 2473609
FabOnDisk: Cell_D_00000 2498272
FabOnDisk: Cell_D_00000 2522935
FabOnDisk: Cell_D_00000 2547598
FabOnDisk: Cell_D_00000 2572261
FabOnDisk: Cell_D_00000 2596924
FabOnDisk: Cell_D_00000 2621587
FabOnDisk: Cell_D_00000 2654442
FabOnDisk: Cell_D_00000 2666817
FabOnDisk: Cell_D_00000 2685336
FabOnDisk: Cell_D_00000 2703856
FabOnDisk: Cell_D_00000 2722376
FabOnDisk: Cell_D_00000 2740896
FabOnDisk: Cell_D_00000 2765560
FabOnDisk: Cell_D_00000 2790224
FabOnDisk: Cell_D_00000 2814888
FabOnDisk: Cell_D_00000 2839552
FabOnDisk: Cell_D_00000 2864216
FabOnDisk: Cell_D_00000 2882736
FabOnDisk: Cell_D_00000 2901256
FabOnDisk: Cell_D_00000 2919776
FabOnDisk: Cell_D_00000 2944440
FabOnDisk: Cell_D_00000 2969104
FabOnDisk: Cell_D_00000 2993768
FabOnDisk: Cell_D_00000 3018432
FabOnDisk: Cell_D_00000 3043096
FabOnDisk: Cell_D_00000 3067760
FabOnDisk: Cell_D_00000 3092424
FabOnDisk: Cell_D_00000 3117088
FabOnDisk: Cell_D_00000 3133560
FabOnDisk: Cell_D_00000 3158224
FabOnDisk: Cell_D_00000 3182888
FabOnDisk: Cell_D_00000 3207552
FabOnDisk: Cell_D_00000 3232216
FabOnDisk: Cell_D_00000 3265072
FabOnDisk: Cell_D_00000 3283592
FabOnDisk: Cell_D_00000 3308256
FabOnDisk: Cell_D_00000 3332920
FabOnDisk: Cell_D_00000 3357584
FabOnDisk: Cell_D_00000 3382248
FabOnDisk: Cell_D_00000 3406912
FabOnDisk: Cell_D_00000 3431576
FabOnDisk: Cell_D_00000 3450096
FabOnDisk: Cell_D_00000 3474760
FabOnDisk: Cell_D_00000 3499424
FabOnDisk: Cell_D_00000 3524088
FabOnDisk: Cell_D_00000 3548752
FabOnDisk: Cell_D_00000 3573416
FabOnDisk: Cell_D_00000 3598080
FabOnDisk: Cell_D_00000 3622744
FabOnDisk: Cell_D_00000 3647408
FabOnDisk: Cell_D_00000 3672072
FabOnDisk: Cell_D_00000 3688544
FabOnDisk: Cell_D_00000 3713208
FabOnDisk: Cell_D_00000 3725584
FabOnDisk: Cell_D_00000 3750248
FabOnDisk: Cell_D_00000 3774912
FabOnDisk: Cell_D_00000 3799576
FabOnDisk: Cell_D_00000 3824240
FabOnDisk: Cell_D_00000 3848904
FabOnDisk: Cell_D_00000 3873568
FabOnDisk: Cell_D_00000 3898232
FabOnDisk: Cell_D_00000 3922896
FabOnDisk: Cell_D_00000 3947560
FabOnDisk: Cell_D_00000 3980416
FabOnDisk: Cell_D_00000 3992792
FabOnDisk: Cell_D_00000 4017456
FabOnDisk: Cell_D_00000 4042120
FabOnDisk: Cell_D_00000 4066784
FabOnDisk: Cell_D_00000 4091448
FabOnDisk: Cell_D_00000 4116112
FabOnDisk: Cell_D_00000 4140776
FabOnDisk: Cell_D_00000 4165440
FabOnDisk: Cell_D_00000 4190104
FabOnDisk: Cell_D_00000 4214768
FabOnDisk: Cell_D_00000 4233288
FabOnDisk: Cell_D_00000 4251808
FabOnDisk: Cell_D_00000 4270328
FabOnDisk: Cell_D_00000 4294992
FabOnDisk: Cell_D_00000 4319656
FabOnDisk: Cell_D_00000 4344320
FabOnDisk: Cell_D_00000 4368984
FabOnDisk: Cell_D_00000 4385456
FabOnDisk: Cell_D_00000 4410120
FabOnDisk: Cell_D_00000 4434784
FabOnDisk: Cell_D_00000 4459448
FabOnDisk: Cell_D_00000 4484112
FabOnDisk: Cell_D_00000 4508776
FabOnDisk: Cell_D_00000 4533440
FabOnDisk: Cell_D_00000 4558104
FabOnDisk: Cell_D_00000 4582768
FabOnDisk: Cell_D_00000 4607432
FabOnDisk: Cell_D_00000 4632096
FabOnDisk: Cell_D_00000 4656760
FabOnDisk: Cell_D_00000 4681424
FabOnDisk: Cell_D_00000 4706088
FabOnDisk: Cell_D_00000 4738944
FabOnDisk: Cell_D_00000 4763608
FabOnDisk: Cell_D_00000 4788272
FabOnDisk: Cell_D_00000 4812936
FabOnDisk: Cell_D_00000 4831456
FabOnDisk: Cell_D_00000 4856120
FabOnDisk: Cell_D_00000 4880784
FabOnDisk: Cell_D_00000 4899304
FabOnDisk: Cell_D_00000 4923968
FabOnDisk: Cell_D_00000 4948632
FabOnDisk: Cell_D_00000 4973296
FabOnDisk: Cell_D_00000 4997960
FabOnDisk: Cell_D_00000 5022624
FabOnDisk: Cell_D_00000 5047288
FabOnDisk: Cell_D_00000 5071952
FabOnDisk: Cell_D_00000 5096616
FabOnDisk: Cell_D_00000 5113088
FabOnDisk: Cell_D_00000 5137752
FabOnDisk: Cell_D_00000 5162416
FabOnDisk: Cell_D_00000 5187080
FabOnDisk: Cell_D_00000 5211744
FabOnDisk: Cell_D_00000 5244600
FabOnDisk: Cell_D_00000 5269264
FabOnDisk: Cell_D_00000 5293928
FabOnDisk: Cell_D_00000 5318592
FabOnDisk: Cell_D_00000 5343256
FabOnDisk: Cell_D_00000 5376112
FabOnDisk: Cell_D_00000 5408968
FabOnDisk: Cell_D_00000 5433632
FabOnDisk: Cell_D_00000 5466488
FabOnDisk: Cell_D_00000 5499344
FabOnDisk: Cell_D_00000 5532200
FabOnDisk: Cell_D_00000 5565056
FabOnDisk: Cell_D_00000 5597912
FabOnDisk: Cell_D_00000 5630768
FabOnDisk: Cell_D_00000 5663624
FabOnDisk: Cell_D_00000 5696480
FabOnDisk: Cell_D_00000 5712952
FabOnDisk: Cell_D_00000 5737616
FabOnDisk: Cell_D_00000 5762280
FabOnDisk: Cell_D_00000 5786944
FabOnDisk: Cell_D_00000 5811608
FabOnDisk: Cell_D_00000 5836272
FabOnDisk: Cell_D_00000 5860936
FabOnDisk: Cell_D_00000 5885600
FabOnDisk: Cell_D_00000 5918456
FabOnDisk: Cell_D_00000 5943120
FabOnDisk: Cell_D_00000 5975976
FabOnDisk: Cell_D_00000 6008832
FabOnDisk: Cell_D_00000 6033496
FabOnDisk: Cell_D_00000 6066352
FabOnDisk: Cell_D_00000 6099208
FabOnDisk: Cell_D_00000 6132064
FabOnDisk: Cell_D_00000 6164920
FabOnDisk: Cell_D_00000 6197776
FabOnDisk: Cell_D_00000 6230632
FabOnDisk: Cell_D_00000 6263488
FabOnDisk: Cell_D_00000 6296344
FabOnDisk: Cell_D_00000 6329200
FabOnDisk: Cell_D_00000 6362056
FabOnDisk: Cell_D_00000 6394912
FabOnDisk: Cell_D_00000 6411384
FabOnDisk: Cell_D_00000 6436048
FabOnDisk: Cell_D_00000 6460712
FabOnDisk: Cell_D_00000 6485376
FabOnDisk: Cell_D_00000 6510040
FabOnDisk: Cell_D_00000 6542896
FabOnDisk: Cell_D_00000 6567560
FabOnDisk: Cell_D_00000 6600416
FabOnDisk: Cell_D_00000 6633272
FabOnDisk: Cell_D_00000 6651792
FabOnDisk: Cell_D_00000 6676456
FabOnDisk: Cell_D_00000 6701120
FabOnDisk: Cell_D_00000 6725784
FabOnDisk: Cell_D_00000 6750448
FabOnDisk: Cell_D_00000 6775112
FabOnDisk: Cell_D_00000 6791584
FabOnDisk: Cell_D_00000 6816248
FabOnDisk: Cell_D_00000 6840912
FabOnDisk: Cell_D_00000 6865576
FabOnDisk: Cell_D_00000 6890240
FabOnDisk: Cell_D_00000 6923096
FabOnDisk: Cell_D_00000 6947760
FabOnDisk: Cell_D_00000 6964232
FabOnDisk: Cell_D_00000 6976608
FabOnDisk: Cell_D_00000 7001272
FabOnDisk: Cell_D_00000 7013648
FabOnDisk: Cell_D_00000 7032168
FabOnDisk: Cell_D_00000 7040448
FabOnDisk: Cell_D_00000 7052824
FabOnDisk: Cell_D_00000 7065200
FabOnDisk: Cell_D_00000 7098056
FabOnDisk: Cell_D_00000 7116576
FabOnDisk: Cell_D_00000 7133048
FabOnDisk: Cell_D_00000 7157712
FabOnDisk: Cell_D_00000 7190568
FabOnDisk: Cell_D_00000 7207040
FabOnDisk: Cell_D_00000 7225560
FabOnDisk: Cell_D_00000 7244080

286,4
                        NaN ,
  -3.59686960669537032E-007 ,
   9.93444404656466884E-001 ,
  -9.38227640914487682E-002 ,
                        NaN ,
  -4.55455589693524865E-007 ,
   9.63537052909009040E-001 ,
  -9.01784839927292636E-002 ,
   0.00000000000000000E+000 ,
  -5.60038133177480701E-007 ,
   7.78867990392423826E-001 ,
  -8.37260548328464804E-002 ,
   0.00000000000000000E+000 ,
  -3.61547819101252818E-007 ,
   1.28323455111640811E-001 ,
  -7.24496996788678294E-002 ,
   0.00000000000000000E+000 ,
   5.56059846443322098E-002 ,
   1.27546583682092346E-001 ,
  -4.89508287835910688E-002 ,
   0.00000000000000000E+000 ,
   1.61288520813556546E-001 ,
   1.36877917329547377E-001 ,
  -4.37963691823893830E-002 ,
   0.00000000000000000E+000 ,
   2.92197359768075926E-001 ,
   1.39437680498784244E-001 ,
  -4.40611546428060497E-002 ,
   0.00000000000000000E+000 ,
   9.11858068477718192E-002 ,
   1.38656715080795467E-001 ,
  -4.47802765776237552E-002 ,
   0.00000000000000000E+000 ,
   3.43904725088405722E-002 ,
   1.63494900017770256E-001 ,
  -4.53718160167762424E-002 ,
   0.00000000000000000E+000 ,
   6.49304030369812855E-003 ,
   1.70176223248058450E-001 ,
  -4.56473014758714754E-002 ,
   0.00000000000000000E+000 ,
   1.84584221006958444E-003 ,
   1.67384606711216133E-001 ,
  -4.59179160588412336E-002 ,
   0.00000000000000000E+000 ,
   3.44680165434921304E-003 ,
   1.54947765309091878E-001 ,
  -4.59762722356258785E-002 ,
   0.00000000000000000E+000 ,
   6.77682105659112022E-001 ,
   1.51974096812819481E-001 ,
  -4.57851982541857064E-002 ,
   0.00000000000000000E+000 ,
   6.15834996429784787E-001 ,
   1.52588500580456227E-001 ,
  -4.57782472160534817E-002 ,
   0.00000000000000000E+000 ,
   2.34430223157339190E-003 ,
   1.55645364867482733E-001 ,
  -4.59491673318957530E-002 ,
   0.00000000000000000E+000 ,
   1.59767260862731636E-003 ,
   1.68023258178157886E-001 ,
  -4.58369672303205675E-002 ,
   0.00000000000000000E+000 ,
   4.52845564629762720E-003 ,
   1.69919349868405567E-001 ,
  -4.55137704919108405E-002 ,
   0.00000000000000000E+000 ,
   8.75877210497876951E-002 ,
   1.58846941081009219E-001 ,
  -4.51182467350730865E-002 ,
   0.00000000000000000E+000 ,
   5.26307596510997788E-001 ,
   1.51487756338191309E-001 ,
  -4.46003231384552029E-002 ,
   0.00000000000000000E+000 ,
   1.42232803914486616E-001 ,
   1.48210304870998094E-001 ,
  -4.38465593980398374E-002 ,
   0.00000000000000000E+000 ,
   1.35587979410538045E-001 ,
   1.27142813552124312E-001 ,
  -4.39030402317703017E-002 ,
   0.00000000000000000E+000 ,
   3.80062976389832126E-004 ,
   1.27713856794189007E-001 ,
  -5.50025185738861333E-002 ,
   0.00000000000000000E+000 ,
  -5.49978061476916990E-007 ,
   1.57430808115811866E-001 ,
  -7.67750051243523968E-002 ,
                        NaN ,
  -3.80073541942812014E-007 ,
   8.84332601395168894E-001 ,
  -8.83088747517500466E-002 ,
                        NaN ,
  -5.79011884313702675E-007 ,
   9.88548924723735012E-001 ,
  -9.37491707904263977E-002 ,
   0.00000000000000000E+000 ,
  -4.06558807292908833E-007 ,
   9.84695552967340682E-001 ,
  -9.36220692169679736E-002 ,
   0.00000000000000000E+000 ,
  -4.12287351276502015E-007 ,
   8.77468178161067480E-001 ,
  -8.85477995076634494E-002 ,
   0.00000000000000000E+000 ,
  -4.11166309133889704E-007 ,
   3.58874599176858766E-001 ,
  -7.92950130228675942E-002 ,
   0.00000000000000000E+000 ,
  -3.37087092529251592E-007 ,
   1.42471661807132888E-001 ,
  -6.54658054109085452E-002 ,
   0.00000000000000000E+000 ,
   2.23810302468947526E-006 ,
   1.54119634698997199E-001 ,
  -5.17790426515932836E-002 ,
   0.00000000000000000E+000 ,
   1.28950309505591800E-004 ,
   1.65938772112722371E-001 ,
  -4.45911126635930091E-002 ,
   0.00000000000000000E+000 ,
   3.44304314873704125E-004 ,
   1.65763808856712658E-001 ,
  -4.47742187169314076E-002 ,
   0.00000000000000000E+000 ,
   2.77226599319070654E-004 ,
   1.69939415142736694E-001 ,
  -4.53539629276851625E-002 ,
   0.00000000000000000E+000 ,
   2.88879275699129934E-003 ,
   1.68507222789954780E-001 ,
  -4.55992433208690720E-002 ,
   0.00000000000000000E+000 ,
   2.25131486146663796E-003 ,
   1.64938205503483842E-001 ,
  -4.58041494096387211E-002 ,
   0.00000000000000000E+000 ,
   1.46009648503700351E-001 ,
   1.57387234602323817E-001 ,
  -4.58995422338352929E-002 ,
   0.00000000000000000E+000 ,
   9.98409101174459246E-001 ,
   1.52933427989562859E-001 ,
  -4.57775798897842867E-002 ,
   0.00000000000000000E+000 ,
   9.60432436169961767E-001 ,
   1.52669967300902182E-001 ,
  -4.58367953474020998E-002 ,
   0.00000000000000000E+000 ,
   2.62607071905499078E-003 ,
   1.56728440011274756E-001 ,
  -4.58760967578109233E-002 ,
   0.00000000000000000E+000 ,
   2.19574333609811852E-003 ,
   1.65602563458874225E-001 ,
  -4.55855245289941979E-002 ,
   0.00000000000000000E+000 ,
   3.73324705474186358E-004 ,
   1.71013005428309106E-001 ,
  -4.52011604959882962E-002 ,
   0.00000000000000000E+000 ,
   4.01201801019664291E-004 ,
   1.69476644408169952E-001 ,
  -4.46952460118285808E-002 ,
   0.00000000000000000E+000 ,
   5.25668794261635285E-005 ,
   1.64991150662812586E-001 ,
  -4.44292734927040703E-002 ,
   0.00000000000000000E+000 ,
   1.89586621032345978E-003 ,
   1.64503327645281500E-001 ,
  -4.96954768522324675E-002 ,
   0.00000000000000000E+000 ,
  -2.70352994584200943E-007 ,
   1.49324923800494280E-001 ,
  -6.52632630920973456E-002 ,
   0.00000000000000000E+000 ,
  -3.93021910004815278E-007 ,
   3.37721497366256784E-001 ,
  -7.91675288077350187E-002 ,
                        NaN ,
  -3.77385299661063118E-007 ,
   8.79512092277570212E-001 ,
  -8.84368021279446637E-002 ,
   0.00000000000000000E+000 ,
  -5.05424473114413196E-007 ,
   9.84841638363166516E-001 ,
  -9.35234887146382948E-002 ,
   0.00000000000000000E+000 ,
   9.92901623957399782E-001 ,
   1.52657141204400965E-001 ,
  -4.56890865996015180E-002 ,
   0.00000000000000000E+000 ,
   2.45953512454913814E-001 ,
   1.52473198861931031E-001 ,
  -4.57095022522388192E-002 ,
   0.00000000000000000E+000 ,
  -4.37971526500913660E-007 ,
   9.92121244769999966E-001 ,
  -9.35455087450398348E-002 ,
   0.00000000000000000E+000 ,
  -4.32265930037788944E-007 ,
   9.52871232801625556E-001 ,
  -9.02508254695553319E-002 ,
   0.00000000000000000E+000 ,
  -4.06434509325593289E-007 ,
   8.02336149064745374E-001 ,
  -8.30929368766471638E-002 ,
   0.00000000000000000E+000 ,
  -4.19880817296125972E-007 ,
   5.07982190386658483E-001 ,
  -7.20938418826074928E-002 ,
   0.00000000000000000E+000 ,
  -3.05435035696569194E-007 ,
   1.89992027310631445E-001 ,
  -5.71953030150536348E-002 ,
   0.00000000000000000E+000 ,
   4.94419369465831215E-003 ,
   1.64252590321403324E-001 ,
  -4.40720431096599322E-002 ,
   0.00000000000000000E+000 ,
   5.50667215977992952E-001 ,
   1.66949365649712134E-001 ,
  -4.46946972695061034E-002 ,
   0.00000000000000000E+000 ,
   1.52521321286445966E-002 ,
   1.63173813386371380E-001 ,
  -4.50651393563314198E-002 ,
   0.00000000000000000E+000 ,
   7.32164373348531822E-002 ,
   1.60412716519347437E-001 ,
  -4.53803456859937296E-002 ,
   0.00000000000000000E+000 ,
   1.26100258394402000E-002 ,
   1.65530265300317947E-001 ,
  -4.56273368750361452E-002 ,
   0.00000000000000000E+000 ,
   1.45624837164178081E-002 ,
   1.55448426017474606E-001 ,
  -4.57015489719501053E-002 ,
   0.00000000000000000E+000 ,
   1.78326869161486885E-002 ,
   1.53890389939775468E-001 ,
  -4.59219445312736146E-002 ,
   0.00000000000000000E+000 ,
   2.39994473025524069E-002 ,
   1.54324643910078746E-001 ,
  -4.56902773013832739E-002 ,
   0.00000000000000000E+000 ,
   1.62129888508986547E-002 ,
   1.55276969731925479E-001 ,
  -4.55546877993808288E-002 ,
   0.00000000000000000E+000 ,
   5.77192801402515276E-001 ,
   1.60988397048422077E-001 ,
  -4.53645250824847510E-002 ,
   0.00000000000000000E+000 ,
   1.12796695437134848E-002 ,
   1.61148880026175112E-001 ,
  -4.49824430889441337E-002 ,
   0.00000000000000000E+000 ,
   3.74084386699266580E-001 ,
   1.65133729164646442E-001 ,
  -4.45982430480739364E-002 ,
   0.00000000000000000E+000 ,
   2.35236831867178964E-005 ,
   1.67521411771433620E-001 ,
  -4.40908627593719418E-002 ,
   0.00000000000000000E+000 ,
   3.79488467682190664E-007 ,
   1.88539583591790877E-001 ,
  -5.19600287560527604E-002 ,
   0.00000000000000000E+000 ,
  -3.72644095511702727E-007 ,
   3.04339148160714945E-001 ,
  -6.83742126341700812E-002 ,
   0.00000000000000000E+000 ,
  -3.64882988016493116E-007 ,
   7.39347254834375023E-001 ,
  -8.05821412981400365E-002 ,
   0.00000000000000000E+000 ,
  -3.37589640463647636E-007 ,
   9.30591536105240924E-001 ,
  -8.86871656510365008E-002 ,
   0.00000000000000000E+000 ,
  -3.64690405990278771E-007 ,
   9.87535949200090468E-001 ,
  -9.34246725085433327E-002 ,
   0.00000000000000000E+000 ,
   9.63629899434370385E-001 ,
   1.55243980545725857E-001 ,
  -4.57049987803060526E-002 ,
   0.00000000000000000E+000 ,
   9.34745195668030965E-002 ,
   1.55076717670492775E-001 ,
  -4.56771207764724504E-002 ,
                        NaN ,
  -3.77333752139298178E-007 ,
   9.95586764283548198E-001 ,
  -9.36158366784608509E-002 ,
   0.00000000000000000E+000 ,
  -3.43987033930720685E-007 ,
   9.76276657084310995E-001 ,
  -9.17230937119733469E-002 ,
   0.00000000000000000E+000 ,
  -4.21443495158435415E-007 ,
   9.00440473179095369E-001 ,
  -8.59424209289729180E-002 ,
   0.00000000000000000E+000 ,
  -3.89264172083852847E-007 ,
   6.55723584460809139E-001 ,
  -7.64446991965597594E-002 ,
   0.00000000000000000E+000 ,
  -4.56421325826504094E-007 ,
   1.66179181757131728E-001 ,
  -6.02727280041628344E-002 ,
   0.00000000000000000E+000 ,
   3.27169958876720179E-002 ,
   1.63893142711913714E-001 ,
  -4.42299569225008682E-002 ,
   0.00000000000000000E+000 ,
   1.11023656629542621E-002 ,
   1.66724118174576885E-001 ,
  -4.47369953443571278E-002 ,
   0.00000000000000000E+000 ,
   1.25452302367186491E-002 ,
   1.66896788893018011E-001 ,
  -4.50107095232379698E-002 ,
   0.00000000000000000E+000 ,
   2.36659172948525641E-002 ,
   1.56559330740236369E-001 ,
  -4.54809009583156468E-002 ,
   0.00000000000000000E+000 ,
   9.28264524152824094E-003 ,
   1.57925950242042173E-001 ,
  -4.56141782087965200E-002 ,
   0.00000000000000000E+000 ,
   1.23681237019700793E-002 ,
   1.65874227971705646E-001 ,
  -4.55453132591293955E-002 ,
   0.00000000000000000E+000 ,
   9.39628009444331419E-003 ,
   1.64748628097511673E-001 ,
  -4.49215841095718799E-002 ,
   0.00000000000000000E+000 ,
   9.38999523397383157E-003 ,
   1.73996392338934186E-001 ,
  -4.47041607233352734E-002 ,
   0.00000000000000000E+000 ,
   1.24415836382615816E-002 ,
   1.72966375453624421E-001 ,
  -4.41583893288288246E-002 ,
   0.00000000000000000E+000 ,
   2.81425062855281995E-003 ,
   1.55989010198857414E-001 ,
  -4.76598860167937247E-002 ,
  -1.00000000000000006E-001 ,
  -3.27468421791043113E-007 ,
   2.65653717727013017E-001 ,
  -6.93725828321037352E-002 ,
  -1.00000000000000006E-001 ,
  -3.84231268429052033E-007 ,
   8.09794910651342903E-001 ,
  -8.16598784311414333E-002 ,
  -1.00000000000000006E-001 ,
  -4.10121621692421508E-007 ,
   9.50594264632719343E-001 ,
  -8.91238501850863535E-002 ,
  -1.00000000000000006E-001 ,
  -3.92086984520968756E-007 ,
   9.89688888702928926E-001 ,
  -9.35177385427335972E-002 ,
   0.00000000000000000E+000 ,
   1.28326085355689300E-002 ,
   1.69893045927662023E-001 ,
  -4.53183917440214690E-002 ,
   0.00000000000000000E+000 ,
   1.23516046909898126E-002 ,
   1.70678301494522261E-001 ,
  -4.55794634159908188E-002 ,
   0.00000000000000000E+000 ,
   3.28630194231378028E-002 ,
   1.69139966901327848E-001 ,
  -4.56724089092380298E-002 ,
   0.00000000000000000E+000 ,
   9.27545759754560585E-003 ,
   1.64871958235101812E-001 ,
  -4.58643894679611058E-002 ,
   0.00000000000000000E+000 ,
   9.99299928026530559E-001 ,
   1.59605900004189311E-001 ,
  -4.56855475824694338E-002 ,
   0.00000000000000000E+000 ,
   9.98763958100500227E-001 ,
   1.57412852958071281E-001 ,
  -4.55455466847813698E-002 ,
   0.00000000000000000E+000 ,
  -3.70435946369790430E-007 ,
   9.94218689724701288E-001 ,
  -9.38251300612749917E-002 ,
   0.00000000000000000E+000 ,
  -3.74016313547994082E-007 ,
   9.80743071774249020E-001 ,
  -9.09543879765813135E-002 ,
   0.00000000000000000E+000 ,
  -3.65458488081825142E-007 ,
   9.39653519731223574E-001 ,
  -8.66692640207374076E-002 ,
  -6.18652343749999944E-002 ,
  -4.59602637596803053E-007 ,
   7.06686263189993280E-001 ,
  -8.01934784828802621E-002 ,
   0.00000000000000000E+000 ,
  -1.84958972828418829E-007 ,
   1.65278673887910510E-001 ,
  -6.59861764384944149E-002 ,
   0.00000000000000000E+000 ,
   5.37836830193830304E-003 ,
   1.70647614570537703E-001 ,
  -4.64455158363328152E-002 ,
   0.00000000000000000E+000 ,
   1.13321589501237368E-002 ,
   1.71041964479940856E-001 ,
  -4.46774041181213707E-002 ,
   0.00000000000000000E+000 ,
   1.63539870884391661E-002 ,
   1.74636464013146170E-001 ,
  -4.49979590321160014E-002 ,
   0.00000000000000000E+000 ,
   1.78815273390732637E-002 ,
   1.59582020179508455E-001 ,
  -4.54490066685571820E-002 ,
   0.00000000000000000E+000 ,
   8.49233545708834477E-004 ,
   1.71356446858660055E-001 ,
  -4.57408067781785235E-002 ,
   0.00000000000000000E+000 ,
   1.86022119158954583E-004 ,
   1.72196619322192490E-001 ,
  -4.55441759228027016E-002 ,
   0.00000000000000000E+000 ,
   7.95978591082317943E-001 ,
   1.68004833246582969E-001 ,
  -4.49960895219278026E-002 ,
   0.00000000000000000E+000 ,
   1.76553312766563775E-001 ,
   1.65719637546391935E-001 ,
  -4.46128923286742765E-002 ,
   0.00000000000000000E+000 ,
   1.11603892936691720E-002 ,
   1.68849973736630798E-001 ,
  -4.42903681684237369E-002 ,
   0.00000000000000000E+000 ,
   1.00453527829688088E-004 ,
   1.59019554283894499E-001 ,
  -5.09392750432939162E-002 ,
  -1.00000000000000006E-001 ,
  -3.91506130793570167E-007 ,
   1.70721182967643326E-001 ,
  -7.04512494380160198E-002 ,
  -1.00000000000000006E-001 ,
  -3.70064867410317946E-007 ,
   8.07543548710969006E-001 ,
  -8.26266504798350565E-002 ,
  -1.00000000000000006E-001 ,
  -3.91430604906493786E-007 ,
   9.59668774630923260E-001 ,
  -8.96662469918547977E-002 ,
  -1.00000000000000006E-001 ,
  -3.63218715036560208E-007 ,
   9.91599371302392840E-001 ,
  -9.37607006905414320E-002 ,
   0.00000000000000000E+000 ,
   6.83171102471632624E-002 ,
   1.58675631692649088E-001 ,
  -4.54517962011792981E-002 ,
   0.00000000000000000E+000 ,
   1.87471973859072265E-002 ,
   1.57710964248590074E-001 ,
  -4.53228169296392633E-002 ,
   0.00000000000000000E+000 ,
   1.63339938354924441E-002 ,
   1.61629093593377043E-001 ,
  -4.50475888948294531E-002 ,
   0.00000000000000000E+000 ,
   3.43914481261987204E-001 ,
   1.61736308758453934E-001 ,
  -4.52476958158099865E-002 ,
   0.00000000000000000E+000 ,
   1.16793127825941885E-003 ,
   1.70801972923713657E-001 ,
  -4.54709357212325430E-002 ,
   0.00000000000000000E+000 ,
   1.32828812506111831E-003 ,
   1.65182007001730635E-001 ,
  -4.55953423546454559E-002 ,
   0.00000000000000000E+000 ,
  -5.49824763386560058E-007 ,
   9.92543627653844629E-001 ,
  -9.33424835842310563E-002 ,
  -4.18073654174804660E-002 ,
  -4.27017179532910837E-007 ,
   9.62600305070459350E-001 ,
  -9.03239677295235993E-002 ,
  -6.18652343749999944E-002 ,
  -4.15439907678902307E-007 ,
   8.09313876769530149E-001 ,
  -8.37148805807588353E-002 ,
  -6.18652343749999944E-002 ,
  -3.50872946661404099E-007 ,
   2.48733651595937605E-001 ,
  -7.22174165745289309E-002 ,
   0.00000000000000000E+000 ,
   1.88805223729395996E-002 ,
   1.48887890883256213E-001 ,
  -5.09866034425724146E-002 ,
   0.00000000000000000E+000 ,
   1.12951574451237071E-002 ,
   1.50445716300598581E-001 ,
  -4.45954841511768049E-002 ,
   0.00000000000000000E+000 ,
   1.13831279827546466E-002 ,
   1.75649512238289812E-001 ,
  -4.48715374428198463E-002 ,
   0.00000000000000000E+000 ,
   1.76104622521015206E-002 ,
   1.63139717838066772E-001 ,
  -4.52445405406955367E-002 ,
   0.00000000000000000E+000 ,
   4.73571758850996360E-004 ,
   1.72247832583503346E-001 ,
  -4.51794295386243466E-002 ,
   0.00000000000000000E+000 ,
   3.78848898833531789E-004 ,
   1.72484084405799210E-001 ,
  -4.50109632096389670E-002 ,
   0.00000000000000000E+000 ,
   9.05681714087429833E-003 ,
   1.62804052341237626E-001 ,
  -4.45214318956209526E-002 ,
   0.00000000000000000E+000 ,
   3.20397044271102886E-003 ,
   1.51123740635135756E-001 ,
  -4.41261298228832477E-002 ,
   0.00000000000000000E+000 ,
   3.68318065800915084E-001 ,
   1.36743802408755027E-001 ,
  -4.43788347094908747E-002 ,
   0.00000000000000000E+000 ,
  -2.24707458166698038E-007 ,
   1.67790743190510988E-001 ,
  -6.86205527254695330E-002 ,
  -1.00000000000000006E-001 ,
  -4.38754459538066308E-007 ,
   7.27754349028534864E-001 ,
  -8.16101645668513287E-002 ,
  -1.00000000000000006E-001 ,
  -4.25928031181504927E-007 ,
   9.46097973867204955E-001 ,
  -8.90461979287667377E-002 ,
  -1.00000000000000006E-001 ,
  -4.11286918756901564E-007 ,
   9.89386426128447183E-001 ,
  -9.33429205053166872E-002 ,
   0.00000000000000000E+000 ,
   1.60898062231603946E-002 ,
   1.63878573372341046E-001 ,
  -4.51957583774986668E-002 ,
   0.00000000000000000E+000 ,
   4.31000924196240573E-002 ,
   1.64299340812347899E-001 ,
  -4.52386294006334178E-002 ,
   0.00000000000000000E+000 ,
  -3.91252647392530823E-007 ,
   9.95815169267289080E-001 ,
  -9.38297303891088424E-002 ,
  -4.18073654174804660E-002 ,
  -4.05884787602165284E-007 ,
   9.78421102769239770E-001 ,
  -9.21367315605125803E-002 ,
  -4.18073654174804660E-002 ,
  -3.44007938718985288E-007 ,
   8.91313039783415029E-001 ,
  -8.69671494938735190E-002 ,
  -6.18652343749999944E-002 ,
  -3.46892038800829298E-007 ,
   4.28586470385528662E-001 ,
  -7.81949819614237429E-002 ,
  -6.18652343749999944E-002 ,
  -1.90778334589477422E-007 ,
   1.61045170931919057E-001 ,
  -6.41074580183542270E-002 ,
   0.00000000000000000E+000 ,
   6.14670646095063101E-003 ,
   1.60995067616011595E-001 ,
  -4.72138589812905185E-002 ,
   0.00000000000000000E+000 ,
   1.93148935203091843E-002 ,
   1.69518848842250824E-001 ,
  -4.46184923711673079E-002 ,
   0.00000000000000000E+000 ,
   4.01794305999215399E-003 ,
   1.70931534467750196E-001 ,
  -4.47427597857269072E-002 ,
   0.00000000000000000E+000 ,
   5.11598742011719176E-001 ,
   1.70003692059797595E-001 ,
  -4.49390817183176333E-002 ,
   0.00000000000000000E+000 ,
   1.24552568221336819E-003 ,
   1.72766481369921038E-001 ,
  -4.51316208585972461E-002 ,
   0.00000000000000000E+000 ,
   2.48908337742554135E-003 ,
   1.70722906418795922E-001 ,
  -4.51502275655525573E-002 ,
   0.00000000000000000E+000 ,
   1.58325072414704747E-002 ,
   1.73921926593552906E-001 ,
  -4.51511485162633813E-002 ,
   0.00000000000000000E+000 ,
   3.51970567465694939E-001 ,
   1.65727154111009328E-001 ,
  -4.50290856846468496E-002 ,
   0.00000000000000000E+000 ,
   1.04827483599868421E-003 ,
   1.65463425086046723E-001 ,
  -4.47176678258518201E-002 ,
   0.00000000000000000E+000 ,
   2.66638919912968184E-003 ,
   1.77235277261303392E-001 ,
  -4.43500975636855685E-002 ,
   0.00000000000000000E+000 ,
   3.25789470131238837E-004 ,
   1.68748228646823373E-001 ,
  -4.79752812877320203E-002 ,
   0.00000000000000000E+000 ,
   2.51908974286698845E-005 ,
   1.38032067361862770E-001 ,
  -5.72354986094948184E-002 ,
   0.00000000000000000E+000 ,
  -3.32634505374333947E-007 ,
   1.76381191633195433E-001 ,
  -7.28557942834788391E-002 ,
  -1.00000000000000006E-001 ,
  -3.29929108687929703E-007 ,
   7.64921632174985433E-001 ,
  -8.35955619877692263E-002 ,
  -1.00000000000000006E-001 ,
  -4.55871244348155613E-007 ,
   9.54433379208772581E-001 ,
  -9.00623012925637900E-002 ,
  -1.00000000000000006E-001 ,
  -3.84644410208172156E-007 ,
   9.91130876574555675E-001 ,
  -9.38698305055555987E-002 ,
   0.00000000000000000E+000 ,
  -3.97969730153844407E-007 ,
   9.94967631460304314E-001 ,
  -9.44342112383592808E-002 ,
  -6.18652343749999944E-002 ,
  -3.81453979783631048E-007 ,
   9.83091016180913546E-001 ,
  -9.20399784333445492E-002 ,
  -6.18652343749999944E-002 ,
  -4.36098844394964882E-007 ,
   9.45103629579665649E-001 ,
  -8.85297065934029931E-002 ,
  -6.18652343749999944E-002 ,
  -3.97836826689056957E-007 ,
   7.64943371393473570E-001 ,
  -8.33982794474689010E-002 ,
  -8.74999999999999944E-002 ,
  -3.61663471194536272E-007 ,
   3.08498698106184244E-001 ,
  -7.32071712535555530E-002 ,
   0.00000000000000000E+000 ,
   6.19446251526519236E-005 ,
   1.44301479077623862E-001 ,
  -5.68544480912402186E-002 ,
   0.00000000000000000E+000 ,
   2.46145764739074974E-003 ,
   1.51892490096062566E-001 ,
  -4.45066074401494552E-002 ,
   0.00000000000000000E+000 ,
   1.29037863814677033E-002 ,
   1.73174025592299663E-001 ,
  -4.50072504866191811E-002 ,
   0.00000000000000000E+000 ,
   2.98353293309008005E-002 ,
   1.74834630476804920E-001 ,
  -4.49935244946639973E-002 ,
   0.00000000000000000E+000 ,
   1.10854628162102703E-002 ,
   1.69915629288507231E-001 ,
  -4.49267039830971368E-002 ,
   0.00000000000000000E+000 ,
   1.02031256285995950E-001 ,
   1.57662201639393151E-001 ,
  -4.45623945035126118E-002 ,
   0.00000000000000000E+000 ,
   2.24754586341112602E-005 ,
   1.72417549792603791E-001 ,
  -4.69056212804558129E-002 ,
   0.00000000000000000E+000 ,
   2.84341319117739294E-005 ,
   1.71034512020165119E-001 ,
  -5.38385707313875014E-002 ,
   0.00000000000000000E+000 ,
  -4.20421300141144388E-007 ,
   2.22702761777019698E-001 ,
  -6.56346779367286692E-002 ,
   0.00000000000000000E+000 ,
  -4.05336506102270050E-007 ,
   4.19880753719837796E-001 ,
  -7.56875326890835837E-002 ,
  -1.25000000000000007E-002 ,
  -3.90329891972382974E-007 ,
   7.87116684843633951E-001 ,
  -8.42662175240836975E-002 ,
  -1.00000000000000006E-001 ,
  -3.89219108606874947E-007 ,
   9.50626455006783555E-001 ,
  -9.01502627502552695E-002 ,
  -7.37903225806451624E-002 ,
  -3.66910209460319537E-007 ,
   9.89792714616950620E-001 ,
  -9.38135904723506331E-002 ,
   0.00000000000000000E+000 ,
   4.60488883236240699E-003 ,
   1.38303899390082613E-001 ,
  -4.43422222138329797E-002 ,
   0.00000000000000000E+000 ,
   5.63855707620897484E-002 ,
   1.46400031145147436E-001 ,
  -4.46429679340347857E-002 ,
   0.00000000000000000E+000 ,
   2.58422837399397733E-003 ,
   1.74250680641936162E-001 ,
  -4.48425012787401905E-002 ,
   0.00000000000000000E+000 ,
   5.87062606862459702E-001 ,
   1.58472496239525501E-001 ,
  -4.48926626187565875E-002 ,
  -6.18652343749999944E-002 ,
  -3.98753287967717784E-007 ,
   9.92056680925313739E-001 ,
  -9.44886628617290641E-002 ,
  -8.74999999999999944E-002 ,
  -4.34596357417534470E-007 ,
   9.64354891927590274E-001 ,
  -9.12554499517372192E-002 ,
  -8.74999999999999944E-002 ,
  -3.82293078283563403E-007 ,
   8.58486750094333950E-001 ,
  -8.60752373336492460E-002 ,
  -8.74999999999999944E-002 ,
  -3.95214187622048024E-007 ,
   5.99699201264084381E-001 ,
  -7.81190727040466937E-002 ,
  -8.74999999999999944E-002 ,
  -3.44303460628171158E-007 ,
   1.60172343866015310E-001 ,
  -6.98185446170679486E-002 ,
   0.00000000000000000E+000 ,
   6.52554721608805754E-007 ,
   1.60778951595654390E-001 ,
  -5.78059671504647724E-002 ,
   0.00000000000000000E+000 ,
   9.57914731513866829E-003 ,
   1.72958364810926635E-001 ,
  -4.47130818730463314E-002 ,
   0.00000000000000000E+000 ,
   6.45640401504029432E-002 ,
   1.44926100557478649E-001 ,
  -4.46073417588840684E-002 ,
   0.00000000000000000E+000 ,
   1.82724724506226925E-003 ,
   1.46669650280332076E-001 ,
  -4.82663410407084478E-002 ,
   0.00000000000000000E+000 ,
  -3.60772475833924476E-007 ,
   2.79546227614331400E-001 ,
  -6.39772461823249206E-002 ,
   0.00000000000000000E+000 ,
  -2.85446163482148739E-007 ,
   4.59379390889548600E-001 ,
  -7.34223966922181448E-002 ,
   0.00000000000000000E+000 ,
  -3.83478451337739653E-007 ,
   7.65610881974123303E-001 ,
  -8.10355954650944371E-002 ,
  -1.25000000000000007E-002 ,
  -3.52463270354052808E-007 ,
   9.02084833564622768E-001 ,
  -8.71855058284625034E-002 ,
  -1.25000000000000007E-002 ,
  -4.22074325636453449E-007 ,
   9.71093535932051943E-001 ,
  -9.16704030437466566E-002 ,
  -1.25000000000000007E-002 ,
  -4.15785678596449087E-007 ,
   9.93185980769470844E-001 ,
  -9.46147674945765904E-002 ,
   0.00000000000000000E+000 ,
   1.28715419987638132E-002 ,
   1.73178880722729495E-001 ,
  -4.47301139939891290E-002 ,
   0.00000000000000000E+000 ,
   3.03239192935384934E-002 ,
   1.59595633619575100E-001 ,
  -4.47411797477511031E-002 ,
   0.00000000000000000E+000 ,
   6.34476745343733751E-007 ,
   1.34406282749965633E-001 ,
  -6.02804478511090661E-002 ,
   0.00000000000000000E+000 ,
   4.84890295664757218E-005 ,
   1.41493767640128554E-001 ,
  -5.28102609928388783E-002 ,
   0.00000000000000000E+000 ,
   1.33027991343348246E-003 ,
   1.75156599300691412E-001 ,
  -4.98513095102918052E-002 ,
   0.00000000000000000E+000 ,
   1.44771958891185513E-002 ,
   1.59708510163328238E-001 ,
  -4.54996900794783915E-002 ,
  -7.62207031249999833E-002 ,
  -4.01803815418343147E-007 ,
   9.96606287824103321E-001 ,
  -9.57886383241166733E-002 ,
  -8.74999999999999944E-002 ,
  -4.12317663027270088E-007 ,
   9.85477154037583847E-001 ,
  -9.34632995360387131E-002 ,
  -8.74999999999999944E-002 ,
  -3.71147253865108603E-007 ,
   9.44109860531729628E-001 ,
  -8.98655981994240793E-002 ,
  -8.74999999999999944E-002 ,
  -4.06723802630492845E-007 ,
   8.56566950831618712E-001 ,
  -8.62499620341540957E-002 ,
  -8.74999999999999944E-002 ,
  -3.97940520624305801E-007 ,
   6.37790166858344665E-001 ,
  -8.17196171313857300E-002 ,
  -8.74999999999999944E-002 ,
  -4.47021147205663061E-007 ,
   1.99153665570665633E-001 ,
  -7.44192059769521602E-002 ,
   0.00000000000000000E+000 ,
   9.64803118279995535E-003 ,
   1.40379715674132183E-001 ,
  -4.80253752957425645E-002 ,
   0.00000000000000000E+000 ,
   7.51216272893575764E-004 ,
   1.44498816121855361E-001 ,
  -5.10960504808288946E-002 ,
   0.00000000000000000E+000 ,
  -2.31766849496334171E-007 ,
   1.52668010839560025E-001 ,
  -6.65307723907590104E-002 ,
   0.00000000000000000E+000 ,
  -3.59883042773447159E-007 ,
   3.69095016900698791E-001 ,
  -7.62792649398646577E-002 ,
   0.00000000000000000E+000 ,
  -4.14614529127570940E-007 ,
   7.88467279856669201E-001 ,
  -8.29288276922172662E-002 ,
   0.00000000000000000E+000 ,
  -4.23526594161256400E-007 ,
   9.11166444822773758E-001 ,
  -8.78628444469982811E-002 ,
   0.00000000000000000E+000 ,
  -3.93746019949791279E-007 ,
   9.65640180301735707E-001 ,
  -9.16176179471306917E-002 ,
   0.00000000000000000E+000 ,
  -4.14433570089173636E-007 ,
   9.89156364272006372E-001 ,
  -9.43801174509677487E-002 ,
   0.00000000000000000E+000 ,
  -3.83220574169683229E-007 ,
   9.97205191415474923E-001 ,
  -9.62781615873615493E-002 ,
   0.00000000000000000E+000 ,
   1.34243289334597875E-005 ,
   1.74483638403679531E-001 ,
  -5.47007405684237988E-002 ,
   0.00000000000000000E+000 ,
   9.15901781298914886E-004 ,
   1.40409630417912379E-001 ,
  -5.33120729334844931E-002 ,
  -8.33984374999999917E-002 ,
  -3.75419221838749325E-007 ,
   9.98664009470167424E-001 ,
  -9.68358243363333787E-002 ,
  -8.74999999999999944E-002 ,
  -4.18670406336524516E-007 ,
   9.94546424125505313E-001 ,
  -9.51623670204049393E-002 ,
  -8.74999999999999944E-002 ,
  -3.55170382576388271E-007 ,
   9.80236503313133056E-001 ,
  -9.26856715266688308E-002 ,
  -8.74999999999999944E-002 ,
  -3.52163267649799675E-007 ,
   4.92117801447124803E-001 ,
  -7.74748357693679363E-002 ,
  -8.74999999999999944E-002 ,
  -3.64074876123150024E-007 ,
   4.15657780803520394E-001 ,
  -7.35788818686494289E-002 ,
   0.00000000000000000E+000 ,
  -2.66928792262930549E-007 ,
   2.05863708519577998E-001 ,
  -6.99367795617303611E-002 ,
   0.00000000000000000E+000 ,
  -2.36066755005264790E-007 ,
   1.63574395507208314E-001 ,
  -6.60002835009309424E-002 ,
  -8.74999999999999944E-002 ,
  -3.68149362166537040E-007 ,
   9.67738433053482061E-001 ,
  -9.14654220054914729E-002 ,
  -8.74999999999999944E-002 ,
  -4.37064835193980273E-007 ,
   9.13587464290400941E-001 ,
  -8.89776953591617792E-002 ,
  -8.74999999999999944E-002 ,
  -3.80489998621375674E-007 ,
   7.89708638505333682E-001 ,
  -8.49718526998492762E-002 ,
   0.00000000000000000E+000 ,
  -2.35528892225847700E-007 ,
   1.49031710222209846E-001 ,
  -6.92884536450107807E-002 ,
   0.00000000000000000E+000 ,
  -4.22010953865229300E-007 ,
   2.92940336683448821E-001 ,
  -7.42688593052655832E-002 ,
   0.00000000000000000E+000 ,
  -4.09321954543807920E-007 ,
   4.20595486151834175E-001 ,
  -8.00960195297771987E-002 ,
   0.00000000000000000E+000 ,
  -4.19770716696426581E-007 ,
   8.09755429102756330E-001 ,
  -8.52646512396922074E-002 ,
   0.00000000000000000E+000 ,
  -4.09227340111747367E-007 ,
   9.34852185104057209E-001 ,
  -8.92337928014446252E-002 ,
   0.00000000000000000E+000 ,
  -4.14229641156178203E-007 ,
   9.75949000921902066E-001 ,
  -9.22085144299468057E-002 ,
   0.00000000000000000E+000 ,
  -4.00225870942689839E-007 ,
   9.91280426970517992E-001 ,
  -9.44756949512440547E-002 ,
   0.00000000000000000E+000 ,
  -3.74965823596961098E-007 ,
   9.97197194281987609E-001 ,
  -9.62293966920017008E-002 ,
   0.00000000000000000E+000 ,
  -4.08157579535122517E-007 ,
   9.99228798913288641E-001 ,
  -9.74745073491783409E-002 ,
  -8.33984374999999917E-002 ,
  -4.26136320797627919E-007 ,
   9.99510494786230885E-001 ,
  -9.78807972657442654E-002 ,
  -8.74999999999999944E-002 ,
  -3.74639725307303904E-007 ,
   9.98089730057218127E-001 ,
  -9.67944918378753905E-002 ,
  -8.74999999999999944E-002 ,
  -3.56897567189819754E-007 ,
   9.93432306080215377E-001 ,
  -9.52922964907684383E-002 ,
   0.00000000000000000E+000 ,
  -3.66991138650896253E-007 ,
   4.90709684768988852E-001 ,
  -7.61368592120382354E-002 ,
   0.00000000000000000E+000 ,
  -3.06784944170707036E-007 ,
   3.44781161899759769E-001 ,
  -7.59163125789790727E-002 ,
  -1.00000000000000006E-001 ,
  -3.70319672424428594E-007 ,
   9.05240113092894316E-001 ,
  -8.72155310951076707E-002 ,
  -1.00000000000000006E-001 ,
  -4.35347179165072456E-007 ,
   8.64246499361181475E-001 ,
  -8.51192825207598008E-002 ,
   0.00000000000000000E+000 ,
  -3.66985727885533973E-007 ,
   8.02683894392725139E-001 ,
  -8.31402862149059202E-002 ,
  -1.00000000000000006E-001 ,
  -4.02353539216453525E-007 ,
   7.02343269211387788E-001 ,
  -8.13510747525766353E-002 ,
  -8.74999999999999944E-002 ,
  -4.02298999082971553E-007 ,
   9.93082993950521797E-001 ,
  -9.47030773063351344E-002 ,
  -1.00000000000000006E-001 ,
  -5.18648297530165934E-007 ,
   9.81956615028742319E-001 ,
  -9.33368598631588164E-002 ,
  -1.00000000000000006E-001 ,
  -4.68122298355875715E-007 ,
   9.60178111455828542E-001 ,
  -9.12440110221224010E-002 ,
   0.00000000000000000E+000 ,
  -4.04996638847927540E-007 ,
   7.86070014101664438E-001 ,
  -8.08598882720389101E-002 ,
   0.00000000000000000E+000 ,
  -3.86049394339737098E-007 ,
   8.44504151904192257E-001 ,
  -8.36124569960164793E-002 ,
   0.00000000000000000E+000 ,
  -3.91965979266812368E-007 ,
   9.07598065910204532E-001 ,
  -8.68752738326809687E-002 ,
   0.00000000000000000E+000 ,
  -3.81690252944715102E-007 ,
   9.57635645908399225E-001 ,
  -8.99218042990972688E-002 ,
   0.00000000000000000E+000 ,
  -3.80517336835788208E-007 ,
   9.83714423472166866E-001 ,
  -9.24380246668237704E-002 ,
   0.00000000000000000E+000 ,
  -3.92593625402786048E-007 ,
   9.94021241810388201E-001 ,
  -9.44379929836968723E-002 ,
   0.00000000000000000E+000 ,
  -3.09977076724487511E-007 ,
   9.19694556741573188E-001 ,
  -8.72461067136905827E-002 ,
   0.00000000000000000E+000 ,
  -3.83180207432155287E-007 ,
   9.17779436671182558E-001 ,
  -8.73236997270409598E-002 ,
  -1.00000000000000006E-001 ,
  -3.17075490621642327E-007 ,
   9.82727356836621380E-001 ,
  -9.26295850451333697E-002 ,
  -1.00000000000000006E-001 ,
  -3.68311790937054579E-007 ,
   9.74945286240898157E-001 ,
  -9.15618071807957068E-002 ,
  -1.00000000000000006E-001 ,
  -4.06526575317252053E-007 ,
   9.65696949135552485E-001 ,
  -9.05622607071985414E-002 ,
  -1.00000000000000006E-001 ,
  -4.26758061834263395E-007 ,
   9.53944821842586999E-001 ,
  -8.97235110353392928E-002 ,
   0.00000000000000000E+000 ,
  -3.90590692674586490E-007 ,
   9.51478193328586186E-001 ,
  -8.82919091590982086E-002 ,
   0.00000000000000000E+000 ,
  -3.86124786295866613E-007 ,
   9.64681525764586434E-001 ,
  -8.83658239901589787E-002 ,
   0.00000000000000000E+000 ,
  -2.94035566689634546E-007 ,
   9.79329412041327951E-001 ,
  -9.00201372246314802E-002 ,
   0.00000000000000000E+000 ,
  -3.09770007543746738E-007 ,
   9.87959964154891179E-001 ,
  -9.35186812345407126E-002 ,
   0.00000000000000000E+000 ,
  -4.27898147404731839E-007 ,
   9.93650561721510450E-001 ,
  -9.35125741660952498E-002 ,
   0.00000000000000000E+000 ,
  -3.66137089288628909E-007 ,
   9.96005303492054295E-001 ,
  -9.46920774230196050E-002 ,
  -1.00000000000000006E-001 ,
  -3.71863184860912752E-007 ,
   9.97270928419740632E-001 ,
  -9.44395422126065032E-002 ,
  -1.00000000000000006E-001 ,
  -3.21176769410692713E-007 ,
   9.94991066544243630E-001 ,
  -9.36537080755097118E-002 ,
  -8.74999999999999944E-002 ,
  -4.02168922512820230E-007 ,
   9.92881653891696359E-001 ,
  -9.33319919625532068E-002 ,
   0.00000000000000000E+000 ,
  -4.27010520366032203E-007 ,
   9.86238445111514483E-001 ,
  -9.33041811973157609E-002 ,
   0.00000000000000000E+000 ,
  -5.48459015037893610E-007 ,
   9.91680054952970402E-001 ,
  -9.32863800129983683E-002 ,
   0.00000000000000000E+000 ,
  -3.76414635777721722E-007 ,
   9.88365279752941972E-001 ,
  -9.28831662632010335E-002 ,
   0.00000000000000000E+000 ,
  -3.60675342684395754E-007 ,
   9.88315099201937608E-001 ,
  -9.29423243948800520E-002 ,
  -1.00000000000000006E-001 ,
  -4.66400018175709474E-007 ,
   9.88808051108251207E-001 ,
  -9.33885969313115599E-002 ,
  -1.00000000000000006E-001 ,
  -3.90913962529652743E-007 ,
   9.96703180352520368E-001 ,
  -9.43548206445525561E-002 ,
  -1.00000000000000006E-001 ,
  -4.15044493131071237E-007 ,
   9.95412553690077750E-001 ,
  -9.41800763263289376E-002 ,
  -1.00000000000000006E-001 ,
  -3.79208586345277812E-007 ,
   9.94125088854606376E-001 ,
  -9.35975960350881320E-002 ,
  -1.00000000000000006E-001 ,
  -3.97857560154200105E-007 ,
   9.93147891704695640E-001 ,
  -9.31449572078185267E-002 ,

286,4
                        NaN ,
   4.04269357690709738E-007 ,
   9.98888431070625971E-001 ,
  -8.98813463070317481E-002 ,
                        NaN ,
   4.53660428748309263E-007 ,
   9.94342034729145618E-001 ,
  -8.27362019024559803E-002 ,
   0.00000000000000000E+000 ,
   3.37926094533862607E-007 ,
   9.71605326557990034E-001 ,
  -6.81573201137329610E-002 ,
   0.00000000000000000E+000 ,
   9.68761890395494429E-001 ,
   8.65969281269690416E-001 ,
  -4.31443691635434029E-002 ,
   0.00000000000000000E+000 ,
   9.99964707959450139E-001 ,
   3.13912076662733630E-001 ,
  -4.27933214367732934E-002 ,
   0.00000000000000000E+000 ,
   9.99999252303517827E-001 ,
   1.67757134252502826E-001 ,
  -4.33410373088875811E-002 ,
   0.00000000000000000E+000 ,
   9.99999828642288979E-001 ,
   1.71461721752830559E-001 ,
  -4.35304341042286810E-002 ,
   0.00000000000000000E+000 ,
   1.00000027600841657E+000 ,
   1.74771732898815507E-001 ,
  -4.36512528070288619E-002 ,
   0.00000000000000000E+000 ,
   1.00000026276798182E+000 ,
   1.76490405402050382E-001 ,
  -4.44762445829602476E-002 ,
   0.00000000000000000E+000 ,
   1.00000025524550851E+000 ,
   1.75408153333115546E-001 ,
  -4.52575879327552846E-002 ,
   0.00000000000000000E+000 ,
   9.99999531492568927E-001 ,
   1.71114518194028370E-001 ,
  -4.56067848014175131E-002 ,
   0.00000000000000000E+000 ,
   9.99685126921870060E-001 ,
   1.69252183315495214E-001 ,
  -4.55729013378764480E-002 ,
   0.00000000000000000E+000 ,
   1.00000032753828871E+000 ,
   1.60254050094237044E-001 ,
  -4.56199109634977673E-002 ,
   0.00000000000000000E+000 ,
   1.00000023288223416E+000 ,
   1.59610164169134872E-001 ,
  -4.55817445691818965E-002 ,
   0.00000000000000000E+000 ,
   9.99697761350427427E-001 ,
   1.69608506250586294E-001 ,
  -4.55736679665995625E-002 ,
   0.00000000000000000E+000 ,
   9.99999401719582570E-001 ,
   1.71891308794962033E-001 ,
  -4.55072853767798519E-002 ,
   0.00000000000000000E+000 ,
   1.00000016239838319E+000 ,
   1.76241066429611182E-001 ,
  -4.50339172817529193E-002 ,
   0.00000000000000000E+000 ,
   1.00000033173053571E+000 ,
   1.76141405330931339E-001 ,
  -4.44300657500600465E-002 ,
   0.00000000000000000E+000 ,
   1.00000023422079076E+000 ,
   1.73911328863107034E-001 ,
  -4.35465234088901545E-002 ,
   0.00000000000000000E+000 ,
   9.99999925244557719E-001 ,
   1.70603493447446464E-001 ,
  -4.34284736964159895E-002 ,
   0.00000000000000000E+000 ,
   9.99999787783045102E-001 ,
   1.80966203679456511E-001 ,
  -4.26286434472266315E-002 ,
   0.00000000000000000E+000 ,
   9.99908427600087690E-001 ,
   5.02909473994998191E-001 ,
  -4.24402312061014919E-002 ,
   0.00000000000000000E+000 ,
   7.76370284803906352E-001 ,
   9.20334278129437910E-001 ,
  -4.36015713935251972E-002 ,
                        NaN ,
   4.41694846444433618E-007 ,
   9.90361247677848389E-001 ,
  -7.43791721259687150E-002 ,
                        NaN ,
   4.15239720909882469E-007 ,
   9.98887755434788027E-001 ,
  -8.79072410866766074E-002 ,
   0.00000000000000000E+000 ,
   4.14557561985495327E-007 ,
   9.98813456929171894E-001 ,
  -8.66357334662077733E-002 ,
   0.00000000000000000E+000 ,
   3.84417785050733365E-007 ,
   9.91438472182421870E-001 ,
  -7.32662861978054525E-002 ,
   0.00000000000000000E+000 ,
   1.78955542305323963E-002 ,
   9.48869529200816242E-001 ,
  -5.03617521855671893E-002 ,
   0.00000000000000000E+000 ,
   9.64543884637896087E-001 ,
   7.87802065622970615E-001 ,
  -4.27430371099291398E-002 ,
   0.00000000000000000E+000 ,
   9.99351072341102209E-001 ,
   4.86533654579783370E-001 ,
  -4.34130643269677527E-002 ,
   0.00000000000000000E+000 ,
   9.98473771195756532E-001 ,
   2.12448274896870459E-001 ,
  -4.36457666988848067E-002 ,
   0.00000000000000000E+000 ,
   9.98617384459007273E-001 ,
   1.88034519859644311E-001 ,
  -4.41118961357734041E-002 ,
   0.00000000000000000E+000 ,
   9.99951804000543509E-001 ,
   1.77136960406670235E-001 ,
  -4.47164256109867028E-002 ,
   0.00000000000000000E+000 ,
   9.99998594116501383E-001 ,
   1.75036466513641742E-001 ,
  -4.50882281802949467E-002 ,
   0.00000000000000000E+000 ,
   9.99998975554110214E-001 ,
   1.71150955034427232E-001 ,
  -4.53998708872265441E-002 ,
   0.00000000000000000E+000 ,
   9.99999798580012866E-001 ,
   1.68486713913654107E-001 ,
  -4.54474563901503398E-002 ,
   0.00000000000000000E+000 ,
   1.00000039774409899E+000 ,
   1.60246179455903887E-001 ,
  -4.55492186435786026E-002 ,
   0.00000000000000000E+000 ,
   1.00000032306219011E+000 ,
   1.63884921548146462E-001 ,
  -4.55241064296285358E-002 ,
   0.00000000000000000E+000 ,
   9.99999938396201826E-001 ,
   1.70610369471916379E-001 ,
  -4.53102948887485896E-002 ,
   0.00000000000000000E+000 ,
   9.99999564933758966E-001 ,
   1.74942277850077127E-001 ,
  -4.49222982180577657E-002 ,
   0.00000000000000000E+000 ,
   9.99944899973189916E-001 ,
   1.78174575231722671E-001 ,
  -4.44700391675604476E-002 ,
   0.00000000000000000E+000 ,
   9.98791306428913894E-001 ,
   1.94031310946470942E-001 ,
  -4.39026820229132253E-002 ,
   0.00000000000000000E+000 ,
   9.99656031397543998E-001 ,
   2.23502206728076608E-001 ,
  -4.32686470025408984E-002 ,
   0.00000000000000000E+000 ,
   9.99659811618657024E-001 ,
   4.17498576448972036E-001 ,
  -4.28856713610158979E-002 ,
   0.00000000000000000E+000 ,
   9.25642063775894197E-001 ,
   7.89772080222852835E-001 ,
  -4.24855707064110411E-002 ,
   0.00000000000000000E+000 ,
   4.61328850573658744E-002 ,
   9.49498002988042211E-001 ,
  -4.96510410890334056E-002 ,
                        NaN ,
   4.03852781086735892E-007 ,
   9.91527142159376873E-001 ,
  -7.31858990632304751E-002 ,
   0.00000000000000000E+000 ,
   3.94558125424862550E-007 ,
   9.98818971762471031E-001 ,
  -8.65335838061289248E-002 ,
   0.00000000000000000E+000 ,
   1.00000039568710108E+000 ,
   1.55437881236346442E-001 ,
  -4.55837059535106129E-002 ,
   0.00000000000000000E+000 ,
   1.00000026825036215E+000 ,
   1.56045112743411041E-001 ,
  -4.56201994050827800E-002 ,
   0.00000000000000000E+000 ,
   3.84148973154513039E-007 ,
   9.98804982832077526E-001 ,
  -8.88339990648461114E-002 ,
   0.00000000000000000E+000 ,
   3.53461408445931628E-007 ,
   9.95217860663315190E-001 ,
  -7.98363269883924087E-002 ,
   0.00000000000000000E+000 ,
   3.98118253251689100E-007 ,
   9.74413227083774980E-001 ,
  -6.62844763361358780E-002 ,
   0.00000000000000000E+000 ,
   6.96198089854931480E-007 ,
   8.93798803493508931E-001 ,
  -5.24686100586842438E-002 ,
   0.00000000000000000E+000 ,
   9.58846863883866196E-001 ,
   6.39644311763763351E-001 ,
  -4.32926196835676583E-002 ,
   0.00000000000000000E+000 ,
   9.99294864468234234E-001 ,
   2.12125788504378687E-001 ,
  -4.33059512776723041E-002 ,
   0.00000000000000000E+000 ,
   9.99997358889048171E-001 ,
   1.80937259648368404E-001 ,
  -4.37176869165259788E-002 ,
   0.00000000000000000E+000 ,
   9.99992834802506225E-001 ,
   1.76335457505973348E-001 ,
  -4.46749577120872932E-002 ,
   0.00000000000000000E+000 ,
   9.99999683218387725E-001 ,
   1.71789738226830246E-001 ,
  -4.46477875261372600E-002 ,
   0.00000000000000000E+000 ,
   9.99999596268812851E-001 ,
   1.72431505359730425E-001 ,
  -4.53115193470491340E-002 ,
   0.00000000000000000E+000 ,
   9.99667147204889472E-001 ,
   1.71474404179820406E-001 ,
  -4.52566996821895523E-002 ,
   0.00000000000000000E+000 ,
   9.99955192186013697E-001 ,
   1.70319879551688397E-001 ,
  -4.54408160952680662E-002 ,
   0.00000000000000000E+000 ,
   9.99971988914731491E-001 ,
   1.59217709996149731E-001 ,
  -4.54209994427166031E-002 ,
   0.00000000000000000E+000 ,
   9.99997965502482655E-001 ,
   1.68294235360713029E-001 ,
  -4.52187479290421385E-002 ,
   0.00000000000000000E+000 ,
   9.99999999999785949E-001 ,
   1.68590499217823125E-001 ,
  -4.46281263218544499E-002 ,
   0.00000000000000000E+000 ,
   9.99983815157740041E-001 ,
   1.77326077411809169E-001 ,
  -4.45296928940460274E-002 ,
   0.00000000000000000E+000 ,
   9.99991796545605993E-001 ,
   1.81317761368662816E-001 ,
  -4.32357721644850840E-002 ,
   0.00000000000000000E+000 ,
   9.83829203393786211E-001 ,
   2.22602415826785333E-001 ,
  -4.30344836972251163E-002 ,
   0.00000000000000000E+000 ,
   8.23081127385298039E-001 ,
   5.07626097239699203E-001 ,
  -4.28959664786367351E-002 ,
   0.00000000000000000E+000 ,
   7.30908213327846612E-002 ,
   8.53280707354209689E-001 ,
  -4.63898950475290020E-002 ,
   0.00000000000000000E+000 ,
   3.70027729346694827E-007 ,
   9.63209837159675675E-001 ,
  -6.22962397664926851E-002 ,
   0.00000000000000000E+000 ,
   3.89922570696459439E-007 ,
   9.92715950085213850E-001 ,
  -7.66899359218967958E-002 ,
   0.00000000000000000E+000 ,
   4.03464937172090787E-007 ,
   9.98821555909963799E-001 ,
  -8.69184726900510130E-002 ,
   0.00000000000000000E+000 ,
   9.99999919538156812E-001 ,
   1.64301696277020848E-001 ,
  -4.55578981059504839E-002 ,
   0.00000000000000000E+000 ,
   9.99999958879595585E-001 ,
   1.59284881679627871E-001 ,
  -4.54242468431562685E-002 ,
                        NaN ,
   3.40717012942044484E-007 ,
   9.98897803164722764E-001 ,
  -9.04826823828010218E-002 ,
   0.00000000000000000E+000 ,
   4.10687465887520218E-007 ,
   9.97327186475305827E-001 ,
  -8.35023560733396120E-002 ,
   0.00000000000000000E+000 ,
   4.20367481220343464E-007 ,
   9.86004186437664076E-001 ,
  -7.27015583418191419E-002 ,
   0.00000000000000000E+000 ,
   3.40553745129691009E-007 ,
   9.35517476533705539E-001 ,
  -5.78678327683518692E-002 ,
   0.00000000000000000E+000 ,
   9.93812541201750776E-001 ,
   6.87354092941885653E-001 ,
  -4.32276997851446590E-002 ,
   0.00000000000000000E+000 ,
   9.98868407949286774E-001 ,
   2.00560493265309059E-001 ,
  -4.33784175526843868E-002 ,
   0.00000000000000000E+000 ,
   9.99943844530788328E-001 ,
   1.80273359016066337E-001 ,
  -4.37118980193393486E-002 ,
   0.00000000000000000E+000 ,
   9.99482415682594438E-001 ,
   1.77185723836819964E-001 ,
  -4.46770847215311601E-002 ,
   0.00000000000000000E+000 ,
   9.99485437020860124E-001 ,
   1.66848981819305658E-001 ,
  -4.52370776093330013E-002 ,
   0.00000000000000000E+000 ,
   9.99528131895902283E-001 ,
   1.81640238592165104E-001 ,
  -4.52943453547772629E-002 ,
   0.00000000000000000E+000 ,
   9.99997481025720503E-001 ,
   1.80518735172254197E-001 ,
  -4.48987604561272916E-002 ,
   0.00000000000000000E+000 ,
   9.99999289613370701E-001 ,
   1.76762747900701983E-001 ,
  -4.45626192564410675E-002 ,
   0.00000000000000000E+000 ,
   9.99370835394980395E-001 ,
   1.81107933405577570E-001 ,
  -4.38903341221699786E-002 ,
   0.00000000000000000E+000 ,
   9.99946150086094443E-001 ,
   1.85186308822371998E-001 ,
  -4.32603503823962149E-002 ,
   0.00000000000000000E+000 ,
   9.99949150399660813E-001 ,
   3.63817982385921335E-001 ,
  -4.22596279383455065E-002 ,
   0.00000000000000000E+000 ,
   2.43900859388340663E-001 ,
   8.62535345768641881E-001 ,
  -4.58228401297798432E-002 ,
   0.00000000000000000E+000 ,
   3.70008964762951603E-007 ,
   9.70525619186976773E-001 ,
  -6.53496693977870940E-002 ,
  -5.78125000000000028E-002 ,
   4.58061276653317607E-007 ,
   9.93981116381978502E-001 ,
  -7.84496992170120866E-002 ,
   0.00000000000000000E+000 ,
   3.85953376908960270E-007 ,
   9.98929006310343315E-001 ,
  -8.73328192595530101E-002 ,
   0.00000000000000000E+000 ,
   9.98818094762080722E-001 ,
   1.75566491535020353E-001 ,
  -4.49335203610378778E-002 ,
   0.00000000000000000E+000 ,
   9.99999171235625539E-001 ,
   1.73315172976646337E-001 ,
  -4.50689754506654466E-002 ,
   0.00000000000000000E+000 ,
   9.99996555848342017E-001 ,
   1.72183137503941958E-001 ,
  -4.52677688697733088E-002 ,
   0.00000000000000000E+000 ,
   9.99998986155781866E-001 ,
   1.73373578927024402E-001 ,
  -4.53782898477421981E-002 ,
   0.00000000000000000E+000 ,
   1.00000026390556274E+000 ,
   1.64777281232811434E-001 ,
  -4.53420404798833207E-002 ,
   0.00000000000000000E+000 ,
   1.00000024293430334E+000 ,
   1.61139869440685118E-001 ,
  -4.52295536242997703E-002 ,
   0.00000000000000000E+000 ,
   3.17848120634984774E-007 ,
   9.99026025724791933E-001 ,
  -8.94575891387282690E-002 ,
   0.00000000000000000E+000 ,
   4.15441014020394057E-007 ,
   9.96480243127697785E-001 ,
  -8.43793034716009416E-002 ,
   0.00000000000000000E+000 ,
   3.37012086650736683E-007 ,
   9.87956753972322077E-001 ,
  -7.69734687414594110E-002 ,
   0.00000000000000000E+000 ,
   4.13121011746292087E-007 ,
   9.59834420368493757E-001 ,
  -6.11257049417105805E-002 ,
   0.00000000000000000E+000 ,
   9.93282077006287345E-001 ,
   7.94801590167790395E-001 ,
  -4.32266479323466513E-002 ,
   0.00000000000000000E+000 ,
   9.97725914966016147E-001 ,
   2.67636242869669971E-001 ,
  -4.35624668106689150E-002 ,
   0.00000000000000000E+000 ,
   9.99979484955249243E-001 ,
   1.80310718083855265E-001 ,
  -4.41906543659780632E-002 ,
   0.00000000000000000E+000 ,
   9.99937351385729478E-001 ,
   1.76999804956542911E-001 ,
  -4.45941313464226774E-002 ,
   0.00000000000000000E+000 ,
   9.99820166912192332E-001 ,
   1.72449471903373369E-001 ,
  -4.49607714053228830E-002 ,
   0.00000000000000000E+000 ,
   9.98705320128848162E-001 ,
   1.85586058239297746E-001 ,
  -4.51143387798033507E-002 ,
   0.00000000000000000E+000 ,
   9.99063547285354181E-001 ,
   1.82611289234055008E-001 ,
  -4.48362904151939703E-002 ,
   0.00000000000000000E+000 ,
   1.00000013034164148E+000 ,
   1.76040700508249603E-001 ,
  -4.42323463420260382E-002 ,
   0.00000000000000000E+000 ,
   9.99998854552822669E-001 ,
   1.79800248898306897E-001 ,
  -4.39555944929095610E-002 ,
   0.00000000000000000E+000 ,
   9.99991241804622955E-001 ,
   1.84756037797603634E-001 ,
  -4.35926102286877046E-002 ,
   0.00000000000000000E+000 ,
   9.93806582060709487E-001 ,
   4.27447800549976720E-001 ,
  -4.25106576464390484E-002 ,
   0.00000000000000000E+000 ,
   7.52358223766982803E-001 ,
   8.68555074100794022E-001 ,
  -4.25442079803120612E-002 ,
   0.00000000000000000E+000 ,
   3.20981745907409545E-007 ,
   9.74292476510026262E-001 ,
  -6.58606658062946548E-002 ,
   0.00000000000000000E+000 ,
   3.68711386959131745E-007 ,
   9.94951045620679819E-001 ,
  -7.96265747432069321E-002 ,
   0.00000000000000000E+000 ,
   3.77946638801043928E-007 ,
   9.99070583246433275E-001 ,
  -8.78884636684885423E-002 ,
   0.00000000000000000E+000 ,
   1.00000000477969753E+000 ,
   1.66950703969314079E-001 ,
  -4.48263882708041586E-002 ,
   0.00000000000000000E+000 ,
   9.99999805843238443E-001 ,
   1.73490403581505664E-001 ,
  -4.48614289729264704E-002 ,
   0.00000000000000000E+000 ,
   9.99858273425803135E-001 ,
   1.76397249433722314E-001 ,
  -4.43962007887681170E-002 ,
   0.00000000000000000E+000 ,
   9.99999869369606165E-001 ,
   1.72442442932300238E-001 ,
  -4.44039375114521490E-002 ,
   0.00000000000000000E+000 ,
   9.99992661499139346E-001 ,
   1.74761476012671835E-001 ,
  -4.49608301703249003E-002 ,
   0.00000000000000000E+000 ,
   9.99999079258550916E-001 ,
   1.74273660936984681E-001 ,
  -4.51123023714496141E-002 ,
   0.00000000000000000E+000 ,
   3.60526702196305511E-007 ,
   9.98720485257789004E-001 ,
  -8.85612160605327020E-002 ,
   0.00000000000000000E+000 ,
   3.41322353560854396E-007 ,
   9.95480176177944598E-001 ,
  -8.06665070395897882E-002 ,
   0.00000000000000000E+000 ,
   4.21232674434337511E-007 ,
   9.76728981639724103E-001 ,
  -6.68224504955160503E-002 ,
   0.00000000000000000E+000 ,
   3.25554574781524497E-001 ,
   8.82754514285425618E-001 ,
  -4.61968340289407517E-002 ,
   0.00000000000000000E+000 ,
   9.99460909457616786E-001 ,
   3.73839815673246978E-001 ,
  -4.34077653932422591E-002 ,
   0.00000000000000000E+000 ,
   9.99989971840304359E-001 ,
   1.78900082951192890E-001 ,
  -4.36120118391691500E-002 ,
   0.00000000000000000E+000 ,
   9.99413930838559672E-001 ,
   1.78679835042807628E-001 ,
  -4.44870413292644470E-002 ,
   0.00000000000000000E+000 ,
   9.99966928383058673E-001 ,
   1.74541605240262548E-001 ,
  -4.49662976335649667E-002 ,
   0.00000000000000000E+000 ,
   9.99998759398221693E-001 ,
   1.77153199864472283E-001 ,
  -4.46880236253418966E-002 ,
   0.00000000000000000E+000 ,
   9.99955404906101575E-001 ,
   1.79524113034224414E-001 ,
  -4.42525154226626957E-002 ,
   0.00000000000000000E+000 ,
   9.99997244169959387E-001 ,
   1.83122863182186985E-001 ,
  -4.37388677480276891E-002 ,
   0.00000000000000000E+000 ,
   9.99996481620331279E-001 ,
   1.86332474601407727E-001 ,
  -4.29781725679825935E-002 ,
   0.00000000000000000E+000 ,
   9.99986094352381616E-001 ,
   2.10736176294884281E-001 ,
  -4.23773166283666902E-002 ,
   0.00000000000000000E+000 ,
   8.23606968313351895E-001 ,
   8.32309513513955213E-001 ,
  -4.29710353958563385E-002 ,
   0.00000000000000000E+000 ,
   4.36840707131375455E-007 ,
   9.67271015053407401E-001 ,
  -6.22901732109989101E-002 ,
   0.00000000000000000E+000 ,
   4.31739840177322670E-007 ,
   9.93650200119462257E-001 ,
  -7.79242657231054431E-002 ,
  -3.12500000000000017E-003 ,
   4.79142406128661109E-007 ,
   9.98803456714155602E-001 ,
  -8.69307361527061756E-002 ,
   0.00000000000000000E+000 ,
   9.92364469575604091E-001 ,
   1.75096602315059302E-001 ,
  -4.49732031682154032E-002 ,
   0.00000000000000000E+000 ,
   9.98791858043290626E-001 ,
   1.75493513027096842E-001 ,
  -4.49339814113331182E-002 ,
   0.00000000000000000E+000 ,
   4.86537499620902674E-007 ,
   9.98967373675099579E-001 ,
  -9.05537347364007428E-002 ,
   0.00000000000000000E+000 ,
   3.76822651152601340E-007 ,
   9.97609967674198406E-001 ,
  -8.41175553809523080E-002 ,
   0.00000000000000000E+000 ,
   4.37561978485617419E-007 ,
   9.87739378517180966E-001 ,
  -7.29274540367348817E-002 ,
   0.00000000000000000E+000 ,
   6.68436204742132827E-003 ,
   9.40582111356539907E-001 ,
  -5.25723775477061131E-002 ,
   0.00000000000000000E+000 ,
   9.75350585531862269E-001 ,
   7.46386234693101724E-001 ,
  -4.38336937374834770E-002 ,
   0.00000000000000000E+000 ,
   9.99174212057516442E-001 ,
   2.84895633603121867E-001 ,
  -4.38635618312009437E-002 ,
   0.00000000000000000E+000 ,
   9.99963258218385165E-001 ,
   1.79988193361694915E-001 ,
  -4.40094058260339996E-002 ,
   0.00000000000000000E+000 ,
   9.99849857916422224E-001 ,
   1.82033921877685662E-001 ,
  -4.42934919267216620E-002 ,
   0.00000000000000000E+000 ,
   9.99997225027383085E-001 ,
   1.75908919709697908E-001 ,
  -4.43700048618562506E-002 ,
   0.00000000000000000E+000 ,
   9.99317182675279136E-001 ,
   1.76929710577692911E-001 ,
  -4.46697170318740497E-002 ,
   0.00000000000000000E+000 ,
   9.99997187694814160E-001 ,
   1.76096114345108190E-001 ,
  -4.48236069441988808E-002 ,
   0.00000000000000000E+000 ,
   9.26194284041661153E-001 ,
   1.75941267680075952E-001 ,
  -4.48728738958474593E-002 ,
   0.00000000000000000E+000 ,
   9.99999854330466564E-001 ,
   1.75848194635455618E-001 ,
  -4.42528907682660233E-002 ,
   0.00000000000000000E+000 ,
   9.99991661263746168E-001 ,
   1.89079121427583347E-001 ,
  -4.40106302786933620E-002 ,
   0.00000000000000000E+000 ,
   9.99800267340701931E-001 ,
   1.94715018577760912E-001 ,
  -4.33792903737776347E-002 ,
   0.00000000000000000E+000 ,
   9.98868486485930407E-001 ,
   3.44336478211369090E-001 ,
  -4.33186277121871965E-002 ,
   0.00000000000000000E+000 ,
   9.96978063332644937E-001 ,
   5.81284649751665050E-001 ,
  -4.23615524566896967E-002 ,
   0.00000000000000000E+000 ,
   6.48183422915217244E-001 ,
   8.85436313226788063E-001 ,
  -4.30020868632799147E-002 ,
   0.00000000000000000E+000 ,
   3.66485272402723082E-007 ,
   9.75480177191326847E-001 ,
  -6.49196430731096286E-002 ,
   0.00000000000000000E+000 ,
   4.53572280229020467E-007 ,
   9.95062095519724132E-001 ,
  -7.95582655538167038E-002 ,
   0.00000000000000000E+000 ,
   3.74774974560052260E-007 ,
   9.99050185278936742E-001 ,
  -8.78578142591803501E-002 ,
   0.00000000000000000E+000 ,
   3.54707418389202463E-007 ,
   9.99229358032674986E-001 ,
  -9.01562126924422835E-002 ,
   0.00000000000000000E+000 ,
   3.70546197615017932E-007 ,
   9.97368354789372358E-001 ,
  -8.55894644952670119E-002 ,
   0.00000000000000000E+000 ,
   3.71370868827133756E-007 ,
   9.91377818617641959E-001 ,
  -7.87673999222623933E-002 ,
   0.00000000000000000E+000 ,
   3.58609591318500751E-007 ,
   9.73153142605304611E-001 ,
  -6.50420581691232430E-002 ,
   0.00000000000000000E+000 ,
   6.78523554768823214E-003 ,
   8.90489135582808400E-001 ,
  -4.79223785492772641E-002 ,
   0.00000000000000000E+000 ,
   9.99811085593083182E-001 ,
   5.64754593242718816E-001 ,
  -4.28269023886127601E-002 ,
   0.00000000000000000E+000 ,
   9.99965234678389381E-001 ,
   2.09942765917227964E-001 ,
  -4.30887103451278591E-002 ,
   0.00000000000000000E+000 ,
   9.92129091110628525E-001 ,
   1.76747166054517596E-001 ,
  -4.46234634082308332E-002 ,
   0.00000000000000000E+000 ,
   9.99820752884265973E-001 ,
   1.76736956590916844E-001 ,
  -4.46461003422153890E-002 ,
   0.00000000000000000E+000 ,
   9.99908645786616979E-001 ,
   1.77327233546957702E-001 ,
  -4.43848934717927593E-002 ,
   0.00000000000000000E+000 ,
   9.99998376574255499E-001 ,
   1.76897950020771993E-001 ,
  -4.34872756299318833E-002 ,
   0.00000000000000000E+000 ,
   9.94295374169646196E-001 ,
   3.27882960841713755E-001 ,
  -4.36751729088135643E-002 ,
   0.00000000000000000E+000 ,
   9.98468721356204347E-001 ,
   5.21741309250789209E-001 ,
  -4.29052553039186851E-002 ,
   0.00000000000000000E+000 ,
   3.23877388049494397E-001 ,
   7.93575535288969403E-001 ,
  -4.43373812516664190E-002 ,
   0.00000000000000000E+000 ,
   5.02065152187558105E-003 ,
   9.19404079527853524E-001 ,
  -5.13899602028875455E-002 ,
   0.00000000000000000E+000 ,
   3.42856664632106870E-007 ,
   9.77793828775312845E-001 ,
  -6.64305522827964984E-002 ,
   0.00000000000000000E+000 ,
   4.21452189228931994E-007 ,
   9.94943538499141633E-001 ,
  -7.94428673399867336E-002 ,
   0.00000000000000000E+000 ,
   4.33146222978946938E-007 ,
   9.98956085753728962E-001 ,
  -8.75712079472128480E-002 ,
   0.00000000000000000E+000 ,
   9.99995153132776982E-001 ,
   1.86580903362515954E-001 ,
  -4.29095555802896933E-002 ,
   0.00000000000000000E+000 ,
   9.99998332585508964E-001 ,
   1.83250746891232330E-001 ,
  -4.32371769844342863E-002 ,
   0.00000000000000000E+000 ,
   9.98038758867299203E-001 ,
   1.83747688134851900E-001 ,
  -4.42566035086817550E-002 ,
   0.00000000000000000E+000 ,
   9.99998539284197241E-001 ,
   1.75981544157450515E-001 ,
  -4.38127055724086417E-002 ,
   1.00000000000000000E+000 ,
   4.31454351893012883E-007 ,
   9.99218668967358337E-001 ,
  -8.88275189230619266E-002 ,
   0.00000000000000000E+000 ,
   3.73250453554287759E-007 ,
   9.96307952525165685E-001 ,
  -8.17560490169808723E-002 ,
   0.00000000000000000E+000 ,
   3.84550217361745463E-007 ,
   9.84223169465359815E-001 ,
  -7.07186782615311649E-002 ,
   0.00000000000000000E+000 ,
   1.52149841721660047E-005 ,
   9.39329173619147251E-001 ,
  -5.80966193168148681E-002 ,
   0.00000000000000000E+000 ,
   8.31569733887821072E-001 ,
   8.44139244529324317E-001 ,
  -4.29523510363027106E-002 ,
   0.00000000000000000E+000 ,
   8.64893420531848700E-001 ,
   6.13896414848027261E-001 ,
  -4.30823236061456463E-002 ,
   0.00000000000000000E+000 ,
   9.99673629041808010E-001 ,
   1.80310738139338483E-001 ,
  -4.44251509007677001E-002 ,
   0.00000000000000000E+000 ,
   9.99995112939120356E-001 ,
   1.80123002222128709E-001 ,
  -4.31708335387327100E-002 ,
   0.00000000000000000E+000 ,
   9.99506758181434085E-001 ,
   3.23346933561219463E-001 ,
  -4.29628504577320089E-002 ,
   0.00000000000000000E+000 ,
   1.16321529639434221E-001 ,
   7.74988721156322335E-001 ,
  -4.56861439465492403E-002 ,
   0.00000000000000000E+000 ,
   1.31467614595235554E-003 ,
   9.04894245908760331E-001 ,
  -5.17146906633810660E-002 ,
   0.00000000000000000E+000 ,
   3.88285650690487747E-007 ,
   9.62954534323716804E-001 ,
  -6.38718176219747469E-002 ,
   0.00000000000000000E+000 ,
   3.35714587752325501E-007 ,
   9.88241416036242049E-001 ,
  -7.38876091464009954E-002 ,
   0.00000000000000000E+000 ,
   3.68757702229167361E-007 ,
   9.96962141352327968E-001 ,
  -8.28243415790518578E-002 ,
   0.00000000000000000E+000 ,
   3.94907742289396213E-007 ,
   9.99318918528175670E-001 ,
  -8.91951772823763034E-002 ,
   0.00000000000000000E+000 ,
   9.87354838579658223E-001 ,
   1.82041730646244598E-001 ,
  -4.43621073478189659E-002 ,
   0.00000000000000000E+000 ,
   9.99971408156665853E-001 ,
   1.80763714199817516E-001 ,
  -4.39825095860762738E-002 ,
   0.00000000000000000E+000 ,
   9.92290606066546177E-001 ,
   6.59930272228294923E-001 ,
  -4.25124405857107007E-002 ,
   0.00000000000000000E+000 ,
   9.99246827479426503E-001 ,
   4.58011167733787861E-001 ,
  -4.26734681046201519E-002 ,
   0.00000000000000000E+000 ,
   9.98138821552319477E-001 ,
   3.85696445092624907E-001 ,
  -4.38148992972664728E-002 ,
   0.00000000000000000E+000 ,
   9.98578260968770448E-001 ,
   2.31359738820428651E-001 ,
  -4.38194830588592085E-002 ,
   1.00000000000000000E+000 ,
   3.81440354369176577E-007 ,
   9.99679161521665915E-001 ,
  -9.14849693906274464E-002 ,
   1.00000000000000000E+000 ,
   3.90784086922656586E-007 ,
   9.98544013173458311E-001 ,
  -8.64535213551846371E-002 ,
   0.00000000000000000E+000 ,
   3.76078926211902271E-007 ,
   9.94065642301189212E-001 ,
  -7.87250223930717197E-002 ,
   0.00000000000000000E+000 ,
   4.81204862748769187E-007 ,
   9.85042526356924908E-001 ,
  -7.06646032497366960E-002 ,
   0.00000000000000000E+000 ,
   4.71418461364993324E-007 ,
   9.65038719858255067E-001 ,
  -5.87731616648629954E-002 ,
   1.00000000000000000E+000 ,
   5.77407867565202348E-001 ,
   9.06801368623675996E-001 ,
  -4.36660769391361628E-002 ,
   0.00000000000000000E+000 ,
   9.99902988626552913E-001 ,
   3.09191444058187270E-001 ,
  -4.30607209710572106E-002 ,
   0.00000000000000000E+000 ,
   9.99623488518636472E-001 ,
   3.66893589022750599E-001 ,
  -4.30019790196147986E-002 ,
   0.00000000000000000E+000 ,
   8.08080007423042312E-001 ,
   7.94740133705103435E-001 ,
  -4.30640824431777758E-002 ,
   0.00000000000000000E+000 ,
   2.11458222636849158E-002 ,
   9.29993063832019740E-001 ,
  -4.96279309810214939E-002 ,
   0.00000000000000000E+000 ,
   3.51912712065941697E-007 ,
   9.74145394647340845E-001 ,
  -6.47429179346837996E-002 ,
   0.00000000000000000E+000 ,
   3.94498558572842932E-007 ,
   9.90588606843152086E-001 ,
  -7.40393160956825946E-002 ,
   0.00000000000000000E+000 ,
   4.29056763422240858E-007 ,
   9.96960752277387563E-001 ,
  -8.15097772329710785E-002 ,
   1.00000000000000000E+000 ,
   4.39255065855869588E-007 ,
   9.99160925345659368E-001 ,
  -8.75162491943447807E-002 ,
   1.00000000000000000E+000 ,
   4.02094722256156527E-007 ,
   9.99799305971522001E-001 ,
  -9.18811823321481064E-002 ,
   0.00000000000000000E+000 ,
   9.66205375647680831E-001 ,
   5.08372002123231637E-001 ,
  -4.41892498436958422E-002 ,
   0.00000000000000000E+000 ,
   9.99809420558639861E-001 ,
   4.55234572898225109E-001 ,
  -4.31475914441650787E-002 ,
   1.00000000000000000E+000 ,
   4.24986787661610593E-007 ,
   9.99877555334477419E-001 ,
  -9.36329168731275668E-002 ,
   1.00000000000000000E+000 ,
   4.09068168462411559E-007 ,
   9.99465666527537766E-001 ,
  -9.01371465565256880E-002 ,
   0.00000000000000000E+000 ,
   3.34056949454553943E-007 ,
   9.97918938740702366E-001 ,
  -8.49563823029119147E-002 ,
   1.00000000000000000E+000 ,
   6.14100948047620028E-004 ,
   9.34656694463799731E-001 ,
  -5.39020363376967251E-002 ,
   1.00000000000000000E+000 ,
   9.01070862083694162E-004 ,
   8.98599423755870874E-001 ,
  -5.07342626525064885E-002 ,
   0.00000000000000000E+000 ,
   6.24741574108401476E-001 ,
   8.55031397625165779E-001 ,
  -4.43252479077435660E-002 ,
   0.00000000000000000E+000 ,
   9.94005408171704463E-001 ,
   7.88571150163935530E-001 ,
  -4.38037442781199007E-002 ,
   1.00000000000000000E+000 ,
   4.03758901483939351E-007 ,
   9.96665193464752686E-001 ,
  -8.22017359047959861E-002 ,
   1.00000000000000000E+000 ,
   4.64672957151479690E-007 ,
   9.92495510826534311E-001 ,
  -7.50701209094575550E-002 ,
   1.00000000000000000E+000 ,
   4.28346409835704455E-007 ,
   9.80483802559954376E-001 ,
  -6.63735885226899303E-002 ,
   0.00000000000000000E+000 ,
   7.51185406615259343E-001 ,
   8.33138458255916703E-001 ,
  -4.31406638718120489E-002 ,
   0.00000000000000000E+000 ,
   1.49927617863626989E-001 ,
   9.00408133111253006E-001 ,
  -4.84228236105568519E-002 ,
   0.00000000000000000E+000 ,
   8.63507056537676614E-003 ,
   9.54161558393876841E-001 ,
  -5.26970247301857195E-002 ,
   0.00000000000000000E+000 ,
   4.11640442287314331E-007 ,
   9.82401272482797183E-001 ,
  -6.73884026348364751E-002 ,
   0.00000000000000000E+000 ,
   4.44108647396081804E-007 ,
   9.93541249457647546E-001 ,
  -7.68490594298186502E-002 ,
   0.00000000000000000E+000 ,
   3.41865350310216390E-007 ,
   9.97718957638256798E-001 ,
  -8.33387450318171241E-002 ,
   0.00000000000000000E+000 ,
   3.69562167240880402E-007 ,
   9.99263132126975595E-001 ,
  -8.81603868622715392E-002 ,
   1.00000000000000000E+000 ,
   3.78556420699296485E-007 ,
   9.99789931051604075E-001 ,
  -9.18255755151886621E-002 ,
   1.00000000000000000E+000 ,
   3.71700531690616025E-007 ,
   9.99947773844662047E-001 ,
  -9.45192681989556749E-002 ,
   1.00000000000000000E+000 ,
   3.64248009515298767E-007 ,
   9.99969425628185582E-001 ,
  -9.52860817399309029E-002 ,
   1.00000000000000000E+000 ,
   3.90281741064779108E-007 ,
   9.99873093357393050E-001 ,
  -9.28763835360171819E-002 ,
   1.00000000000000000E+000 ,
   4.71610605730613930E-007 ,
   9.99530643157058862E-001 ,
  -8.94554779153761970E-002 ,
   0.00000000000000000E+000 ,
   2.25136723214039837E-004 ,
   9.21317672462022119E-001 ,
  -5.43931799710430305E-002 ,
   0.00000000000000000E+000 ,
   5.80533785363043786E-002 ,
   9.15281510301226064E-001 ,
  -5.07170873053358340E-002 ,
   1.00000000000000000E+000 ,
   3.87220889392551640E-007 ,
   9.88127680676115894E-001 ,
  -7.41936994894542706E-002 ,
   1.00000000000000000E+000 ,
   3.94641907967007780E-007 ,
   9.81452454376276040E-001 ,
  -7.06162393180358727E-002 ,
   1.00000000000000000E+000 ,
   6.26632515157685094E-007 ,
   9.73159127991574224E-001 ,
  -6.67868620343597813E-002 ,
   1.00000000000000000E+000 ,
   4.14386499956561136E-007 ,
   9.63284815647799442E-001 ,
  -6.21363171878124357E-002 ,
   1.00000000000000000E+000 ,
   4.88634544206366893E-007 ,
   9.99319128569976733E-001 ,
  -8.92633954015792652E-002 ,
   1.00000000000000000E+000 ,
   4.04029848677598224E-007 ,
   9.98521780983692819E-001 ,
  -8.53577851621808575E-002 ,
   1.00000000000000000E+000 ,
   3.80428718783222336E-007 ,
   9.96344114773449308E-001 ,
  -8.09231585532219772E-002 ,
   0.00000000000000000E+000 ,
   3.92470231772400567E-007 ,
   9.57960937575281890E-001 ,
  -6.69156598967181881E-002 ,
   0.00000000000000000E+000 ,
   4.67336414462491387E-007 ,
   9.74027823157223249E-001 ,
  -7.00292255787238749E-002 ,
   0.00000000000000000E+000 ,
   3.23953159378010327E-007 ,
   9.86973462276641844E-001 ,
  -7.49240841029602117E-002 ,
   0.00000000000000000E+000 ,
   4.04290562721855510E-007 ,
   9.94530642893278083E-001 ,
  -8.06100070154536219E-002 ,
   0.00000000000000000E+000 ,
   3.48956447335077709E-007 ,
   9.97917691320269751E-001 ,
  -8.56332234044278606E-002 ,
   0.00000000000000000E+000 ,
   3.53917114898198338E-007 ,
   9.99260325925101278E-001 ,
  -8.94967643103440902E-002 ,
   0.00000000000000000E+000 ,
   3.73357813474925984E-007 ,
   9.88185805258832151E-001 ,
  -7.61592102871447990E-002 ,
   0.00000000000000000E+000 ,
   3.35628039900302984E-007 ,
   9.88048137313824792E-001 ,
  -7.59802538703522184E-002 ,
   1.00000000000000000E+000 ,
   3.33699241347962753E-007 ,
   9.97982065511774818E-001 ,
  -8.54649755456704796E-002 ,
   1.00000000000000000E+000 ,
   3.73381200216723158E-007 ,
   9.96877850554310219E-001 ,
  -8.35248518863397349E-002 ,
   1.00000000000000000E+000 ,
   4.31429323232495799E-007 ,
   9.95549938765269982E-001 ,
  -8.17655950109649615E-002 ,
   1.00000000000000000E+000 ,
   3.88876630153386579E-007 ,
   9.94151138848653027E-001 ,
  -8.00471112805564988E-002 ,
   0.00000000000000000E+000 ,
   4.07429807216570950E-007 ,
   9.90829134239260445E-001 ,
  -8.00015878549115989E-002 ,
   0.00000000000000000E+000 ,
   4.31517456891081279E-007 ,
   9.91020430218365278E-001 ,
  -8.19114518672505454E-002 ,
   0.00000000000000000E+000 ,
   2.58723548425509366E-007 ,
   9.94578079871667242E-001 ,
  -8.48037918390095180E-002 ,
   0.00000000000000000E+000 ,
   3.23655331614890153E-007 ,
   9.98754960931982794E-001 ,
  -8.72014840741147101E-002 ,
   0.00000000000000000E+000 ,
   4.27717300803532320E-007 ,
   9.98748530106522647E-001 ,
  -8.94625523905556580E-002 ,
   0.00000000000000000E+000 ,
   3.89405241394283076E-007 ,
   9.99378732384103130E-001 ,
  -9.08348611566320574E-002 ,
   1.00000000000000000E+000 ,
   3.38510218185678915E-007 ,
   9.99198198973209273E-001 ,
  -9.20005474729564815E-002 ,
   1.00000000000000000E+000 ,
   3.06922390679954308E-007 ,
   9.98753150193098072E-001 ,
  -9.03155814688790526E-002 ,
   1.00000000000000000E+000 ,
   4.67184353120904576E-007 ,
   9.98562022976299479E-001 ,
  -8.91459913680123922E-002 ,
   0.00000000000000000E+000 ,
   4.15858871856827454E-007 ,
   9.98621967460017190E-001 ,
  -8.66974440963044768E-002 ,
   0.00000000000000000E+000 ,
   4.19267134278058471E-007 ,
   9.98607287407251465E-001 ,
  -8.86397326119270218E-002 ,
   0.00000000000000000E+000 ,
   4.39216833114402001E-007 ,
   9.98297422781288857E-001 ,
  -8.73600205951348963E-002 ,
   0.00000000000000000E+000 ,
   3.13307879051171775E-007 ,
   9.98328837992536688E-001 ,
  -8.73264047971121227E-002 ,
   0.00000000000000000E+000 ,
   4.28971239939681521E-007 ,
   9.98683017882614710E-001 ,
  -8.75859549567808010E-002 ,
   1.00000000000000000E+000 ,
   4.20515367892702778E-007 ,
   9.99190564067125586E-001 ,
  -9.14151823252717516E-002 ,
   1.00000000000000000E+000 ,
   4.08520212090576975E-007 ,
   9.99121010731370274E-001 ,
  -9.04536497669611583E-002 ,
   1.00000000000000000E+000 ,
   3.13511495281722711E-007 ,
   9.98799965556887326E-001 ,
  -8.96877752248737836E-002 ,
   1.00000000000000000E+000 ,
   3.88003736229760314E-007 ,
   9.98500891345263653E-001 ,
  -8.92334118541921739E-002 ,
