1
0
4
0
(32 0
((0,136) (31,151) (0,0))
((0,152) (31,183) (0,0))
((0,184) (31,215) (0,0))
((0,216) (31,247) (0,0))
((0,248) (31,279) (0,0))
((0,280) (31,311) (0,0))
((0,312) (31,343) (0,0))
((0,344) (31,375) (0,0))
((32,136) (63,151) (0,0))
((32,152) (63,183) (0,0))
((32,184) (63,215) (0,0))
((32,216) (63,247) (0,0))
((32,248) (63,279) (0,0))
((32,280) (63,311) (0,0))
((32,312) (63,343) (0,0))
((32,344) (63,375) (0,0))
((64,136) (95,151) (0,0))
((64,152) (95,183) (0,0))
((64,184) (95,215) (0,0))
((64,216) (95,247) (0,0))
((64,248) (95,279) (0,0))
((64,280) (95,311) (0,0))
((64,312) (95,343) (0,0))
((64,344) (95,375) (0,0))
((96,136) (127,151) (0,0))
((96,152) (127,183) (0,0))
((96,184) (127,215) (0,0))
((96,216) (127,247) (0,0))
((96,248) (127,279) (0,0))
((96,280) (127,311) (0,0))
((96,312) (127,343) (0,0))
((96,344) (127,375) (0,0))
)
32
FabOnDisk: Cell_D_00000 0
FabOnDisk: Cell_D_00000 16469
FabOnDisk: Cell_D_00000 49322
FabOnDisk: Cell_D_00000 82175
FabOnDisk: Cell_D_00000 115028
FabOnDisk: Cell_D_00000 147881
FabOnDisk: Cell_D_00000 180734
FabOnDisk: Cell_D_00000 213587
FabOnDisk: Cell_D_00000 246440
FabOnDisk: Cell_D_00000 262910
FabOnDisk: Cell_D_00000 295764
FabOnDisk: Cell_D_00000 328618
FabOnDisk: Cell_D_00000 361472
FabOnDisk: Cell_D_00000 394326
FabOnDisk: Cell_D_00000 427180
FabOnDisk: Cell_D_00000 460034
FabOnDisk: Cell_D_00000 492888
FabOnDisk: Cell_D_00000 509358
FabOnDisk: Cell_D_00000 542212
FabOnDisk: Cell_D_00000 575066
FabOnDisk: Cell_D_00000 607920
FabOnDisk: Cell_D_00000 640774
FabOnDisk: Cell_D_00000 673628
FabOnDisk: Cell_D_00000 706482
FabOnDisk: Cell_D_00000 739336
FabOnDisk: Cell_D_00000 755807
FabOnDisk: Cell_D_00000 788662
FabOnDisk: Cell_D_00000 821517
FabOnDisk: Cell_D_00000 854372
FabOnDisk: Cell_D_00000 887227
FabOnDisk: Cell_D_00000 920082
FabOnDisk: Cell_D_00000 952937

32,4
   0.00000000000000000E+000 ,
  -2.59742580881968143E-007 ,
   9.93574654972362636E-001 ,
  -9.64874846492540517E-002 ,
   0.00000000000000000E+000 ,
  -2.15619918307460560E-007 ,
   1.76167299697039426E-001 ,
  -9.24254905895935119E-002 ,
   0.00000000000000000E+000 ,
  -2.66038645143600169E-008 ,
   1.24746150037592374E-001 ,
  -6.57144169520916394E-002 ,
   0.00000000000000000E+000 ,
   3.15732422193139165E-003 ,
   1.27728548201616027E-001 ,
  -4.73196541953159050E-002 ,
   0.00000000000000000E+000 ,
   2.07144962323881549E-001 ,
   1.25137710123820300E-001 ,
  -4.69292596345947527E-002 ,
   0.00000000000000000E+000 ,
   3.07395785746990887E-003 ,
   1.30145732205569881E-001 ,
  -4.72853163266971355E-002 ,
   0.00000000000000000E+000 ,
  -1.50971136402241414E-007 ,
   1.24689244421847201E-001 ,
  -8.35110913994463605E-002 ,
   0.00000000000000000E+000 ,
  -2.08142409556139453E-007 ,
   9.16981639223224954E-001 ,
  -9.63937043387855519E-002 ,
   0.00000000000000000E+000 ,
  -2.27409496136072290E-007 ,
   9.97192826245873021E-001 ,
  -9.80512297275324962E-002 ,
   0.00000000000000000E+000 ,
  -1.78495803816563411E-007 ,
   7.85381829980160817E-001 ,
  -9.60710644033253569E-002 ,
  -1.00000000000000006E-001 ,
  -1.95559586912611845E-007 ,
   1.29779029130605184E-001 ,
  -8.47115540616226598E-002 ,
   0.00000000000000000E+000 ,
   2.53224438388427765E-002 ,
   1.18422380426737930E-001 ,
  -4.89886248112567854E-002 ,
   0.00000000000000000E+000 ,
   5.79053674043542854E-002 ,
   1.20136743180760591E-001 ,
  -4.71504965894338213E-002 ,
   0.00000000000000000E+000 ,
  -7.86575904063871219E-008 ,
   1.27267691425689805E-001 ,
  -7.39611182145760160E-002 ,
   0.00000000000000000E+000 ,
  -1.46921412582530136E-007 ,
   1.41446782063517740E-001 ,
  -9.21461534520895409E-002 ,
   0.00000000000000000E+000 ,
  -2.48685889680767634E-007 ,
   9.72755651951408562E-001 ,
  -9.79952616093657247E-002 ,
  -6.18652343749999944E-002 ,
  -3.10170586771463565E-007 ,
   9.99592770107188944E-001 ,
  -9.92220034972223497E-002 ,
  -8.74999999999999944E-002 ,
  -3.47587238221879477E-007 ,
   9.75928070658341307E-001 ,
  -9.85137711512837355E-002 ,
  -1.00000000000000006E-001 ,
  -2.42281805858807399E-007 ,
   3.71943430641358874E-001 ,
  -9.52012573719776684E-002 ,
  -8.74999999999999944E-002 ,
  -2.12873375433937507E-007 ,
   1.19640419047530006E-001 ,
  -8.85023540215402055E-002 ,
  -1.25000000000000007E-002 ,
  -1.86761202167278133E-007 ,
   1.20531814220661837E-001 ,
  -8.53627423145744552E-002 ,
  -1.25000000000000007E-002 ,
  -1.83033120123447515E-007 ,
   2.00543426528434848E-001 ,
  -9.25937299134835662E-002 ,
   0.00000000000000000E+000 ,
  -2.04729223675482353E-007 ,
   8.92265688559048198E-001 ,
  -9.72670385573434493E-002 ,
   0.00000000000000000E+000 ,
  -2.43896457993740555E-007 ,
   9.96446192696315403E-001 ,
  -9.92008347315058714E-002 ,
  -8.74999999999999944E-002 ,
  -2.13226861315403100E-007 ,
   9.99981350121720736E-001 ,
  -9.97556541471932012E-002 ,
  -8.74999999999999944E-002 ,
  -2.72867914444862165E-007 ,
   9.99199419166023839E-001 ,
  -9.95505122798154146E-002 ,
  -8.74999999999999944E-002 ,
  -2.57933187425250457E-007 ,
   9.89215511301721695E-001 ,
  -9.87280061558640371E-002 ,
  -8.74999999999999944E-002 ,
  -2.36353450970541829E-007 ,
   9.61336077182733617E-001 ,
  -9.73801017606556601E-002 ,
  -1.25000000000000007E-002 ,
  -2.30614311258199776E-007 ,
   9.59016476822257546E-001 ,
  -9.67698081231737478E-002 ,
  -1.25000000000000007E-002 ,
  -2.04034941250056525E-007 ,
   9.77013908039019219E-001 ,
  -9.81151770418066671E-002 ,
   0.00000000000000000E+000 ,
  -2.30386421358090220E-007 ,
   9.96862698826496474E-001 ,
  -9.92167691534522472E-002 ,
   0.00000000000000000E+000 ,
  -2.67238753683883105E-007 ,
   9.99860947086813834E-001 ,
  -9.97497891363496592E-002 ,

32,4
   0.00000000000000000E+000 ,
   1.95215382529651767E-007 ,
   9.99707496855016253E-001 ,
  -9.08739653248882007E-002 ,
   5.40924072265625000E-003 ,
   6.79429123913473099E-001 ,
   9.96600428280863038E-001 ,
  -4.54303068414693423E-002 ,
   1.29699707031250000E-003 ,
   9.99999666766188899E-001 ,
   7.47295683675501143E-001 ,
  -4.39759987367858776E-002 ,
   0.00000000000000000E+000 ,
   1.00000015227161621E+000 ,
   1.73579778251803901E-001 ,
  -4.59586428543827044E-002 ,
   0.00000000000000000E+000 ,
   1.00000014688816430E+000 ,
   1.47410487545967889E-001 ,
  -4.66773195209530742E-002 ,
   0.00000000000000000E+000 ,
   9.99999622877599359E-001 ,
   1.92976917231664435E-001 ,
  -4.41117985544197885E-002 ,
   0.00000000000000000E+000 ,
   9.99955730841953327E-001 ,
   9.67435535994957463E-001 ,
  -4.37508119812310206E-002 ,
   0.00000000000000000E+000 ,
   2.92666807432267433E-007 ,
   9.99703829083938511E-001 ,
  -7.80125239407180177E-002 ,
   0.00000000000000000E+000 ,
   2.33428116032062991E-007 ,
   9.99952173398508060E-001 ,
  -9.28916985111044036E-002 ,
   1.56250000000000000E-002 ,
   2.34132781585015583E-007 ,
   9.99492789967262873E-001 ,
  -6.77683985248048737E-002 ,
   1.56250000000000000E-002 ,
   9.99952989717888485E-001 ,
   9.70564939098397472E-001 ,
  -4.41657497055901183E-002 ,
   0.00000000000000000E+000 ,
   9.99942092555138218E-001 ,
   2.61454507150391535E-001 ,
  -4.45194118938164740E-002 ,
   0.00000000000000000E+000 ,
   9.99999715293241387E-001 ,
   1.83055189323561740E-001 ,
  -4.48727713210581858E-002 ,
   0.00000000000000000E+000 ,
   9.99977343528549056E-001 ,
   8.70214817891413750E-001 ,
  -4.40500798746647493E-002 ,
   0.00000000000000000E+000 ,
   7.86127259821643554E-001 ,
   9.95615044115466086E-001 ,
  -4.40037014903057466E-002 ,
   0.00000000000000000E+000 ,
   2.14257257571680552E-007 ,
   9.99951512799400200E-001 ,
  -8.45349898951600759E-002 ,
   0.00000000000000000E+000 ,
   2.25245259285713705E-007 ,
   9.99997573190901545E-001 ,
  -9.63336712687043739E-002 ,
   7.81250000000000000E-003 ,
   1.83540057518195073E-007 ,
   9.99976128760617256E-001 ,
  -8.57761317576014454E-002 ,
   7.81250000000000000E-003 ,
   3.01570766742311619E-002 ,
   9.99000946649084121E-001 ,
  -5.29675758132388680E-002 ,
   7.81250000000000000E-003 ,
   9.52577176526517300E-001 ,
   9.86935465161703274E-001 ,
  -4.42812285592953936E-002 ,
   0.00000000000000000E+000 ,
   9.69709078210329589E-001 ,
   9.72635745432100407E-001 ,
  -4.43148836661039769E-002 ,
   0.00000000000000000E+000 ,
   5.36158818099496615E-001 ,
   9.96168044620921900E-001 ,
  -4.63789023619429752E-002 ,
   0.00000000000000000E+000 ,
   1.66117262556141003E-007 ,
   9.99824548870230645E-001 ,
  -7.56755314740821250E-002 ,
   0.00000000000000000E+000 ,
   3.07035720452799316E-007 ,
   9.99997701347557166E-001 ,
  -9.26703679804911085E-002 ,
   0.00000000000000000E+000 ,
   2.83009539448486912E-007 ,
   1.00000065375491975E+000 ,
  -9.86207714218534093E-002 ,
   0.00000000000000000E+000 ,
   2.74136765824012666E-007 ,
   9.99999664016323453E-001 ,
  -9.55382518852160023E-002 ,
   0.00000000000000000E+000 ,
   2.65483092096069059E-007 ,
   9.99987534930448230E-001 ,
  -8.92574572294789481E-002 ,
   0.00000000000000000E+000 ,
   2.50065156028382188E-007 ,
   9.99866314303982096E-001 ,
  -8.34142130399782855E-002 ,
   0.00000000000000000E+000 ,
   2.68706231231914512E-007 ,
   9.99732076267856429E-001 ,
  -8.30929861226994970E-002 ,
   0.00000000000000000E+000 ,
   2.09772089856768280E-007 ,
   9.99952448596544530E-001 ,
  -8.62484918867954808E-002 ,
   0.00000000000000000E+000 ,
   2.52558647403185825E-007 ,
   9.99997411139319947E-001 ,
  -9.30779852353544324E-002 ,
   0.00000000000000000E+000 ,
   2.67356298868405386E-007 ,
   1.00000048694432619E+000 ,
  -9.74546262272833197E-002 ,
