1
0
4
0
(96 0
((0,40) (23,55) (0,0))
((0,56) (23,87) (0,0))
((0,88) (23,119) (0,0))
((0,120) (23,151) (0,0))
((0,152) (23,183) (0,0))
((0,184) (23,215) (0,0))
((0,216) (23,247) (0,0))
((0,248) (23,279) (0,0))
((0,280) (23,311) (0,0))
((0,312) (23,343) (0,0))
((0,344) (23,375) (0,0))
((0,376) (23,407) (0,0))
((0,408) (23,439) (0,0))
((0,440) (23,471) (0,0))
((24,48) (47,79) (0,0))
((24,80) (47,111) (0,0))
((24,112) (47,143) (0,0))
((24,144) (47,175) (0,0))
((24,176) (47,207) (0,0))
((24,208) (47,239) (0,0))
((24,240) (47,271) (0,0))
((24,272) (47,303) (0,0))
((24,304) (47,335) (0,0))
((24,336) (47,367) (0,0))
((24,368) (47,399) (0,0))
((24,400) (47,431) (0,0))
((24,432) (47,463) (0,0))
((48,56) (71,71) (0,0))
((48,72) (71,103) (0,0))
((48,104) (71,135) (0,0))
((48,136) (71,167) (0,0))
((48,168) (71,199) (0,0))
((48,200) (71,231) (0,0))
((48,232) (71,263) (0,0))
((48,264) (71,295) (0,0))
((48,296) (71,327) (0,0))
((48,328) (71,359) (0,0))
((48,360) (71,391) (0,0))
((48,392) (71,423) (0,0))
((48,424) (71,455) (0,0))
((72,64) (95,95) (0,0))
((72,96) (95,127) (0,0))
((72,128) (95,159) (0,0))
((72,160) (95,191) (0,0))
((72,192) (95,223) (0,0))
((72,224) (95,255) (0,0))
((72,256) (95,287) (0,0))
((72,288) (95,319) (0,0))
((72,320) (95,351) (0,0))
((72,352) (95,383) (0,0))
((72,384) (95,415) (0,0))
((72,416) (95,447) (0,0))
((96,72) (111,87) (0,0))
((96,88) (111,119) (0,0))
((96,120) (111,151) (0,0))
((96,152) (111,183) (0,0))
((96,184) (111,215) (0,0))
((96,216) (111,247) (0,0))
((96,248) (111,279) (0,0))
((96,280) (111,311) (0,0))
((96,312) (111,343) (0,0))
((96,344) (111,375) (0,0))
((96,376) (111,407) (0,0))
((96,408) (111,439) (0,0))
((112,72) (143,87) (0,0))
((112,88) (143,119) (0,0))
((112,120) (143,151) (0,0))
((112,152) (143,183) (0,0))
((112,184) (143,215) (0,0))
((112,216) (143,247) (0,0))
((112,248) (143,279) (0,0))
((112,280) (143,311) (0,0))
((112,312) (143,343) (0,0))
((112,344) (143,375) (0,0))
((112,376) (143,407) (0,0))
((112,408) (143,439) (0,0))
((144,72) (175,87) (0,0))
((144,88) (175,119) (0,0))
((144,120) (175,151) (0,0))
((144,152) (175,183) (0,0))
((144,184) (175,215) (0,0))
((144,216) (175,247) (0,0))
((144,248) (175,279) (0,0))
((144,280) (175,311) (0,0))
((144,312) (175,343) (0,0))
((144,344) (175,375) (0,0))
((144,376) (175,407) (0,0))
((144,408) (175,439) (0,0))
((176,144) (191,159) (0,0))
((176,160) (191,183) (0,0))
((176,184) (207,199) (0,0))
((176,200) (207,231) (0,0))
((176,232) (207,263) (0,0))
((176,264) (207,295) (0,0))
((176,296) (207,327) (0,0))
((176,328) (207,359) (0,0))
)
96
FabOnDisk: Cell_D_00000 0
FabOnDisk: Cell_D_00000 12371
FabOnDisk: Cell_D_00000 37030
FabOnDisk: Cell_D_00000 61690
FabOnDisk: Cell_D_00000 86351
FabOnDisk: Cell_D_00000 111012
FabOnDisk: Cell_D_00000 135673
FabOnDisk: Cell_D_00000 160334
FabOnDisk: Cell_D_00000 184995
FabOnDisk: Cell_D_00000 209656
FabOnDisk: Cell_D_00000 234317
FabOnDisk: Cell_D_00000 258978
FabOnDisk: Cell_D_00000 283639
FabOnDisk: Cell_D_00000 308300
FabOnDisk: Cell_D_00000 332961
FabOnDisk: Cell_D_00000 357621
FabOnDisk: Cell_D_00000 382282
FabOnDisk: Cell_D_00000 406944
FabOnDisk: Cell_D_00000 431606
FabOnDisk: Cell_D_00000 456268
FabOnDisk: Cell_D_00000 480930
FabOnDisk: Cell_D_00000 505592
FabOnDisk: Cell_D_00000 530254
FabOnDisk: Cell_D_00000 554916
FabOnDisk: Cell_D_00000 579578
FabOnDisk: Cell_D_00000 604240
FabOnDisk: Cell_D_00000 628902
FabOnDisk: Cell_D_00000 653564
FabOnDisk: Cell_D_00000 665936
FabOnDisk: Cell_D_00000 690597
FabOnDisk: Cell_D_00000 715259
FabOnDisk: Cell_D_00000 739921
FabOnDisk: Cell_D_00000 764583
FabOnDisk: Cell_D_00000 789245
FabOnDisk: Cell_D_00000 813907
FabOnDisk: Cell_D_00000 838569
FabOnDisk: Cell_D_00000 863231
FabOnDisk: Cell_D_00000 887893
FabOnDisk: Cell_D_00000 912555
FabOnDisk: Cell_D_00000 937217
FabOnDisk: Cell_D_00000 961879
FabOnDisk: Cell_D_00000 986539
FabOnDisk: Cell_D_00000 1011200
FabOnDisk: Cell_D_00000 1035862
FabOnDisk: Cell_D_00000 1060524
FabOnDisk: Cell_D_00000 1085186
FabOnDisk: Cell_D_00000 1109848
FabOnDisk: Cell_D_00000 1134510
FabOnDisk: Cell_D_00000 1159172
FabOnDisk: Cell_D_00000 1183834
FabOnDisk: Cell_D_00000 1208496
FabOnDisk: Cell_D_00000 1233158
FabOnDisk: Cell_D_00000 1257820
FabOnDisk: Cell_D_00000 1266097
FabOnDisk: Cell_D_00000 1282567
FabOnDisk: Cell_D_00000 1299038
FabOnDisk: Cell_D_00000 1315509
FabOnDisk: Cell_D_00000 1331980
FabOnDisk: Cell_D_00000 1348451
FabOnDisk: Cell_D_00000 1364922
FabOnDisk: Cell_D_00000 1381393
FabOnDisk: Cell_D_00000 1397864
FabOnDisk: Cell_D_00000 1414335
FabOnDisk: Cell_D_00000 1430806
FabOnDisk: Cell_D_00000 1447277
FabOnDisk: Cell_D_00000 1463747
FabOnDisk: Cell_D_00000 1496602
FabOnDisk: Cell_D_00000 1529458
FabOnDisk: Cell_D_00000 1562314
FabOnDisk: Cell_D_00000 1595170
FabOnDisk: Cell_D_00000 1628026
FabOnDisk: Cell_D_00000 1660882
FabOnDisk: Cell_D_00000 1693738
FabOnDisk: Cell_D_00000 1726594
FabOnDisk: Cell_D_00000 1759450
FabOnDisk: Cell_D_00000 1792306
FabOnDisk: Cell_D_00000 1825162
FabOnDisk: Cell_D_00000 1841632
FabOnDisk: Cell_D_00000 1874487
FabOnDisk: Cell_D_00000 1907343
FabOnDisk: Cell_D_00000 1940199
FabOnDisk: Cell_D_00000 1973055
FabOnDisk: Cell_D_00000 2005911
FabOnDisk: Cell_D_00000 2038767
FabOnDisk: Cell_D_00000 2071623
FabOnDisk: Cell_D_00000 2104479
FabOnDisk: Cell_D_00000 2137335
FabOnDisk: Cell_D_00000 2170191
FabOnDisk: Cell_D_00000 2203047
FabOnDisk: Cell_D_00000 2211327
FabOnDisk: Cell_D_00000 2223703
FabOnDisk: Cell_D_00000 2240175
FabOnDisk: Cell_D_00000 2273031
FabOnDisk: Cell_D_00000 2305887
FabOnDisk: Cell_D_00000 2338743
FabOnDisk: Cell_D_00000 2371599

96,4
                        NaN ,
  -1.92595416375645095E-007 ,
   9.97024076166498796E-001 ,
  -9.55299944680841340E-002 ,
   0.00000000000000000E+000 ,
  -1.84881893305436888E-007 ,
   6.76913982032468442E-001 ,
  -9.22089515738680060E-002 ,
   0.00000000000000000E+000 ,
  -1.44861100946158839E-007 ,
   1.22692352167609875E-001 ,
  -7.30208204460831567E-002 ,
   0.00000000000000000E+000 ,
   3.15807012013529093E-002 ,
   1.45590284656499536E-001 ,
  -4.40838402537426718E-002 ,
   0.00000000000000000E+000 ,
   2.77390449407817138E-004 ,
   1.57992246098313527E-001 ,
  -4.49195860735111738E-002 ,
   0.00000000000000000E+000 ,
   4.15144481156544181E-004 ,
   1.68712410997181761E-001 ,
  -4.56385670656783010E-002 ,
   0.00000000000000000E+000 ,
   2.27100135593241974E-003 ,
   1.54463194616707655E-001 ,
  -4.57696688413850861E-002 ,
   0.00000000000000000E+000 ,
   7.58389458748159884E-001 ,
   1.53865796126534643E-001 ,
  -4.55934257793851258E-002 ,
   0.00000000000000000E+000 ,
   1.60851194061392179E-003 ,
   1.57461001805104306E-001 ,
  -4.57253642225995474E-002 ,
   0.00000000000000000E+000 ,
   3.90537144682724397E-004 ,
   1.66248458707249525E-001 ,
  -4.52330514021082250E-002 ,
   0.00000000000000000E+000 ,
   2.17628851165342771E-003 ,
   1.55768488751986595E-001 ,
  -4.44552072390882111E-002 ,
   0.00000000000000000E+000 ,
   4.15765872595473635E-005 ,
   1.24657491589634392E-001 ,
  -5.51260618071857528E-002 ,
   0.00000000000000000E+000 ,
  -1.33313241133811590E-007 ,
   1.24340262146104399E-001 ,
  -8.55652558640218885E-002 ,
   0.00000000000000000E+000 ,
  -2.43194144849788074E-007 ,
   9.72402793694671197E-001 ,
  -9.54686542967673885E-002 ,
   0.00000000000000000E+000 ,
  -2.38954539517674568E-007 ,
   9.60834286369978363E-001 ,
  -9.52652984312210432E-002 ,
   0.00000000000000000E+000 ,
  -1.52096322191087633E-007 ,
   2.90170122178644907E-001 ,
  -8.66059459739242504E-002 ,
   0.00000000000000000E+000 ,
  -9.52637833338914333E-008 ,
   1.59029988446257153E-001 ,
  -6.53313014114958596E-002 ,
   0.00000000000000000E+000 ,
   9.35244205684253896E-005 ,
   1.66213563874223647E-001 ,
  -4.46899747967399244E-002 ,
   0.00000000000000000E+000 ,
   4.89778659166687641E-003 ,
   1.62016742292738797E-001 ,
  -4.53732843511479855E-002 ,
   0.00000000000000000E+000 ,
   1.20532467670336364E-002 ,
   1.57547674909390589E-001 ,
  -4.56529131602804311E-002 ,
   0.00000000000000000E+000 ,
   1.36960339724357932E-002 ,
   1.55394734476267199E-001 ,
  -4.56699753993331584E-002 ,
   0.00000000000000000E+000 ,
   9.34232004774592992E-003 ,
   1.57348055348581456E-001 ,
  -4.54951360045999023E-002 ,
   0.00000000000000000E+000 ,
   3.51094229814513745E-003 ,
   1.63114519511172007E-001 ,
  -4.52702116149860043E-002 ,
   0.00000000000000000E+000 ,
   2.45309130818268468E-005 ,
   1.66496574710945894E-001 ,
  -4.44379002625260242E-002 ,
   0.00000000000000000E+000 ,
  -1.03691591730125313E-007 ,
   1.84300401748073800E-001 ,
  -6.52555168808547220E-002 ,
   0.00000000000000000E+000 ,
  -1.63780626409727752E-007 ,
   2.49797949780358353E-001 ,
  -8.64580670381101951E-002 ,
   0.00000000000000000E+000 ,
  -2.34997912675996318E-007 ,
   9.62014869965200581E-001 ,
  -9.51866408160130656E-002 ,
                        NaN ,
  -1.93237078582655955E-007 ,
   9.95577851660450319E-001 ,
  -9.54538008371567381E-002 ,
  -4.18073654174804660E-002 ,
  -1.90111174935086889E-007 ,
   9.11869235037533032E-001 ,
  -9.26187339019334671E-002 ,
  -4.18073654174804660E-002 ,
  -1.69387481870865600E-007 ,
   1.58190396591263743E-001 ,
  -7.99759880103907972E-002 ,
   0.00000000000000000E+000 ,
   1.93018139683626523E-003 ,
   1.61271006201981260E-001 ,
  -4.70072190336113249E-002 ,
   0.00000000000000000E+000 ,
   1.07707679883223672E-002 ,
   1.70606206783843029E-001 ,
  -4.49777821024353389E-002 ,
   0.00000000000000000E+000 ,
   5.22759659511520987E-003 ,
   1.68412323345904003E-001 ,
  -4.54935061282001063E-002 ,
   0.00000000000000000E+000 ,
   3.22172723640946641E-003 ,
   1.59914261911735911E-001 ,
  -4.56580103583933833E-002 ,
   0.00000000000000000E+000 ,
   1.96304323498267273E-004 ,
   1.58233456888729973E-001 ,
  -4.55795501568045103E-002 ,
   0.00000000000000000E+000 ,
   3.95150181134610820E-004 ,
   1.68163816924117138E-001 ,
  -4.51769716676909405E-002 ,
   0.00000000000000000E+000 ,
   8.39398261708747956E-003 ,
   1.70864275982060582E-001 ,
  -4.44192958793552736E-002 ,
  -1.00000000000000006E-001 ,
  -7.71432800330151220E-008 ,
   1.55517563696334571E-001 ,
  -6.69947267305198157E-002 ,
  -1.00000000000000006E-001 ,
  -2.38010578444831506E-007 ,
   6.99834035631490714E-001 ,
  -8.79250044653040186E-002 ,
  -1.00000000000000006E-001 ,
  -2.26211626430976750E-007 ,
   9.78256991851845115E-001 ,
  -9.53968417202702978E-002 ,
   0.00000000000000000E+000 ,
  -2.64509929242993885E-007 ,
   9.84954273288466742E-001 ,
  -9.59352708015225181E-002 ,
  -4.18073654174804660E-002 ,
  -2.04983760627789170E-007 ,
   6.37705624159215834E-001 ,
  -8.95531578503442616E-002 ,
   0.00000000000000000E+000 ,
  -1.06454992566538616E-007 ,
   1.59593524170597217E-001 ,
  -7.15581740913468489E-002 ,
   0.00000000000000000E+000 ,
   9.28971646525484154E-003 ,
   1.61939307843227631E-001 ,
  -4.46616387727961500E-002 ,
   0.00000000000000000E+000 ,
   4.13854291043216915E-003 ,
   1.63506273427933307E-001 ,
  -4.50509935191111682E-002 ,
   0.00000000000000000E+000 ,
   1.23836552873301522E-003 ,
   1.60264777315985929E-001 ,
  -4.51858213305392567E-002 ,
   0.00000000000000000E+000 ,
   1.42458247801594655E-002 ,
   1.61082859723409882E-001 ,
  -4.51224403106405339E-002 ,
   0.00000000000000000E+000 ,
   6.95747604306154737E-004 ,
   1.66965591327168456E-001 ,
  -4.49117729706468433E-002 ,
   0.00000000000000000E+000 ,
   1.78571506478671397E-003 ,
   1.48460348247773988E-001 ,
  -4.42976851199333513E-002 ,
  -1.00000000000000006E-001 ,
  -8.41949620169156334E-008 ,
   1.44280571921307638E-001 ,
  -7.26686550475111603E-002 ,
  -1.00000000000000006E-001 ,
  -1.73296964050251919E-007 ,
   6.68655466215061556E-001 ,
  -8.96708862196255591E-002 ,
  -1.00000000000000006E-001 ,
  -2.17935028376734415E-007 ,
   9.85504478216130408E-001 ,
  -9.59356545013945183E-002 ,
   0.00000000000000000E+000 ,
  -1.99610235320675984E-007 ,
   9.97893439420707073E-001 ,
  -9.61003864446474815E-002 ,
  -6.18652343749999944E-002 ,
  -1.74279097433470834E-007 ,
   9.50209276185232210E-001 ,
  -9.38573991291656029E-002 ,
  -8.74999999999999944E-002 ,
  -2.03976659204813183E-007 ,
   2.85654805687873992E-001 ,
  -8.43719273492802013E-002 ,
   0.00000000000000000E+000 ,
   1.63169260567885630E-007 ,
   1.42527173455312517E-001 ,
  -6.11196082380133232E-002 ,
   0.00000000000000000E+000 ,
   2.20366159298573689E-003 ,
   1.64006467708159243E-001 ,
  -4.45144461828084759E-002 ,
   0.00000000000000000E+000 ,
   2.52197135368569143E-003 ,
   1.65973701031093990E-001 ,
  -4.47818402927892059E-002 ,
   0.00000000000000000E+000 ,
   8.74778174519896638E-003 ,
   1.75624770500659499E-001 ,
  -4.48188139033896954E-002 ,
   0.00000000000000000E+000 ,
   3.95853321172635409E-004 ,
   1.59879216908654004E-001 ,
  -4.45924687426333399E-002 ,
   0.00000000000000000E+000 ,
   1.04452409650654859E-007 ,
   1.76142478054890722E-001 ,
  -5.77132959342755228E-002 ,
  -1.25000000000000007E-002 ,
  -1.38113899573382906E-007 ,
   1.96409212318650883E-001 ,
  -7.75141320279158497E-002 ,
  -1.00000000000000006E-001 ,
  -2.29775849767646466E-007 ,
   8.06233446961035938E-001 ,
  -9.05643551434531513E-002 ,
  -1.00000000000000006E-001 ,
  -2.19794459200273277E-007 ,
   9.90390071235798253E-001 ,
  -9.61439168566957519E-002 ,
   0.00000000000000000E+000 ,
  -2.36783109431347222E-007 ,
   9.99164388944055237E-001 ,
  -9.79484644858343578E-002 ,
  -8.33984374999999917E-002 ,
  -2.50533403404776416E-007 ,
   9.82171198548037472E-001 ,
  -9.68430697729595752E-002 ,
  -8.74999999999999944E-002 ,
  -1.95974812432789485E-007 ,
   7.31876342058813800E-001 ,
  -9.27672379688584126E-002 ,
  -8.74999999999999944E-002 ,
  -2.45221650138075712E-007 ,
   1.57086462852920938E-001 ,
  -8.43821859666315094E-002 ,
   0.00000000000000000E+000 ,
  -1.47426245356756091E-007 ,
   1.39317091390800951E-001 ,
  -7.12467577869433100E-002 ,
   0.00000000000000000E+000 ,
   1.00870387047796845E-006 ,
   1.57155648244901525E-001 ,
  -5.68725868111388533E-002 ,
   0.00000000000000000E+000 ,
   1.26418609382312141E-003 ,
   1.39666124265052816E-001 ,
  -4.84746136849681653E-002 ,
   0.00000000000000000E+000 ,
  -1.95600783057955132E-008 ,
   1.42456953515945228E-001 ,
  -6.35497383174175728E-002 ,
   0.00000000000000000E+000 ,
  -2.12568369838500854E-007 ,
   1.72551072448664800E-001 ,
  -8.14040951777286886E-002 ,
  -1.25000000000000007E-002 ,
  -2.09978972082232349E-007 ,
   6.86483101922646277E-001 ,
  -9.03319979301093895E-002 ,
   0.00000000000000000E+000 ,
  -1.59620158397877302E-007 ,
   9.46368656319967139E-001 ,
  -9.54265809732441628E-002 ,
   0.00000000000000000E+000 ,
  -3.08279698411839828E-007 ,
   9.96510066883819157E-001 ,
  -9.79978503606593332E-002 ,
   0.00000000000000000E+000 ,
  -2.47542251273950537E-007 ,
   9.99911260781689681E-001 ,
  -9.90301582836133759E-002 ,
  -8.74999999999999944E-002 ,
  -2.90158232806968174E-007 ,
   9.98426239583110720E-001 ,
  -9.85386891241167850E-002 ,
  -8.74999999999999944E-002 ,
  -2.33772246845674706E-007 ,
   9.82092550788919660E-001 ,
  -9.68527035789729374E-002 ,
  -1.00000000000000006E-001 ,
  -1.91076819726467591E-007 ,
   8.88562845290162717E-001 ,
  -9.39651124287481931E-002 ,
  -1.00000000000000006E-001 ,
  -1.68698474301953950E-007 ,
   6.48991289665084015E-001 ,
  -8.98982104787208330E-002 ,
  -1.00000000000000006E-001 ,
  -1.50943699408888133E-007 ,
   1.63311630834527655E-001 ,
  -8.52986164893123067E-002 ,
   0.00000000000000000E+000 ,
  -1.26351579274587726E-007 ,
   1.39499725386343365E-001 ,
  -8.27272901022195750E-002 ,
   0.00000000000000000E+000 ,
  -1.63867049382377764E-007 ,
   3.57986852393116783E-001 ,
  -8.76261905305742439E-002 ,
   0.00000000000000000E+000 ,
  -1.75430054037028191E-007 ,
   7.81936861592243071E-001 ,
  -9.25519623657232310E-002 ,
   0.00000000000000000E+000 ,
  -2.38875498169183720E-007 ,
   9.72958597163473882E-001 ,
  -9.58524463976601765E-002 ,
   0.00000000000000000E+000 ,
  -2.68760682047257310E-007 ,
   9.96383376135990817E-001 ,
  -9.79284244006011217E-002 ,
   5.00000000000000000E-001 ,
  -2.67064128617707038E-007 ,
   9.99689739034745783E-001 ,
  -9.90572853018407834E-002 ,
   7.28125000000000022E-001 ,
  -1.97551529272638710E-007 ,
   9.98660084544725435E-001 ,
  -9.67290529124710530E-002 ,
   7.28125000000000022E-001 ,
  -2.03143679753478300E-007 ,
   9.95409022510739150E-001 ,
  -9.56923927536587615E-002 ,
  -1.00000000000000006E-001 ,
  -2.73996482662016006E-007 ,
   9.91333243470130521E-001 ,
  -9.63464385953440999E-002 ,
  -1.00000000000000006E-001 ,
  -2.88082295585336013E-007 ,
   9.77804235175703917E-001 ,
  -9.56556192878729450E-002 ,
   0.00000000000000000E+000 ,
  -2.40962505305544520E-007 ,
   9.67696356409658009E-001 ,
  -9.45264518425429356E-002 ,
  -1.00000000000000006E-001 ,
  -3.27963949994518229E-007 ,
   9.68017417985180595E-001 ,
  -9.50130298438701948E-002 ,
  -1.00000000000000006E-001 ,
  -2.28647358098277048E-007 ,
   9.83757278417352277E-001 ,
  -9.64104314983299931E-002 ,
   0.00000000000000000E+000 ,
  -2.51134607722471070E-007 ,
   9.96088920631623576E-001 ,
  -9.77752546751739643E-002 ,

96,4
                        NaN ,
   2.00065549964489992E-007 ,
   9.99721315067156113E-001 ,
  -9.17825167405817155E-002 ,
   0.00000000000000000E+000 ,
   9.28916265218551502E-006 ,
   9.97728850281779378E-001 ,
  -6.32272198358633519E-002 ,
   0.00000000000000000E+000 ,
   9.99992130499214982E-001 ,
   8.85468149316403386E-001 ,
  -4.27942368373862014E-002 ,
   0.00000000000000000E+000 ,
   9.99999372622675575E-001 ,
   1.97932589387000091E-001 ,
  -4.28406141431501297E-002 ,
   0.00000000000000000E+000 ,
   1.00000008638420046E+000 ,
   1.88885021497419370E-001 ,
  -4.38066862510220756E-002 ,
   0.00000000000000000E+000 ,
   1.00000009324677608E+000 ,
   1.76015379904670893E-001 ,
  -4.49237977232801525E-002 ,
   0.00000000000000000E+000 ,
   1.00000019556567632E+000 ,
   1.71257661082073187E-001 ,
  -4.54301843290594864E-002 ,
   0.00000000000000000E+000 ,
   1.00000021483258439E+000 ,
   1.61615255048880774E-001 ,
  -4.54747200248097061E-002 ,
   0.00000000000000000E+000 ,
   9.99999985767715649E-001 ,
   1.74166502099161485E-001 ,
  -4.51745263290175836E-002 ,
   0.00000000000000000E+000 ,
   1.00000019100392823E+000 ,
   1.85147154251277563E-001 ,
  -4.42122230069118827E-002 ,
   0.00000000000000000E+000 ,
   1.00000007980331862E+000 ,
   1.92589651599716860E-001 ,
  -4.33051130048559899E-002 ,
   0.00000000000000000E+000 ,
   9.99999961288488781E-001 ,
   5.38606531479743134E-001 ,
  -4.26808764258458026E-002 ,
   0.00000000000000000E+000 ,
   9.86510489025736570E-001 ,
   9.82858595077329089E-001 ,
  -4.29406190214124753E-002 ,
   0.00000000000000000E+000 ,
   2.39932185119173079E-007 ,
   9.99722546865828177E-001 ,
  -8.38694630000881014E-002 ,
   0.00000000000000000E+000 ,
   2.71139741837111483E-007 ,
   9.99662804849801634E-001 ,
  -8.13517714605438841E-002 ,
   0.00000000000000000E+000 ,
   1.35845879789470492E-001 ,
   9.88166967998880819E-001 ,
  -4.73054674278503146E-002 ,
   0.00000000000000000E+000 ,
   9.87097581527734524E-001 ,
   8.16063172597146558E-001 ,
  -4.26170563621920129E-002 ,
   0.00000000000000000E+000 ,
   9.99997592715185180E-001 ,
   1.96142721159817540E-001 ,
  -4.32259787259669861E-002 ,
   0.00000000000000000E+000 ,
   9.99999682255106936E-001 ,
   1.77898863102632587E-001 ,
  -4.44975491814902438E-002 ,
   0.00000000000000000E+000 ,
   1.00000007118580836E+000 ,
   1.73186943719015357E-001 ,
  -4.51308582948984904E-002 ,
   0.00000000000000000E+000 ,
   1.00000010210457568E+000 ,
   1.71048350160898560E-001 ,
  -4.51738524133249997E-002 ,
   0.00000000000000000E+000 ,
   9.99999953905571948E-001 ,
   1.72248169413889179E-001 ,
  -4.49217654373935196E-002 ,
   0.00000000000000000E+000 ,
   9.99999748116046749E-001 ,
   1.79592168449610012E-001 ,
  -4.41616363649158725E-002 ,
   0.00000000000000000E+000 ,
   9.99984746155839876E-001 ,
   2.03652863196624567E-001 ,
  -4.29460577702105786E-002 ,
   0.00000000000000000E+000 ,
   9.98439294374090514E-001 ,
   8.16253689247641634E-001 ,
  -4.27200332182890372E-002 ,
   0.00000000000000000E+000 ,
   3.37748237683417551E-001 ,
   9.88351609512653329E-001 ,
  -4.55263424058618554E-002 ,
   0.00000000000000000E+000 ,
   3.94119213572188056E-007 ,
   9.99666977869150153E-001 ,
  -8.12934191700341174E-002 ,
                        NaN ,
   2.33148769678473816E-007 ,
   9.99716496934435539E-001 ,
  -9.01961837366108687E-002 ,
   0.00000000000000000E+000 ,
   2.13339082397263463E-007 ,
   9.98429716302950965E-001 ,
  -7.31806889618506207E-002 ,
   0.00000000000000000E+000 ,
   9.72428863635598439E-001 ,
   9.61845732735007952E-001 ,
  -4.24188351716919682E-002 ,
   0.00000000000000000E+000 ,
   9.99988560553950467E-001 ,
   3.03671080881508404E-001 ,
  -4.27770112891499854E-002 ,
   0.00000000000000000E+000 ,
   9.99992921140983926E-001 ,
   1.79922861079582885E-001 ,
  -4.41777114652358374E-002 ,
   0.00000000000000000E+000 ,
   9.99999822518645165E-001 ,
   1.75618756288403399E-001 ,
  -4.46452401252171796E-002 ,
   0.00000000000000000E+000 ,
   1.00000011456927318E+000 ,
   1.74849988775576920E-001 ,
  -4.48693109621555175E-002 ,
   0.00000000000000000E+000 ,
   9.99994538783137155E-001 ,
   1.85786607837436557E-001 ,
  -4.47862288000264314E-002 ,
   0.00000000000000000E+000 ,
   9.99999973668634246E-001 ,
   1.78897757688715353E-001 ,
  -4.36715380178392329E-002 ,
   0.00000000000000000E+000 ,
   9.99997660282835543E-001 ,
   1.85327478624414038E-001 ,
  -4.33538423825987132E-002 ,
   0.00000000000000000E+000 ,
   9.99981935996074545E-001 ,
   8.22261792579278006E-001 ,
  -4.20066115074244767E-002 ,
   0.00000000000000000E+000 ,
   1.96904299599303365E-007 ,
   9.92390248296811439E-001 ,
  -5.90111327920588360E-002 ,
   0.00000000000000000E+000 ,
   1.86979559029828198E-007 ,
   9.99726261808787653E-001 ,
  -8.33293323307760930E-002 ,
   0.00000000000000000E+000 ,
   2.66824749394214558E-007 ,
   9.99796576243416779E-001 ,
  -8.52232214773822744E-002 ,
   0.00000000000000000E+000 ,
   2.84173750636604480E-007 ,
   9.94495279494348128E-001 ,
  -5.82187432474590080E-002 ,
   0.00000000000000000E+000 ,
   9.99380944843409114E-001 ,
   8.75784489979840264E-001 ,
  -4.32677355603516417E-002 ,
   0.00000000000000000E+000 ,
   9.99993252228317031E-001 ,
   1.98316817455563871E-001 ,
  -4.34325478732247791E-002 ,
   0.00000000000000000E+000 ,
   9.99998278002758867E-001 ,
   1.80068152344756788E-001 ,
  -4.42760989257729026E-002 ,
   0.00000000000000000E+000 ,
   9.99996282106512480E-001 ,
   1.77277856924962118E-001 ,
  -4.46701637996766224E-002 ,
   0.00000000000000000E+000 ,
   9.99999791890304301E-001 ,
   1.76878389899604804E-001 ,
  -4.43414612521475099E-002 ,
   0.00000000000000000E+000 ,
   9.99999893764923153E-001 ,
   1.97315659174107150E-001 ,
  -4.34528262176732752E-002 ,
   0.00000000000000000E+000 ,
   9.99999045030368072E-001 ,
   2.32453285824567701E-001 ,
  -4.24105461754808802E-002 ,
   0.00000000000000000E+000 ,
   9.99930151018772251E-001 ,
   8.87200081860295198E-001 ,
  -4.23128454092586981E-002 ,
   0.00000000000000000E+000 ,
   1.62467963124386385E-007 ,
   9.94922999707473110E-001 ,
  -5.92461665324489073E-002 ,
   0.00000000000000000E+000 ,
   2.51789066352444381E-007 ,
   9.99809865312991874E-001 ,
  -8.52087367967615944E-002 ,
   0.00000000000000000E+000 ,
   2.46967583150078900E-007 ,
   9.99808435204586066E-001 ,
  -9.21420230865980655E-002 ,
   1.00000000000000000E+000 ,
   1.88325854988882499E-007 ,
   9.99017386618623271E-001 ,
  -7.89720937065781919E-002 ,
   0.00000000000000000E+000 ,
   1.63891982874867614E-001 ,
   9.79122860911896598E-001 ,
  -4.73747301691964939E-002 ,
   0.00000000000000000E+000 ,
   9.99992553269614004E-001 ,
   6.86845424724221720E-001 ,
  -4.26912791908472394E-002 ,
   0.00000000000000000E+000 ,
   9.99999130964493665E-001 ,
   2.01141433652130386E-001 ,
  -4.36631484834392181E-002 ,
   0.00000000000000000E+000 ,
   9.99998683710164427E-001 ,
   1.80193323678326411E-001 ,
  -4.40542342002026785E-002 ,
   0.00000000000000000E+000 ,
   9.99867622451863336E-001 ,
   1.78503175751987375E-001 ,
  -4.44738835375099381E-002 ,
   0.00000000000000000E+000 ,
   9.99997625793093259E-001 ,
   1.98476368756458355E-001 ,
  -4.33409869087678784E-002 ,
   0.00000000000000000E+000 ,
   9.99769260346314415E-001 ,
   6.45956562812359802E-001 ,
  -4.26529447278246945E-002 ,
   0.00000000000000000E+000 ,
   6.15205976985061187E-001 ,
   9.37362237974920132E-001 ,
  -4.31049425443534723E-002 ,
   0.00000000000000000E+000 ,
   1.51323214962028330E-007 ,
   9.95895143432348640E-001 ,
  -6.72220168604243384E-002 ,
   1.00000000000000000E+000 ,
   2.67854958741965437E-007 ,
   9.99825739009567172E-001 ,
  -8.75109992768522554E-002 ,
   1.00000000000000000E+000 ,
   2.47129902420213342E-007 ,
   9.99978310351206989E-001 ,
  -9.41405685576759688E-002 ,
   1.00000000000000000E+000 ,
   2.25801853602199763E-007 ,
   9.99894358696874042E-001 ,
  -8.51623903573454633E-002 ,
   1.00000000000000000E+000 ,
   1.95133825950113025E-007 ,
   9.98140202346588290E-001 ,
  -6.31667080264743802E-002 ,
   1.00000000000000000E+000 ,
   9.36984246297545176E-001 ,
   9.79026934349118250E-001 ,
  -4.28116722999440091E-002 ,
   1.00000000000000000E+000 ,
   9.99990894845631306E-001 ,
   8.71583312385655562E-001 ,
  -4.25443660848524238E-002 ,
   0.00000000000000000E+000 ,
   9.99558357668495989E-001 ,
   6.03832713806249810E-001 ,
  -4.33931441232236481E-002 ,
   0.00000000000000000E+000 ,
   9.99991365612131755E-001 ,
   3.46632537506524230E-001 ,
  -4.29810478667634610E-002 ,
   0.00000000000000000E+000 ,
   9.99949492401579709E-001 ,
   7.44517893076086734E-001 ,
  -4.26831064101213936E-002 ,
   0.00000000000000000E+000 ,
   9.86734183764406803E-001 ,
   9.68857718483757901E-001 ,
  -4.29636057039629385E-002 ,
   0.00000000000000000E+000 ,
   2.15498479030254117E-007 ,
   9.95784232174607986E-001 ,
  -5.94268205931428456E-002 ,
   1.00000000000000000E+000 ,
   1.99389084714437695E-007 ,
   9.99633349310465213E-001 ,
  -7.86400754825990755E-002 ,
   1.00000000000000000E+000 ,
   2.53557299687963016E-007 ,
   9.99980643408414749E-001 ,
  -9.10166717071283632E-002 ,
   1.00000000000000000E+000 ,
   2.63199616604279457E-007 ,
   9.99998277038850691E-001 ,
  -9.69957399399987152E-002 ,
   1.00000000000000000E+000 ,
   2.84478205330906143E-007 ,
   9.99993027830135217E-001 ,
  -9.31230161273138290E-002 ,
   1.00000000000000000E+000 ,
   2.21305916794117895E-007 ,
   9.99895235680670402E-001 ,
  -8.51709782844783658E-002 ,
   1.00000000000000000E+000 ,
   1.83014819427050699E-007 ,
   9.99024578387996520E-001 ,
  -7.26094859347744953E-002 ,
   1.00000000000000000E+000 ,
   1.83650002113137384E-007 ,
   9.94669871416306806E-001 ,
  -5.86478025319078500E-002 ,
   1.00000000000000000E+000 ,
   8.42615131735279466E-001 ,
   9.83386207772092957E-001 ,
  -4.34112010595680900E-002 ,
   0.00000000000000000E+000 ,
   9.41254775423664758E-001 ,
   9.70842036565011446E-001 ,
  -4.30083371033210538E-002 ,
   0.00000000000000000E+000 ,
   4.18566515528942529E-002 ,
   9.89884193995013928E-001 ,
  -4.98576761741081551E-002 ,
   0.00000000000000000E+000 ,
   1.80460765583575034E-007 ,
   9.98158174325561198E-001 ,
  -6.54817653990624610E-002 ,
   0.00000000000000000E+000 ,
   2.16473268520675257E-007 ,
   9.99756901879543580E-001 ,
  -8.22428465960651223E-002 ,
   1.00000000000000000E+000 ,
   2.61427281808856659E-007 ,
   9.99977529162109136E-001 ,
  -9.07744547315090522E-002 ,
   1.00000000000000000E+000 ,
   2.31446468656587274E-007 ,
   9.99998777995609323E-001 ,
  -9.56416285918166159E-002 ,
   1.00000000000000000E+000 ,
   2.45392331444686515E-007 ,
   9.99885531215824575E-001 ,
  -9.33617686690664528E-002 ,
   1.00000000000000000E+000 ,
   2.22053548252344230E-007 ,
   9.99704337284863853E-001 ,
  -9.03528414191524937E-002 ,
   1.00000000000000000E+000 ,
   1.99196512388528570E-007 ,
   9.99839840131255930E-001 ,
  -8.81274019289846750E-002 ,
   1.00000000000000000E+000 ,
   1.93871314342122011E-007 ,
   9.99711716889185698E-001 ,
  -8.38994954932508336E-002 ,
   2.50000000000000000E-001 ,
   2.56311484044717602E-007 ,
   9.99371015319952538E-001 ,
  -8.21216052997752743E-002 ,
   0.00000000000000000E+000 ,
   2.83227402325567941E-007 ,
   9.99539170502898089E-001 ,
  -8.22425103928188655E-002 ,
   0.00000000000000000E+000 ,
   2.31747664271948044E-007 ,
   9.99856185016015142E-001 ,
  -8.56489338119077320E-002 ,
   0.00000000000000000E+000 ,
   2.67992679098078458E-007 ,
   9.99973407731807762E-001 ,
  -9.07566538934732325E-002 ,
