1
0
4
0
(8 0
((0,200) (23,215) (0,0))
((0,216) (23,247) (0,0))
((0,248) (23,279) (0,0))
((0,280) (23,311) (0,0))
((24,200) (55,215) (0,0))
((24,216) (55,247) (0,0))
((24,248) (55,279) (0,0))
((24,280) (55,311) (0,0))
)
8
FabOnDisk: Cell_D_00000 0
FabOnDisk: Cell_D_00000 12373
FabOnDisk: Cell_D_00000 37034
FabOnDisk: Cell_D_00000 61695
FabOnDisk: Cell_D_00000 86356
FabOnDisk: Cell_D_00000 102826
FabOnDisk: Cell_D_00000 135680
FabOnDisk: Cell_D_00000 168534

8,4
  -1.25000000000000007E-002 ,
  -2.12453035134213454E-007 ,
   9.97192755960021215E-001 ,
  -9.95326556673134383E-002 ,
  -7.81250000000000000E-002 ,
  -1.54597757546649002E-007 ,
   1.12532687177909985E-001 ,
  -9.73273983902186862E-002 ,
   2.12199579096527232E-308 ,
  -1.42266501540229834E-007 ,
   1.13314202766671104E-001 ,
  -8.64808620864047223E-002 ,
   0.00000000000000000E+000 ,
  -1.76084808446074122E-007 ,
   7.84937135622076898E-001 ,
  -9.95060502338588615E-002 ,
  -8.74999999999999944E-002 ,
  -2.03181533596906049E-007 ,
   9.99557886428893871E-001 ,
  -9.99556315479680491E-002 ,
  -1.00000000000000006E-001 ,
  -2.92416142330386367E-007 ,
   3.96212535409303235E-001 ,
  -9.97978451697055791E-002 ,
  -1.25000000000000007E-002 ,
  -2.02039273123717405E-007 ,
   1.80356257758805455E-001 ,
  -9.93483990211271040E-002 ,
   0.00000000000000000E+000 ,
  -2.19179882130522142E-007 ,
   9.65816482223502581E-001 ,
  -9.99529755818212157E-002 ,

8,4
   1.56250000000000000E-002 ,
   1.84023421525669466E-007 ,
   9.99997734766994717E-001 ,
  -9.55196885439024701E-002 ,
   5.00000000000000000E-001 ,
   9.98220813280831565E-001 ,
   9.99296847704101321E-001 ,
  -5.01334485732754867E-002 ,
   2.12199579096527232E-308 ,
   9.99995476579630171E-001 ,
   9.49539965384823881E-001 ,
  -4.98295598657092359E-002 ,
   1.00000000000000000E+000 ,
   4.94813948816308623E-007 ,
   9.99997484860698060E-001 ,
  -7.45835958850756264E-002 ,
   1.56250000000000000E-002 ,
   2.43670282846746307E-007 ,
   1.00000059840587019E+000 ,
  -9.77341953745595182E-002 ,
   5.00000000000000000E-001 ,
   3.30776361041483918E-002 ,
   9.99999915844290155E-001 ,
  -6.14674182077647180E-002 ,
   1.00000000000000000E+000 ,
   5.97727622785897417E-001 ,
   9.99991421649714107E-001 ,
  -5.27124436794205870E-002 ,
   1.00000000000000000E+000 ,
   2.70138576070640515E-007 ,
   1.00000092179249811E+000 ,
  -8.84997779070071378E-002 ,
