1
0
4
0
(156 0
((0,248) (31,279) (0,0))
((0,280) (31,311) (0,0))
((0,312) (31,343) (0,0))
((0,344) (31,375) (0,0))
((0,376) (31,407) (0,0))
((0,408) (31,439) (0,0))
((0,440) (31,471) (0,0))
((0,472) (31,503) (0,0))
((0,520) (31,551) (0,0))
((0,552) (31,583) (0,0))
((0,584) (31,615) (0,0))
((0,616) (31,647) (0,0))
((0,648) (31,679) (0,0))
((0,680) (31,711) (0,0))
((0,712) (31,743) (0,0))
((0,744) (31,775) (0,0))
((32,256) (47,279) (0,0))
((32,280) (47,311) (0,0))
((32,312) (47,343) (0,0))
((32,344) (47,375) (0,0))
((32,376) (47,407) (0,0))
((32,408) (47,439) (0,0))
((32,440) (47,471) (0,0))
((32,472) (47,503) (0,0))
((32,504) (47,519) (0,0))
((32,520) (47,551) (0,0))
((32,552) (47,583) (0,0))
((32,584) (47,615) (0,0))
((32,616) (47,647) (0,0))
((32,648) (47,679) (0,0))
((32,680) (47,711) (0,0))
((32,712) (47,743) (0,0))
((32,744) (47,775) (0,0))
((48,256) (71,279) (0,0))
((48,280) (71,311) (0,0))
((48,312) (71,343) (0,0))
((48,344) (71,375) (0,0))
((48,376) (71,407) (0,0))
((48,408) (71,439) (0,0))
((48,440) (71,471) (0,0))
((48,472) (71,503) (0,0))
((48,504) (71,519) (0,0))
((48,520) (71,551) (0,0))
((48,552) (71,583) (0,0))
((48,584) (71,615) (0,0))
((48,616) (71,647) (0,0))
((48,648) (71,679) (0,0))
((48,680) (71,711) (0,0))
((48,712) (71,743) (0,0))
((48,744) (71,775) (0,0))
((72,264) (95,279) (0,0))
((72,280) (95,311) (0,0))
((72,312) (95,343) (0,0))
((72,344) (95,375) (0,0))
((72,376) (95,407) (0,0))
((72,408) (95,439) (0,0))
((72,440) (95,471) (0,0))
((72,472) (95,503) (0,0))
((72,504) (95,535) (0,0))
((72,536) (95,567) (0,0))
((72,568) (95,599) (0,0))
((72,600) (95,631) (0,0))
((72,632) (95,663) (0,0))
((72,664) (95,695) (0,0))
((72,696) (95,727) (0,0))
((72,728) (95,759) (0,0))
((96,272) (119,295) (0,0))
((96,296) (119,319) (0,0))
((96,320) (119,343) (0,0))
((96,344) (119,375) (0,0))
((96,376) (119,407) (0,0))
((96,408) (119,439) (0,0))
((96,440) (119,471) (0,0))
((96,472) (119,503) (0,0))
((96,504) (119,527) (0,0))
((96,528) (119,559) (0,0))
((96,560) (119,591) (0,0))
((96,592) (119,623) (0,0))
((96,624) (119,655) (0,0))
((96,656) (119,687) (0,0))
((96,688) (119,719) (0,0))
((96,720) (119,751) (0,0))
((120,280) (143,311) (0,0))
((120,312) (143,343) (0,0))
((120,344) (143,375) (0,0))
((120,376) (143,407) (0,0))
((120,408) (143,439) (0,0))
((120,440) (143,471) (0,0))
((120,472) (143,503) (0,0))
((120,504) (143,519) (0,0))
((120,520) (143,551) (0,0))
((120,552) (143,583) (0,0))
((120,584) (143,615) (0,0))
((120,616) (143,647) (0,0))
((120,648) (143,679) (0,0))
((120,680) (143,711) (0,0))
((120,712) (143,743) (0,0))
((144,296) (159,311) (0,0))
((144,312) (159,343) (0,0))
((144,344) (159,375) (0,0))
((144,376) (159,407) (0,0))
((144,408) (159,439) (0,0))
((144,440) (159,471) (0,0))
((144,472) (159,503) (0,0))
((144,504) (167,535) (0,0))
((144,536) (167,567) (0,0))
((144,568) (167,599) (0,0))
((144,600) (167,631) (0,0))
((144,632) (167,663) (0,0))
((144,664) (167,695) (0,0))
((144,696) (167,727) (0,0))
((160,296) (183,311) (0,0))
((160,312) (183,343) (0,0))
((160,344) (183,375) (0,0))
((160,376) (183,407) (0,0))
((160,408) (183,439) (0,0))
((160,440) (183,471) (0,0))
((160,472) (183,503) (0,0))
((168,504) (191,535) (0,0))
((168,536) (191,567) (0,0))
((168,568) (191,599) (0,0))
((168,600) (191,631) (0,0))
((168,632) (191,663) (0,0))
((168,664) (191,695) (0,0))
((168,696) (191,727) (0,0))
((184,320) (215,343) (0,0))
((184,344) (215,375) (0,0))
((184,376) (215,407) (0,0))
((184,408) (215,439) (0,0))
((184,440) (215,471) (0,0))
((184,472) (215,503) (0,0))
((192,504) (215,535) (0,0))
((192,536) (215,567) (0,0))
((192,568) (215,599) (0,0))
((192,600) (215,631) (0,0))
((192,632) (215,663) (0,0))
((192,664) (215,695) (0,0))
((192,696) (215,727) (0,0))
((216,360) (231,383) (0,0))
((216,384) (247,407) (0,0))
((216,408) (239,439) (0,0))
((216,440) (239,471) (0,0))
((216,472) (239,503) (0,0))
((216,504) (239,535) (0,0))
((216,536) (231,551) (0,0))
((216,552) (231,575) (0,0))
((216,576) (231,599) (0,0))
((216,600) (247,623) (0,0))
((216,624) (239,655) (0,0))
((232,536) (263,551) (0,0))
((232,552) (263,575) (0,0))
((232,576) (255,599) (0,0))
((240,408) (271,439) (0,0))
((240,440) (271,471) (0,0))
((240,472) (271,503) (0,0))
((240,504) (271,535) (0,0))
)
156
FabOnDisk: Cell_D_00000 0
FabOnDisk: Cell_D_00000 32853
FabOnDisk: Cell_D_00000 65706
FabOnDisk: Cell_D_00000 98559
FabOnDisk: Cell_D_00000 131412
FabOnDisk: Cell_D_00000 164265
FabOnDisk: Cell_D_00000 197118
FabOnDisk: Cell_D_00000 229971
FabOnDisk: Cell_D_00000 262824
FabOnDisk: Cell_D_00000 295677
FabOnDisk: Cell_D_00000 328530
FabOnDisk: Cell_D_00000 361383
FabOnDisk: Cell_D_00000 394236
FabOnDisk: Cell_D_00000 427089
FabOnDisk: Cell_D_00000 459942
FabOnDisk: Cell_D_00000 492795
FabOnDisk: Cell_D_00000 525648
FabOnDisk: Cell_D_00000 538022
FabOnDisk: Cell_D_00000 554492
FabOnDisk: Cell_D_00000 570962
FabOnDisk: Cell_D_00000 587432
FabOnDisk: Cell_D_00000 603902
FabOnDisk: Cell_D_00000 620372
FabOnDisk: Cell_D_00000 636842
FabOnDisk: Cell_D_00000 653312
FabOnDisk: Cell_D_00000 661590
FabOnDisk: Cell_D_00000 678060
FabOnDisk: Cell_D_00000 694530
FabOnDisk: Cell_D_00000 711000
FabOnDisk: Cell_D_00000 727470
FabOnDisk: Cell_D_00000 743940
FabOnDisk: Cell_D_00000 760410
FabOnDisk: Cell_D_00000 776880
FabOnDisk: Cell_D_00000 793350
FabOnDisk: Cell_D_00000 811868
FabOnDisk: Cell_D_00000 836530
FabOnDisk: Cell_D_00000 861192
FabOnDisk: Cell_D_00000 885854
FabOnDisk: Cell_D_00000 910516
FabOnDisk: Cell_D_00000 935178
FabOnDisk: Cell_D_00000 959840
FabOnDisk: Cell_D_00000 984502
FabOnDisk: Cell_D_00000 996876
FabOnDisk: Cell_D_00000 1021538
FabOnDisk: Cell_D_00000 1046200
FabOnDisk: Cell_D_00000 1070862
FabOnDisk: Cell_D_00000 1095524
FabOnDisk: Cell_D_00000 1120186
FabOnDisk: Cell_D_00000 1144848
FabOnDisk: Cell_D_00000 1169510
FabOnDisk: Cell_D_00000 1194172
FabOnDisk: Cell_D_00000 1206546
FabOnDisk: Cell_D_00000 1231208
FabOnDisk: Cell_D_00000 1255870
FabOnDisk: Cell_D_00000 1280532
FabOnDisk: Cell_D_00000 1305194
FabOnDisk: Cell_D_00000 1329856
FabOnDisk: Cell_D_00000 1354518
FabOnDisk: Cell_D_00000 1379180
FabOnDisk: Cell_D_00000 1403842
FabOnDisk: Cell_D_00000 1428504
FabOnDisk: Cell_D_00000 1453166
FabOnDisk: Cell_D_00000 1477828
FabOnDisk: Cell_D_00000 1502490
FabOnDisk: Cell_D_00000 1527152
FabOnDisk: Cell_D_00000 1551814
FabOnDisk: Cell_D_00000 1576476
FabOnDisk: Cell_D_00000 1594995
FabOnDisk: Cell_D_00000 1613514
FabOnDisk: Cell_D_00000 1632033
FabOnDisk: Cell_D_00000 1656696
FabOnDisk: Cell_D_00000 1681359
FabOnDisk: Cell_D_00000 1706022
FabOnDisk: Cell_D_00000 1730685
FabOnDisk: Cell_D_00000 1755348
FabOnDisk: Cell_D_00000 1773867
FabOnDisk: Cell_D_00000 1798530
FabOnDisk: Cell_D_00000 1823193
FabOnDisk: Cell_D_00000 1847856
FabOnDisk: Cell_D_00000 1872519
FabOnDisk: Cell_D_00000 1897182
FabOnDisk: Cell_D_00000 1921845
FabOnDisk: Cell_D_00000 1946508
FabOnDisk: Cell_D_00000 1971172
FabOnDisk: Cell_D_00000 1995836
FabOnDisk: Cell_D_00000 2020500
FabOnDisk: Cell_D_00000 2045164
FabOnDisk: Cell_D_00000 2069828
FabOnDisk: Cell_D_00000 2094492
FabOnDisk: Cell_D_00000 2119156
FabOnDisk: Cell_D_00000 2131532
FabOnDisk: Cell_D_00000 2156196
FabOnDisk: Cell_D_00000 2180860
FabOnDisk: Cell_D_00000 2205524
FabOnDisk: Cell_D_00000 2230188
FabOnDisk: Cell_D_00000 2254852
FabOnDisk: Cell_D_00000 2279516
FabOnDisk: Cell_D_00000 2304180
FabOnDisk: Cell_D_00000 2312460
FabOnDisk: Cell_D_00000 2328932
FabOnDisk: Cell_D_00000 2345404
FabOnDisk: Cell_D_00000 2361876
FabOnDisk: Cell_D_00000 2378348
FabOnDisk: Cell_D_00000 2394820
FabOnDisk: Cell_D_00000 2411292
FabOnDisk: Cell_D_00000 2435956
FabOnDisk: Cell_D_00000 2460620
FabOnDisk: Cell_D_00000 2485284
FabOnDisk: Cell_D_00000 2509948
FabOnDisk: Cell_D_00000 2534612
FabOnDisk: Cell_D_00000 2559276
FabOnDisk: Cell_D_00000 2583940
FabOnDisk: Cell_D_00000 2596316
FabOnDisk: Cell_D_00000 2620980
FabOnDisk: Cell_D_00000 2645644
FabOnDisk: Cell_D_00000 2670308
FabOnDisk: Cell_D_00000 2694972
FabOnDisk: Cell_D_00000 2719636
FabOnDisk: Cell_D_00000 2744300
FabOnDisk: Cell_D_00000 2768964
FabOnDisk: Cell_D_00000 2793628
FabOnDisk: Cell_D_00000 2818292
FabOnDisk: Cell_D_00000 2842956
FabOnDisk: Cell_D_00000 2867620
FabOnDisk: Cell_D_00000 2892284
FabOnDisk: Cell_D_00000 2916948
FabOnDisk: Cell_D_00000 2941612
FabOnDisk: Cell_D_00000 2974468
FabOnDisk: Cell_D_00000 3007324
FabOnDisk: Cell_D_00000 3040180
FabOnDisk: Cell_D_00000 3073036
FabOnDisk: Cell_D_00000 3105892
FabOnDisk: Cell_D_00000 3130556
FabOnDisk: Cell_D_00000 3155220
FabOnDisk: Cell_D_00000 3179884
FabOnDisk: Cell_D_00000 3204548
FabOnDisk: Cell_D_00000 3229212
FabOnDisk: Cell_D_00000 3253876
FabOnDisk: Cell_D_00000 3278540
FabOnDisk: Cell_D_00000 3290916
FabOnDisk: Cell_D_00000 3315580
FabOnDisk: Cell_D_00000 3340244
FabOnDisk: Cell_D_00000 3364908
FabOnDisk: Cell_D_00000 3389572
FabOnDisk: Cell_D_00000 3414236
FabOnDisk: Cell_D_00000 3422516
FabOnDisk: Cell_D_00000 3434892
FabOnDisk: Cell_D_00000 3447268
FabOnDisk: Cell_D_00000 3471932
FabOnDisk: Cell_D_00000 3496596
FabOnDisk: Cell_D_00000 3513068
FabOnDisk: Cell_D_00000 3537732
FabOnDisk: Cell_D_00000 3556252
FabOnDisk: Cell_D_00000 3589108
FabOnDisk: Cell_D_00000 3621964
FabOnDisk: Cell_D_00000 3654820

156,4
   0.00000000000000000E+000 ,
  -4.42412867644704913E-007 ,
   9.87859369683581789E-001 ,
  -9.46868116526401876E-002 ,
   0.00000000000000000E+000 ,
  -3.91607413758020038E-007 ,
   8.57936302197787715E-001 ,
  -8.89345036572937453E-002 ,
   0.00000000000000000E+000 ,
  -3.37648109176817101E-007 ,
   1.37154428554717545E-001 ,
  -7.60572869410173352E-002 ,
   0.00000000000000000E+000 ,
   3.88828518070471335E-003 ,
   1.22026346674237049E-001 ,
  -5.29500571627309971E-002 ,
   0.00000000000000000E+000 ,
   4.11936344086498013E-002 ,
   1.33797148390661341E-001 ,
  -4.59172962466277979E-002 ,
   0.00000000000000000E+000 ,
   1.94192831134122027E-003 ,
   1.55655026916056066E-001 ,
  -4.67017781732315881E-002 ,
   0.00000000000000000E+000 ,
   1.28642010852181975E-002 ,
   1.43579533049577712E-001 ,
  -4.70978635197123116E-002 ,
   0.00000000000000000E+000 ,
   9.85376016369125085E-001 ,
   1.33668556905783942E-001 ,
  -4.67135230144129707E-002 ,
   0.00000000000000000E+000 ,
   9.81937276301374617E-001 ,
   1.33734619948625594E-001 ,
  -4.67122827630610526E-002 ,
   0.00000000000000000E+000 ,
   5.57955837712268039E-003 ,
   1.43585022630730197E-001 ,
  -4.70733852319996510E-002 ,
   0.00000000000000000E+000 ,
   2.02675700864377029E-003 ,
   1.56795253379619165E-001 ,
  -4.66263287686261782E-002 ,
   0.00000000000000000E+000 ,
   2.43107951143257048E-002 ,
   1.28010688614575513E-001 ,
  -4.58691428573468063E-002 ,
   0.00000000000000000E+000 ,
   3.68112577932011879E-003 ,
   1.22892453590198167E-001 ,
  -5.28883973556824871E-002 ,
   0.00000000000000000E+000 ,
  -3.80028379403885153E-007 ,
   1.36841182011853690E-001 ,
  -7.58768146875135746E-002 ,
  -1.00000000000000006E-001 ,
  -3.99813510730470208E-007 ,
   8.54274755520743945E-001 ,
  -8.87536220986855640E-002 ,
  -1.00000000000000006E-001 ,
  -4.00706432010960997E-007 ,
   9.87552690255099730E-001 ,
  -9.45665226423337141E-002 ,
   0.00000000000000000E+000 ,
  -3.70471454290058745E-007 ,
   9.90610430578967471E-001 ,
  -9.39984172494435222E-002 ,
   0.00000000000000000E+000 ,
  -3.55526459779055986E-007 ,
   9.13352925769638557E-001 ,
  -8.97376023106640497E-002 ,
   0.00000000000000000E+000 ,
  -4.50796426923254152E-007 ,
   4.71420970171990084E-001 ,
  -7.87070776761386037E-002 ,
   0.00000000000000000E+000 ,
  -4.06408159359062153E-008 ,
   1.98033261756823731E-001 ,
  -5.99771072858710577E-002 ,
   0.00000000000000000E+000 ,
   4.10300888615753104E-003 ,
   1.66287175829544526E-001 ,
  -4.58929509386963724E-002 ,
   0.00000000000000000E+000 ,
   4.03804067662627379E-003 ,
   1.57240214471471046E-001 ,
  -4.65078427845775771E-002 ,
   0.00000000000000000E+000 ,
   1.03187148176769689E-001 ,
   1.43139953614780352E-001 ,
  -4.67326727243083731E-002 ,
   0.00000000000000000E+000 ,
   9.99985602394906525E-001 ,
   1.34859003441949205E-001 ,
  -4.66944608504255218E-002 ,
   0.00000000000000000E+000 ,
   9.99999612556115913E-001 ,
   1.34436524400426027E-001 ,
  -4.66964720088557869E-002 ,
   0.00000000000000000E+000 ,
   9.99970398939388661E-001 ,
   1.34915805856013343E-001 ,
  -4.66946439311719946E-002 ,
   0.00000000000000000E+000 ,
   8.00539239201357028E-002 ,
   1.43683554546220088E-001 ,
  -4.67326415824492816E-002 ,
   0.00000000000000000E+000 ,
   4.65052019043260805E-003 ,
   1.55025855432592563E-001 ,
  -4.65016090949109395E-002 ,
   0.00000000000000000E+000 ,
   3.45367124397874016E-003 ,
   1.65391103918880428E-001 ,
  -4.58421436596599743E-002 ,
   0.00000000000000000E+000 ,
   2.13978798842365354E-008 ,
   1.95611230225939431E-001 ,
  -6.02100762143914711E-002 ,
   0.00000000000000000E+000 ,
  -3.58070560123139581E-007 ,
   4.73087570033828619E-001 ,
  -7.85836553711149050E-002 ,
  -1.00000000000000006E-001 ,
  -3.99324458855637455E-007 ,
   9.12116634881641741E-001 ,
  -8.95553726127559374E-002 ,
  -1.00000000000000006E-001 ,
  -3.53109160830599648E-007 ,
   9.90420076368721758E-001 ,
  -9.48521690017980063E-002 ,
   0.00000000000000000E+000 ,
  -4.04171383181008174E-007 ,
   9.92794207058931510E-001 ,
  -9.47331037205223631E-002 ,
   0.00000000000000000E+000 ,
  -4.52940222433113399E-007 ,
   9.40991246487648092E-001 ,
  -9.12286705058677760E-002 ,
   0.00000000000000000E+000 ,
  -4.03701828028965306E-007 ,
   6.71618253688754496E-001 ,
  -8.23700502562593473E-002 ,
   0.00000000000000000E+000 ,
  -1.45602806082045776E-007 ,
   1.38129526999343444E-001 ,
  -6.53438445286733532E-002 ,
   0.00000000000000000E+000 ,
   1.73776138405747793E-001 ,
   1.38223969367715055E-001 ,
  -4.57891556393096172E-002 ,
   0.00000000000000000E+000 ,
   9.22161331199502055E-001 ,
   1.42301354973351668E-001 ,
  -4.63860655920853709E-002 ,
   0.00000000000000000E+000 ,
   1.61800611888971574E-001 ,
   1.39727135131099384E-001 ,
  -4.67156397098088053E-002 ,
   0.00000000000000000E+000 ,
   2.05028480499590743E-001 ,
   1.36863047236868957E-001 ,
  -4.66837113652566957E-002 ,
   0.00000000000000000E+000 ,
   9.99765874035109969E-001 ,
   1.36469622758665449E-001 ,
  -4.66730249121209417E-002 ,
   0.00000000000000000E+000 ,
   2.86691100724039749E-001 ,
   1.36870007670765736E-001 ,
  -4.66705554597370356E-002 ,
   0.00000000000000000E+000 ,
   1.23413964943038287E-001 ,
   1.42970918742442832E-001 ,
  -4.65359434726142565E-002 ,
   0.00000000000000000E+000 ,
   4.63920245337615444E-001 ,
   1.39650685060019430E-001 ,
  -4.62699610551897261E-002 ,
   0.00000000000000000E+000 ,
   1.80195963783864127E-001 ,
   1.35147095957100977E-001 ,
  -4.57296117820581577E-002 ,
   0.00000000000000000E+000 ,
  -3.25829300650385992E-007 ,
   1.39985117088363586E-001 ,
  -6.61532876471682824E-002 ,
   0.00000000000000000E+000 ,
  -3.29461733420146791E-007 ,
   6.79378392769416251E-001 ,
  -8.23276816385329346E-002 ,
                        NaN ,
  -3.80936264668592456E-007 ,
   9.40747705984909643E-001 ,
  -9.10599771272714298E-002 ,
  -1.00000000000000006E-001 ,
  -3.50745202197767211E-007 ,
   9.92684429132216994E-001 ,
  -9.54610178030502882E-002 ,
   0.00000000000000000E+000 ,
  -3.07130104864828452E-007 ,
   9.95549638332312470E-001 ,
  -9.47917431139413541E-002 ,
  -6.18652343749999944E-002 ,
  -3.56132297393972303E-007 ,
   9.65403626785988678E-001 ,
  -9.27516639745832455E-002 ,
  -6.18652343749999944E-002 ,
  -3.80197529700293713E-007 ,
   7.66013262123504401E-001 ,
  -8.57707869280350949E-002 ,
   0.00000000000000000E+000 ,
  -4.43318950444091835E-007 ,
   1.39189721217644474E-001 ,
  -7.23728671506373988E-002 ,
   0.00000000000000000E+000 ,
   1.92365314604554154E-003 ,
   1.38982226847829404E-001 ,
  -5.08635344900056352E-002 ,
   0.00000000000000000E+000 ,
   2.10028309552741377E-002 ,
   1.40407051805618355E-001 ,
  -4.64216408854400617E-002 ,
   0.00000000000000000E+000 ,
   2.22297501401885200E-002 ,
   1.51076776171041177E-001 ,
  -4.67470225964338876E-002 ,
   0.00000000000000000E+000 ,
   3.24156309302929269E-002 ,
   1.42250163068305124E-001 ,
  -4.71142864959290184E-002 ,
   0.00000000000000000E+000 ,
   1.27208899872108788E-001 ,
   1.36292866716590022E-001 ,
  -4.66616382295597584E-002 ,
   0.00000000000000000E+000 ,
   5.46528363172047310E-002 ,
   1.42809162436385195E-001 ,
  -4.66358550779991735E-002 ,
   0.00000000000000000E+000 ,
   2.64104394705246756E-002 ,
   1.44250105486253610E-001 ,
  -4.63124262293036840E-002 ,
   0.00000000000000000E+000 ,
   1.48629598156726106E-001 ,
   1.39530114325394916E-001 ,
  -4.57990608619712469E-002 ,
   0.00000000000000000E+000 ,
   8.43310657812947071E-008 ,
   1.37082982850029317E-001 ,
  -6.28652172889428984E-002 ,
   0.00000000000000000E+000 ,
  -6.63971203382507855E-007 ,
   4.45885635332735231E-001 ,
  -8.03416550124666506E-002 ,
   0.00000000000000000E+000 ,
  -4.40342652966620152E-007 ,
   9.13034395958388090E-001 ,
  -8.97958803491776952E-002 ,
                        NaN ,
  -4.15863193224067275E-007 ,
   9.87276241158720702E-001 ,
  -9.46821151396251143E-002 ,
   0.00000000000000000E+000 ,
  -4.19994323977344045E-007 ,
   9.92868553206269655E-001 ,
  -9.50614904528871846E-002 ,
  -6.18652343749999944E-002 ,
  -3.66790555985924876E-007 ,
   9.68433428821113385E-001 ,
  -9.20115487433373486E-002 ,
  -6.18652343749999944E-002 ,
  -6.70336871179450585E-007 ,
   8.70658868610648229E-001 ,
  -8.70325574687167564E-002 ,
   0.00000000000000000E+000 ,
  -3.62538242783535961E-007 ,
   3.78072481650264747E-001 ,
  -7.91933034959946824E-002 ,
   0.00000000000000000E+000 ,
   4.87865265652182288E-006 ,
   1.56887366726860128E-001 ,
  -6.16262670492949208E-002 ,
   0.00000000000000000E+000 ,
   2.12868707768511106E-002 ,
   1.49438740599652758E-001 ,
  -4.61804913100816242E-002 ,
   0.00000000000000000E+000 ,
   1.63975191533464355E-002 ,
   1.51680475552806310E-001 ,
  -4.66136629886016521E-002 ,
   0.00000000000000000E+000 ,
   1.56807264283241876E-002 ,
   1.40516561786205502E-001 ,
  -4.67444934084924671E-002 ,
   0.00000000000000000E+000 ,
   4.05951374612359250E-001 ,
   1.26866550014874235E-001 ,
  -4.62895143913758522E-002 ,
   0.00000000000000000E+000 ,
   4.17752791321835543E-002 ,
   1.34743338563159398E-001 ,
  -4.64031822742735842E-002 ,
   0.00000000000000000E+000 ,
   1.46886219481004721E-002 ,
   1.61199588695723484E-001 ,
  -4.62288928962558132E-002 ,
   0.00000000000000000E+000 ,
   1.87379270459714503E-002 ,
   1.26998031448014692E-001 ,
  -4.59638316170551814E-002 ,
   0.00000000000000000E+000 ,
  -6.08125485786469364E-009 ,
   1.28733293916792141E-001 ,
  -6.73965944151910523E-002 ,
   0.00000000000000000E+000 ,
  -4.34026523297012066E-007 ,
   5.67952384790755604E-001 ,
  -8.24435458061825582E-002 ,
   0.00000000000000000E+000 ,
  -3.75567891352929453E-007 ,
   9.21659813995699517E-001 ,
  -9.06449517284856898E-002 ,
   0.00000000000000000E+000 ,
  -3.89359465484192466E-007 ,
   9.88282290539047592E-001 ,
  -9.49701026256966202E-002 ,
  -8.74999999999999944E-002 ,
  -3.88373047233199041E-007 ,
   9.90492515433213150E-001 ,
  -9.55368398687479470E-002 ,
  -6.18652343749999944E-002 ,
  -4.67467889539871863E-007 ,
   9.40513354219972841E-001 ,
  -9.18097501844990643E-002 ,
   0.00000000000000000E+000 ,
  -3.79057082146978491E-007 ,
   6.76973871741595068E-001 ,
  -8.49639191758885387E-002 ,
  -4.37499999999999972E-002 ,
  -3.89119021376997823E-007 ,
   1.96264771837935392E-001 ,
  -7.33636032933428217E-002 ,
   0.00000000000000000E+000 ,
   5.22183411783971613E-003 ,
   1.30082380943177617E-001 ,
  -5.40675407894794721E-002 ,
   0.00000000000000000E+000 ,
   1.55437012005258165E-002 ,
   1.37391403969761849E-001 ,
  -4.62156137305542794E-002 ,
   0.00000000000000000E+000 ,
   1.52866670300154356E-001 ,
   1.33201180896819871E-001 ,
  -4.62642902703361766E-002 ,
   0.00000000000000000E+000 ,
   2.26167800632276178E-001 ,
   1.36919395410324135E-001 ,
  -4.59332653042906561E-002 ,
   0.00000000000000000E+000 ,
   6.54155813010228321E-002 ,
   1.35791392323852539E-001 ,
  -4.62524069757161913E-002 ,
   0.00000000000000000E+000 ,
   2.47889700262193162E-003 ,
   1.48017982744309357E-001 ,
  -4.89557313732117000E-002 ,
   0.00000000000000000E+000 ,
   2.06043839786893251E-007 ,
   1.51219956744125084E-001 ,
  -6.16217222052724903E-002 ,
   0.00000000000000000E+000 ,
  -3.29583815876473045E-007 ,
   1.58385073566672474E-001 ,
  -7.46296013303558020E-002 ,
   0.00000000000000000E+000 ,
  -3.53836504516130177E-007 ,
   6.75594457619356326E-001 ,
  -8.53574322712318256E-002 ,
   0.00000000000000000E+000 ,
  -4.32005555609060719E-007 ,
   9.41729106106168223E-001 ,
  -9.18842610943773203E-002 ,
   0.00000000000000000E+000 ,
  -3.70618585548262690E-007 ,
   9.90591577004538704E-001 ,
  -9.54944815304027000E-002 ,
  -8.74999999999999944E-002 ,
  -2.63979369576605661E-007 ,
   9.95960428132490527E-001 ,
  -9.50630231091866285E-002 ,
  -8.74999999999999944E-002 ,
  -3.59766587241863223E-007 ,
   9.76021053334545918E-001 ,
  -9.33920465274690748E-002 ,
  -6.59667968749999972E-002 ,
  -3.54957297605488041E-007 ,
   8.81456395219978206E-001 ,
  -8.81413664093408100E-002 ,
  -6.59667968749999972E-002 ,
  -4.05313658037692333E-007 ,
   4.73453772946716922E-001 ,
  -7.94430220329684078E-002 ,
   0.00000000000000000E+000 ,
  -2.28115772282040434E-008 ,
   1.37475183165498227E-001 ,
  -6.59503354707851736E-002 ,
   0.00000000000000000E+000 ,
   1.34266437686277024E-004 ,
   1.38385761283838421E-001 ,
  -5.05888908823066349E-002 ,
   0.00000000000000000E+000 ,
   1.06792125111416628E-001 ,
   1.34497539970649338E-001 ,
  -4.70795302899848014E-002 ,
   0.00000000000000000E+000 ,
   2.01569249906297723E-002 ,
   1.53497323076947356E-001 ,
  -4.77421944627447678E-002 ,
   0.00000000000000000E+000 ,
   5.90568071065350909E-003 ,
   1.38796721121034111E-001 ,
  -5.24769166265468268E-002 ,
   0.00000000000000000E+000 ,
  -2.35744448825746460E-007 ,
   1.44322452133646806E-001 ,
  -6.97084552024810900E-002 ,
   0.00000000000000000E+000 ,
  -3.97456392991752339E-007 ,
   5.84848884106069056E-001 ,
  -7.94400531762080586E-002 ,
   0.00000000000000000E+000 ,
  -4.89804296000714232E-007 ,
   8.04460029785976416E-001 ,
  -8.69804861224795500E-002 ,
   0.00000000000000000E+000 ,
  -3.88328419211984096E-007 ,
   9.49389200364323615E-001 ,
  -9.23239231426570273E-002 ,
   0.00000000000000000E+000 ,
  -4.59288589028265273E-007 ,
   9.90239849188020216E-001 ,
  -9.55858845014058156E-002 ,
  -8.74999999999999944E-002 ,
  -3.49979407548389652E-007 ,
   9.97884177868982647E-001 ,
  -9.64376182448558744E-002 ,
  -8.74999999999999944E-002 ,
  -3.51856613117862806E-007 ,
   9.87848245211592202E-001 ,
  -9.52906079046959981E-002 ,
  -8.74999999999999944E-002 ,
  -3.92035322197991972E-007 ,
   9.41611218996478816E-001 ,
  -9.19024262307850393E-002 ,
  -8.74999999999999944E-002 ,
  -3.33735885949470119E-007 ,
   7.61423583837318896E-001 ,
  -8.65208936014662117E-002 ,
  -8.74999999999999944E-002 ,
  -3.67745735901057802E-007 ,
   3.16215572295021230E-001 ,
  -7.89812561673210733E-002 ,
   0.00000000000000000E+000 ,
  -3.44574202561300587E-007 ,
   2.61386013725925515E-001 ,
  -7.10896338566311264E-002 ,
   0.00000000000000000E+000 ,
   2.50652284990435054E-007 ,
   1.39265399009730617E-001 ,
  -6.36749458574149829E-002 ,
  -1.25000000000000007E-002 ,
  -1.98736661904070534E-007 ,
   1.74359154714942594E-001 ,
  -6.80912513869192243E-002 ,
  -1.25000000000000007E-002 ,
  -4.48658826561861437E-007 ,
   2.54905628503730941E-001 ,
  -7.32450185666782966E-002 ,
   0.00000000000000000E+000 ,
  -3.52151071640339816E-007 ,
   4.21422982162881765E-001 ,
  -8.06611758192606054E-002 ,
   0.00000000000000000E+000 ,
  -4.81951676726221633E-007 ,
   8.43003294647579615E-001 ,
  -8.67693506371879641E-002 ,
   0.00000000000000000E+000 ,
  -4.87011791208795478E-007 ,
   9.45046609990519593E-001 ,
  -9.14058517106997037E-002 ,
   0.00000000000000000E+000 ,
  -3.83912029307833481E-007 ,
   9.84088091974501089E-001 ,
  -9.47365022490215813E-002 ,
   0.00000000000000000E+000 ,
  -3.68758884026106882E-007 ,
   9.96577010015645248E-001 ,
  -9.68760956081889252E-002 ,
  -8.74999999999999944E-002 ,
  -4.30577060744239051E-007 ,
   9.96073142725204641E-001 ,
  -9.67504579137318244E-002 ,
  -8.74999999999999944E-002 ,
  -3.98467037476085978E-007 ,
   9.82347062540288363E-001 ,
  -9.52824450454596711E-002 ,
  -8.74999999999999944E-002 ,
  -5.61498081764073553E-007 ,
   9.37407978324122926E-001 ,
  -9.26255722688270611E-002 ,
  -8.74999999999999944E-002 ,
  -4.32581891255843976E-007 ,
   8.53248805227707852E-001 ,
  -8.91499148021614451E-002 ,
  -6.56249999999999889E-002 ,
  -4.00010085007865426E-007 ,
   7.25136664683789567E-001 ,
  -8.54958879111732961E-002 ,
  -1.25000000000000007E-002 ,
  -3.75307282440145402E-007 ,
   5.97259194124429182E-001 ,
  -8.24045817296328031E-002 ,
  -1.25000000000000007E-002 ,
  -4.68242723710528605E-007 ,
   7.67610814941484310E-001 ,
  -8.17318684009334800E-002 ,
  -1.25000000000000007E-002 ,
  -3.20431949320886991E-007 ,
   8.01549399038341881E-001 ,
  -8.44343840781239113E-002 ,
  -1.25000000000000007E-002 ,
  -4.19252480240846720E-007 ,
   8.79425572041948045E-001 ,
  -8.81787892960232689E-002 ,
   0.00000000000000000E+000 ,
  -3.97228365005032397E-007 ,
   9.53557280233575555E-001 ,
  -9.16258814049671910E-002 ,
   0.00000000000000000E+000 ,
  -3.51056100006163021E-007 ,
   9.84208462165702902E-001 ,
  -9.43654743889878744E-002 ,
   0.00000000000000000E+000 ,
  -3.83617059745644919E-007 ,
   9.95347788161573765E-001 ,
  -9.64332117460351135E-002 ,
   0.00000000000000000E+000 ,
  -3.51108684249481765E-007 ,
   9.98932601677664955E-001 ,
  -9.78478760106339801E-002 ,
  -8.74999999999999944E-002 ,
  -3.72255128861247783E-007 ,
   9.96015644760575580E-001 ,
  -9.55554182961471515E-002 ,
  -8.74999999999999944E-002 ,
  -4.70307874051721312E-007 ,
   9.90872680311616794E-001 ,
  -9.56232795281878184E-002 ,
  -8.74999999999999944E-002 ,
  -3.32428690809784494E-007 ,
   9.78951835690290872E-001 ,
  -9.34703229038635619E-002 ,
  -8.74999999999999944E-002 ,
  -4.22692154465257212E-007 ,
   9.62262182100286467E-001 ,
  -9.14694883966618993E-002 ,
  -1.25000000000000007E-002 ,
  -3.71393282319145007E-007 ,
   9.50795889187606158E-001 ,
  -8.98637243970375615E-002 ,
  -1.25000000000000007E-002 ,
  -3.95002179151012203E-007 ,
   9.50577419146445890E-001 ,
  -8.94323170760661923E-002 ,
  -1.25000000000000007E-002 ,
  -3.63620998099481257E-007 ,
   9.56816028628946325E-001 ,
  -8.80782360800724112E-002 ,
  -1.25000000000000007E-002 ,
  -3.05212125947948291E-007 ,
   9.64456751988256422E-001 ,
  -8.96943093653660289E-002 ,
  -1.25000000000000007E-002 ,
  -4.10996416949792850E-007 ,
   9.77488124515225598E-001 ,
  -9.15074558158039675E-002 ,
  -1.25000000000000007E-002 ,
  -3.73361308491079351E-007 ,
   9.88096443521876644E-001 ,
  -9.50426057321878820E-002 ,
   0.00000000000000000E+000 ,
  -4.28950708972894698E-007 ,
   9.94406769152852865E-001 ,
  -9.59677633056065793E-002 ,
  -1.25000000000000007E-002 ,
  -3.29240812226766108E-007 ,
   9.84675998304120337E-001 ,
  -9.40541408720611816E-002 ,
  -1.25000000000000007E-002 ,
  -3.87321658574778276E-007 ,
   9.87272963116821778E-001 ,
  -9.47228058903367837E-002 ,
  -1.25000000000000007E-002 ,
  -3.81805901982151123E-007 ,
   9.91728201182744518E-001 ,
  -9.47530907477377449E-002 ,
  -8.74999999999999944E-002 ,
  -4.32781915779653805E-007 ,
   9.95439356430044997E-001 ,
  -9.65927763155050439E-002 ,
  -8.74999999999999944E-002 ,
  -4.11184571844433527E-007 ,
   9.92080304607033781E-001 ,
  -9.56569027603943606E-002 ,
  -1.25000000000000007E-002 ,
  -4.10959713533459166E-007 ,
   9.89906146773834483E-001 ,
  -9.49328798304535509E-002 ,
  -1.25000000000000007E-002 ,
  -3.76999253253477724E-007 ,
   9.89834982409426023E-001 ,
  -9.47428941963708998E-002 ,

156,4
   0.00000000000000000E+000 ,
   3.83693596112750923E-007 ,
   9.99033468921892154E-001 ,
  -8.84441768019406799E-002 ,
   0.00000000000000000E+000 ,
   3.69744598478805203E-007 ,
   9.89762537150427724E-001 ,
  -7.31760394588145680E-002 ,
   2.59399414062500000E-003 ,
   8.59392132910439921E-001 ,
   9.05193997395453254E-001 ,
  -4.36058868671412858E-002 ,
   0.00000000000000000E+000 ,
   9.99987477602241936E-001 ,
   4.26311509362281404E-001 ,
  -4.32577862350524076E-002 ,
   0.00000000000000000E+000 ,
   9.99999977017049346E-001 ,
   1.90173634562117722E-001 ,
  -4.38219149103159511E-002 ,
   0.00000000000000000E+000 ,
   9.99999945222428188E-001 ,
   1.69308811954400507E-001 ,
  -4.56253184350002144E-002 ,
   0.00000000000000000E+000 ,
   9.99961180959995644E-001 ,
   1.69617647364050605E-001 ,
  -4.65566743401073305E-002 ,
   0.00000000000000000E+000 ,
   1.00000033028391577E+000 ,
   1.44289293924477730E-001 ,
  -4.66549706402413847E-002 ,
   0.00000000000000000E+000 ,
   1.00000031831173852E+000 ,
   1.44801460549220246E-001 ,
  -4.66359855885040142E-002 ,
   0.00000000000000000E+000 ,
   9.99961056761961120E-001 ,
   1.67283273422517198E-001 ,
  -4.65362862054007273E-002 ,
   0.00000000000000000E+000 ,
   9.99999965948018099E-001 ,
   1.69812971334252993E-001 ,
  -4.55600151043059967E-002 ,
   0.00000000000000000E+000 ,
   1.00000013126644727E+000 ,
   1.87940855350167080E-001 ,
  -4.34654218524466313E-002 ,
   0.00000000000000000E+000 ,
   9.99989253014042512E-001 ,
   4.28244554399827615E-001 ,
  -4.30172617374249000E-002 ,
   0.00000000000000000E+000 ,
   8.66758113873708047E-001 ,
   9.03830081845445221E-001 ,
  -4.33993201765201370E-002 ,
   0.00000000000000000E+000 ,
   4.08473993791688168E-007 ,
   9.89552535918736487E-001 ,
  -7.28668559356544787E-002 ,
  -1.00000000000000006E-001 ,
   3.72825660072928389E-007 ,
   9.99015224435869320E-001 ,
  -8.82380799857420545E-002 ,
   0.00000000000000000E+000 ,
   3.24515827482476955E-007 ,
   9.98578440449968574E-001 ,
  -8.92440178979427290E-002 ,
   0.00000000000000000E+000 ,
   3.83106168070788678E-007 ,
   9.92134541166981410E-001 ,
  -7.67943215838235022E-002 ,
   2.59399414062500000E-003 ,
   9.58397765777869873E-004 ,
   9.35785174936808017E-001 ,
  -5.43317668158029565E-002 ,
   0.00000000000000000E+000 ,
   3.23852173761887296E-001 ,
   6.50351131765817048E-001 ,
  -4.52322293895592725E-002 ,
   0.00000000000000000E+000 ,
   8.85916019032361723E-001 ,
   2.14353730496328165E-001 ,
  -4.50979831960386518E-002 ,
   0.00000000000000000E+000 ,
   9.98109495412150549E-001 ,
   1.69467349605048723E-001 ,
  -4.58316985314006151E-002 ,
   0.00000000000000000E+000 ,
   9.99999740008743143E-001 ,
   1.60647332994222986E-001 ,
  -4.63594598635553648E-002 ,
   0.00000000000000000E+000 ,
   1.00000037025093391E+000 ,
   1.44121270779973804E-001 ,
  -4.65525898505635000E-002 ,
   0.00000000000000000E+000 ,
   1.00000036894555011E+000 ,
   1.36620744687740242E-001 ,
  -4.66718379279152870E-002 ,
   0.00000000000000000E+000 ,
   1.00000038625283039E+000 ,
   1.44630603533833640E-001 ,
  -4.65524329208121812E-002 ,
   0.00000000000000000E+000 ,
   9.99999562357389404E-001 ,
   1.60814904477799725E-001 ,
  -4.62961243804116754E-002 ,
   0.00000000000000000E+000 ,
   9.98765457714569038E-001 ,
   1.69913041197225112E-001 ,
  -4.57777547187311964E-002 ,
   0.00000000000000000E+000 ,
   9.22160945614578731E-001 ,
   2.16112601678887434E-001 ,
  -4.49674044781557605E-002 ,
   0.00000000000000000E+000 ,
   3.15417807306024811E-001 ,
   6.58067337016031262E-001 ,
  -4.50590145812828080E-002 ,
   0.00000000000000000E+000 ,
   9.11735806623155420E-004 ,
   9.35507989953252461E-001 ,
  -5.42612512983433534E-002 ,
  -1.00000000000000006E-001 ,
   3.86030513466771618E-007 ,
   9.92013577409267988E-001 ,
  -7.66061735799234700E-002 ,
  -1.00000000000000006E-001 ,
   4.71951985970784396E-007 ,
   9.99197379712334466E-001 ,
  -8.90582369127742302E-002 ,
   0.00000000000000000E+000 ,
   3.15348363214838385E-007 ,
   9.99076319704850557E-001 ,
  -9.00295397989412383E-002 ,
   0.00000000000000000E+000 ,
   4.04332578160915669E-007 ,
   9.95136122493836650E-001 ,
  -7.93322897598273818E-002 ,
   7.81250000000000000E-003 ,
   4.68927484307496342E-007 ,
   9.62411034672416732E-001 ,
  -6.09075811894680061E-002 ,
   2.59399414062500000E-003 ,
   9.72312990349824768E-001 ,
   7.47099282654992702E-001 ,
  -4.37606175591447044E-002 ,
   0.00000000000000000E+000 ,
   9.99902686651364059E-001 ,
   1.96886507861249921E-001 ,
  -4.41448807326887543E-002 ,
   0.00000000000000000E+000 ,
   9.99998258836692022E-001 ,
   1.65193711515689484E-001 ,
  -4.51924732760907930E-002 ,
   0.00000000000000000E+000 ,
   9.99989234778815295E-001 ,
   1.63156420157525850E-001 ,
  -4.60574021625825628E-002 ,
   0.00000000000000000E+000 ,
   1.00000027329791519E+000 ,
   1.50125207716079040E-001 ,
  -4.64551209286633709E-002 ,
   0.00000000000000000E+000 ,
   1.00000026262900388E+000 ,
   1.41779876872939581E-001 ,
  -4.65777326586825566E-002 ,
   0.00000000000000000E+000 ,
   1.00000016407873327E+000 ,
   1.46873175059281685E-001 ,
  -4.63373459723135511E-002 ,
   0.00000000000000000E+000 ,
   9.99997665498830512E-001 ,
   1.54210628116467630E-001 ,
  -4.59574265848122845E-002 ,
   0.00000000000000000E+000 ,
   9.99998941362877480E-001 ,
   1.64033647291113777E-001 ,
  -4.51350029274673048E-002 ,
   0.00000000000000000E+000 ,
   9.99917758097705778E-001 ,
   1.99267028191362633E-001 ,
  -4.38330071567604729E-002 ,
   0.00000000000000000E+000 ,
   9.33566020166972987E-001 ,
   7.67658210310489864E-001 ,
  -4.37293859594366160E-002 ,
   0.00000000000000000E+000 ,
   3.38445733040543916E-007 ,
   9.62927286522283432E-001 ,
  -6.11406355685356478E-002 ,
                        NaN ,
   3.61035300420780140E-007 ,
   9.95098882405991869E-001 ,
  -7.91975448501967133E-002 ,
  -1.00000000000000006E-001 ,
   4.32944323406554238E-007 ,
   9.99472811969852937E-001 ,
  -8.98412910201754761E-002 ,
   0.00000000000000000E+000 ,
   4.35668256513516804E-007 ,
   9.99064280640661329E-001 ,
  -9.14823299325129152E-002 ,
   7.81250000000000000E-003 ,
   3.73925644635924955E-007 ,
   9.97239799641260305E-001 ,
  -8.28864264786542543E-002 ,
   7.81250000000000000E-003 ,
   4.35736199806740476E-007 ,
   9.78814977691184973E-001 ,
  -6.63270928379458835E-002 ,
   2.59399414062500000E-003 ,
   9.14158397901253306E-001 ,
   8.58935417132916434E-001 ,
  -4.38374026097050201E-002 ,
   0.00000000000000000E+000 ,
   9.98535469790424957E-001 ,
   3.46445164701683850E-001 ,
  -4.41557180638924504E-002 ,
   0.00000000000000000E+000 ,
   9.99918346032900529E-001 ,
   1.68397191292482012E-001 ,
  -4.50323827727640985E-002 ,
   0.00000000000000000E+000 ,
   9.99716991013576806E-001 ,
   1.65943186720588859E-001 ,
  -4.62167164291803628E-002 ,
   0.00000000000000000E+000 ,
   9.99995432163622078E-001 ,
   1.62811487175861497E-001 ,
  -4.63369656671051913E-002 ,
   0.00000000000000000E+000 ,
   9.99998984298065663E-001 ,
   1.46426305508713495E-001 ,
  -4.59931606803677395E-002 ,
   0.00000000000000000E+000 ,
   9.99736297212037828E-001 ,
   1.63500137103624266E-001 ,
  -4.59751643748774683E-002 ,
   0.00000000000000000E+000 ,
   9.99953240469877880E-001 ,
   1.67724454068513884E-001 ,
  -4.54700273951792605E-002 ,
   0.00000000000000000E+000 ,
   9.99969059540167682E-001 ,
   1.79346868565880557E-001 ,
  -4.48917875126756058E-002 ,
   0.00000000000000000E+000 ,
   9.91560246733060979E-001 ,
   6.83418350560348387E-001 ,
  -4.38601258098781643E-002 ,
   0.00000000000000000E+000 ,
   3.18954293933521992E-003 ,
   9.46239245412973995E-001 ,
  -5.40516093787957244E-002 ,
   0.00000000000000000E+000 ,
   3.67190157706794660E-007 ,
   9.92228475628620710E-001 ,
  -7.62104725547384926E-002 ,
                        NaN ,
   4.23678505917904799E-007 ,
   9.99054840214798179E-001 ,
  -8.78056276226089477E-002 ,
   0.00000000000000000E+000 ,
   3.03767207974431261E-007 ,
   9.99174938822780745E-001 ,
  -9.01357288122687367E-002 ,
   0.00000000000000000E+000 ,
   3.48748695802082788E-007 ,
   9.96095789060895020E-001 ,
  -8.36755679771986893E-002 ,
   7.81250000000000000E-003 ,
   3.15366142849346385E-007 ,
   9.83232701035821832E-001 ,
  -7.32361006970538853E-002 ,
   7.81250000000000000E-003 ,
   2.37507318430188116E-003 ,
   9.34955995743007584E-001 ,
  -5.18565622556706393E-002 ,
   0.00000000000000000E+000 ,
   9.97973664441599628E-001 ,
   6.45129970461789326E-001 ,
  -4.50327296795810170E-002 ,
   0.00000000000000000E+000 ,
   9.99979108806819283E-001 ,
   1.95285583006379160E-001 ,
  -4.51449730195757556E-002 ,
   0.00000000000000000E+000 ,
   9.99990802122069256E-001 ,
   1.67694402331920400E-001 ,
  -4.53404029808602838E-002 ,
   0.00000000000000000E+000 ,
   9.99994717005855405E-001 ,
   1.67034447330809133E-001 ,
  -4.58656108129211690E-002 ,
   0.00000000000000000E+000 ,
   9.99992199088258427E-001 ,
   1.42874769488123027E-001 ,
  -4.52524353283321884E-002 ,
   0.00000000000000000E+000 ,
   9.99603184241203313E-001 ,
   1.67488273750362293E-001 ,
  -4.55652146690832122E-002 ,
   0.00000000000000000E+000 ,
   9.98709898827057407E-001 ,
   2.10007337376733272E-001 ,
  -4.54754616748804658E-002 ,
   0.00000000000000000E+000 ,
   9.99955644010042666E-001 ,
   2.09676611411567515E-001 ,
  -4.37371031863549101E-002 ,
   0.00000000000000000E+000 ,
   9.90418947245344627E-001 ,
   7.68796588448304230E-001 ,
  -4.37879170362894116E-002 ,
   0.00000000000000000E+000 ,
   4.60578651977525191E-006 ,
   9.58965897578785698E-001 ,
  -5.82458601973697213E-002 ,
   0.00000000000000000E+000 ,
   4.31698789170078904E-007 ,
   9.93627436555190480E-001 ,
  -7.75860543066032027E-002 ,
   0.00000000000000000E+000 ,
   3.64571688517344242E-007 ,
   9.99169227396789705E-001 ,
  -8.83243503747240394E-002 ,
   0.00000000000000000E+000 ,
   4.06670418876416688E-007 ,
   9.99376610284506084E-001 ,
  -8.93262871727233954E-002 ,
   7.81250000000000000E-003 ,
   4.35950563212899998E-007 ,
   9.95548954049218393E-001 ,
  -7.98571841549039346E-002 ,
   7.81250000000000000E-003 ,
   1.05830638115385216E-006 ,
   9.73676938562680228E-001 ,
  -6.29120536482866005E-002 ,
   7.81250000000000000E-003 ,
   5.89421648155753819E-001 ,
   8.70381868290978189E-001 ,
  -4.56596157614145431E-002 ,
   0.00000000000000000E+000 ,
   9.99952561931387152E-001 ,
   4.23315666376186506E-001 ,
  -4.38778395706976090E-002 ,
   0.00000000000000000E+000 ,
   9.99977397735760776E-001 ,
   2.01554064458754095E-001 ,
  -4.42011919564193820E-002 ,
   0.00000000000000000E+000 ,
   9.99958667183861949E-001 ,
   1.80431993218142239E-001 ,
  -4.46244632826782173E-002 ,
   0.00000000000000000E+000 ,
   9.96075134369772908E-001 ,
   1.56592546200685467E-001 ,
  -4.55867920260111109E-002 ,
   0.00000000000000000E+000 ,
   9.99737197695718893E-001 ,
   1.66344506106813117E-001 ,
  -4.54612113412399890E-002 ,
   0.00000000000000000E+000 ,
   9.99826811203633148E-001 ,
   3.08664894249611077E-001 ,
  -4.45842453968923608E-002 ,
   0.00000000000000000E+000 ,
   8.72094391564530835E-001 ,
   6.69372204114750846E-001 ,
  -4.39047860897601797E-002 ,
   0.00000000000000000E+000 ,
   7.19311453162677861E-001 ,
   8.84721214253789578E-001 ,
  -4.39633463197631746E-002 ,
   0.00000000000000000E+000 ,
   1.25747523997518320E-006 ,
   9.74922882241649469E-001 ,
  -6.31217794050552838E-002 ,
   0.00000000000000000E+000 ,
   3.70670884336824875E-007 ,
   9.95630214724191109E-001 ,
  -8.01463213840798439E-002 ,
   0.00000000000000000E+000 ,
   4.68068741112697172E-007 ,
   9.99375956270621701E-001 ,
  -8.93811850111090322E-002 ,
   0.00000000000000000E+000 ,
   3.53580642541665413E-007 ,
   9.99090426804446263E-001 ,
  -9.20715087009346400E-002 ,
   0.00000000000000000E+000 ,
   3.77130912658120369E-007 ,
   9.97662275013699529E-001 ,
  -8.54531436810250233E-002 ,
   7.81250000000000000E-003 ,
   3.53597988643240152E-007 ,
   9.86625671472762256E-001 ,
  -7.42247952014368634E-002 ,
   7.81250000000000000E-003 ,
   1.27320953347260222E-003 ,
   9.35923190126074611E-001 ,
  -5.56476829239177240E-002 ,
   0.00000000000000000E+000 ,
   9.33978633652762902E-001 ,
   7.38412516751213222E-001 ,
  -4.38721620274756877E-002 ,
   0.00000000000000000E+000 ,
   9.77195494620624272E-001 ,
   3.65979564656708556E-001 ,
  -4.41071635772308582E-002 ,
   0.00000000000000000E+000 ,
   9.99303996020187046E-001 ,
   2.38007188096021366E-001 ,
  -4.46099538302714635E-002 ,
   0.00000000000000000E+000 ,
   9.95898511615033954E-001 ,
   2.38164459229488895E-001 ,
  -4.55501258389521546E-002 ,
   0.00000000000000000E+000 ,
   9.99144326034650643E-001 ,
   3.61681323329672400E-001 ,
  -4.42406160460196499E-002 ,
   0.00000000000000000E+000 ,
   9.65087621161849540E-001 ,
   8.29602990693619979E-001 ,
  -4.42257785268113102E-002 ,
   0.00000000000000000E+000 ,
   3.85955122445034006E-007 ,
   9.40154397504209260E-001 ,
  -5.74648887585426024E-002 ,
   0.00000000000000000E+000 ,
   4.37285757864243261E-007 ,
   9.82527362287718420E-001 ,
  -6.88973464781013761E-002 ,
   0.00000000000000000E+000 ,
   4.86392752933039594E-007 ,
   9.96223772240767080E-001 ,
  -8.11902254805503126E-002 ,
   0.00000000000000000E+000 ,
   3.59218684894885862E-007 ,
   9.99361563177937562E-001 ,
  -8.94091350167245114E-002 ,
   0.00000000000000000E+000 ,
   3.39607299285833707E-007 ,
   9.99682388124761401E-001 ,
  -9.36042811852695472E-002 ,
   0.00000000000000000E+000 ,
   3.79260399480914484E-007 ,
   9.99202217034252271E-001 ,
  -8.85304477647513161E-002 ,
   3.90625000000000000E-003 ,
   4.60726643436592196E-007 ,
   9.95661617722189529E-001 ,
  -8.01215584401309272E-002 ,
   7.81250000000000000E-003 ,
   3.50790830295748038E-007 ,
   9.80555020907871611E-001 ,
  -6.70980195718881151E-002 ,
   0.00000000000000000E+000 ,
   9.88011410170245713E-002 ,
   9.31332750895228823E-001 ,
  -5.08254249026883972E-002 ,
   0.00000000000000000E+000 ,
   1.25906591211130375E-001 ,
   8.41285475697832075E-001 ,
  -4.78547847936937679E-002 ,
   0.00000000000000000E+000 ,
   9.79545317310601238E-001 ,
   7.00911448805165094E-001 ,
  -4.44276834663202835E-002 ,
   0.00000000000000000E+000 ,
   7.88774187308195152E-001 ,
   7.86252699481104100E-001 ,
  -4.55927292499301029E-002 ,
   0.00000000000000000E+000 ,
   2.62978745778079226E-001 ,
   8.68538640740602830E-001 ,
  -4.84581882685390791E-002 ,
   0.00000000000000000E+000 ,
   9.66013109146343640E-003 ,
   9.49308204784273468E-001 ,
  -5.42853763615055579E-002 ,
   0.00000000000000000E+000 ,
   3.64722028123487237E-007 ,
   9.82759842000070827E-001 ,
  -7.05977045216727023E-002 ,
   0.00000000000000000E+000 ,
   3.70768388879188654E-007 ,
   9.94887603218623240E-001 ,
  -8.00722835711005915E-002 ,
   0.00000000000000000E+000 ,
   4.01685413149484827E-007 ,
   9.98819701977127772E-001 ,
  -8.74010954683243496E-002 ,
   0.00000000000000000E+000 ,
   4.44333897800279545E-007 ,
   9.99788143790034556E-001 ,
  -9.25707514492418865E-002 ,
  -5.87890625000000028E-002 ,
   3.54613774937957119E-007 ,
   9.99760146457605470E-001 ,
  -9.21696252049496872E-002 ,
  -5.87890625000000028E-002 ,
   3.92807828167807911E-007 ,
   9.99205847037329842E-001 ,
  -8.69684675609570662E-002 ,
   0.00000000000000000E+000 ,
   4.06627665058701272E-007 ,
   9.96780729551391076E-001 ,
  -7.96689223671457475E-002 ,
   0.00000000000000000E+000 ,
   3.48840749310112800E-007 ,
   9.89987862026963095E-001 ,
  -7.19260671417473324E-002 ,
   0.00000000000000000E+000 ,
   3.45410932376795949E-007 ,
   9.77114258947064385E-001 ,
  -6.47558106915288451E-002 ,
   0.00000000000000000E+000 ,
   6.36262433643019267E-005 ,
   9.59197716590556193E-001 ,
  -5.98527557201038798E-002 ,
   0.00000000000000000E+000 ,
   4.44037517185355734E-007 ,
   9.53525103375444494E-001 ,
  -6.71437319953497869E-002 ,
   0.00000000000000000E+000 ,
   3.51016322137348379E-007 ,
   9.70873527695090610E-001 ,
  -6.89367921535894851E-002 ,
   0.00000000000000000E+000 ,
   4.05524468888467313E-007 ,
   9.87000282102723614E-001 ,
  -7.40610495754385062E-002 ,
   0.00000000000000000E+000 ,
   4.04233549531093017E-007 ,
   9.95334960745679842E-001 ,
  -8.12551141183689568E-002 ,
   0.00000000000000000E+000 ,
   3.82997691221479121E-007 ,
   9.98600752930595359E-001 ,
  -8.71774835345365956E-002 ,
   0.00000000000000000E+000 ,
   3.96216470935783356E-007 ,
   9.99666070397016937E-001 ,
  -9.16772795969598847E-002 ,
   0.00000000000000000E+000 ,
   4.22569157171410951E-007 ,
   9.99937616158331544E-001 ,
  -9.49036192518441096E-002 ,
  -6.59667968749999972E-002 ,
   3.86525330928844373E-007 ,
   9.99359697994891660E-001 ,
  -9.20453057858834772E-002 ,
   0.00000000000000000E+000 ,
   4.04431288149446883E-007 ,
   9.99398493673775978E-001 ,
  -8.94866388870282636E-002 ,
   0.00000000000000000E+000 ,
   4.66843536080839110E-007 ,
   9.97794147972688172E-001 ,
  -8.59109036569093570E-002 ,
   0.00000000000000000E+000 ,
   4.00643702457979440E-007 ,
   9.95026532644124329E-001 ,
  -8.28810934810353117E-002 ,
   0.00000000000000000E+000 ,
   4.49104870216986179E-007 ,
   9.91428838409421864E-001 ,
  -8.13595680612681504E-002 ,
   0.00000000000000000E+000 ,
   3.70357291650789187E-007 ,
   9.90255070664150749E-001 ,
  -8.13109798725330929E-002 ,
   0.00000000000000000E+000 ,
   3.92200676599922727E-007 ,
   9.86227889439872829E-001 ,
  -8.22100478062588458E-002 ,
   0.00000000000000000E+000 ,
   3.21351837007296020E-007 ,
   9.90995276169493122E-001 ,
  -8.33408934108038069E-002 ,
   0.00000000000000000E+000 ,
   3.46562297636276190E-007 ,
   9.95018581911364497E-001 ,
  -8.57717456610144757E-002 ,
   0.00000000000000000E+000 ,
   3.68305306152368323E-007 ,
   9.99088926378930875E-001 ,
  -8.85395152375429151E-002 ,
   0.00000000000000000E+000 ,
   4.33781206703778756E-007 ,
   9.99518760513167570E-001 ,
  -9.11006379847091874E-002 ,
   0.00000000000000000E+000 ,
   4.21405736792614896E-007 ,
   9.98374200859414751E-001 ,
  -8.76561245067325467E-002 ,
   0.00000000000000000E+000 ,
   5.56565402981386412E-007 ,
   9.98892230550091687E-001 ,
  -8.83959986252698393E-002 ,
   0.00000000000000000E+000 ,
   4.22182716455508000E-007 ,
   9.98905968845273495E-001 ,
  -8.99896431027284727E-002 ,
   0.00000000000000000E+000 ,
   4.79804915811276282E-007 ,
   9.99738024141571424E-001 ,
  -9.17104113658122611E-002 ,
   0.00000000000000000E+000 ,
   4.40147731052922204E-007 ,
   9.99426382829407878E-001 ,
  -9.01297715004558408E-002 ,
   0.00000000000000000E+000 ,
   3.85744760810856826E-007 ,
   9.99041331118508014E-001 ,
  -8.93512808470499215E-002 ,
   0.00000000000000000E+000 ,
   4.04144936962650750E-007 ,
   9.98907268360405887E-001 ,
  -8.92929628401035597E-002 ,
