1
0
4
0
(12 0
((0,64) (23,95) (0,0))
((0,96) (23,127) (0,0))
((0,128) (23,159) (0,0))
((0,160) (23,191) (0,0))
((24,64) (47,95) (0,0))
((24,96) (47,127) (0,0))
((24,128) (47,159) (0,0))
((24,160) (47,191) (0,0))
((48,64) (71,95) (0,0))
((48,96) (71,127) (0,0))
((48,128) (71,159) (0,0))
((48,160) (71,191) (0,0))
)
12
FabOnDisk: Cell_D_00000 0
FabOnDisk: Cell_D_00000 24659
FabOnDisk: Cell_D_00000 49319
FabOnDisk: Cell_D_00000 73980
FabOnDisk: Cell_D_00000 98641
FabOnDisk: Cell_D_00000 123301
FabOnDisk: Cell_D_00000 147962
FabOnDisk: Cell_D_00000 172624
FabOnDisk: Cell_D_00000 197286
FabOnDisk: Cell_D_00000 221946
FabOnDisk: Cell_D_00000 246607
FabOnDisk: Cell_D_00000 271269

12,4
  -9.32617187500000000E-002 ,
  -1.50317823419388064E-007 ,
   1.24941409864281289E-001 ,
  -9.80556724697002752E-002 ,
  -6.25000000000000035E-003 ,
   1.48668715342068318E-007 ,
   1.25173031089401809E-001 ,
  -6.45746230790961578E-002 ,
   0.00000000000000000E+000 ,
   2.32177705525566492E-007 ,
   1.25186613634215044E-001 ,
  -6.46457166829726010E-002 ,
   0.00000000000000000E+000 ,
  -1.78916221009851860E-007 ,
   1.24799038411837329E-001 ,
  -9.80005396624128999E-002 ,
  -1.00000000000000006E-001 ,
  -1.65100049064627643E-007 ,
   7.98569143465687525E-001 ,
  -9.94233373885910210E-002 ,
  -1.00000000000000006E-001 ,
  -7.52942928003817470E-008 ,
   1.19084110320402697E-001 ,
  -9.36075944404794746E-002 ,
  -1.25000000000000007E-002 ,
  -6.33130333398838615E-008 ,
   1.24267858031360048E-001 ,
  -9.38389091727188235E-002 ,
   0.00000000000000000E+000 ,
  -1.69802313727379880E-007 ,
   7.96503697021991974E-001 ,
  -9.94070723912013482E-002 ,
  -8.74999999999999944E-002 ,
  -1.76494948657305524E-007 ,
   9.98450335325834493E-001 ,
  -9.99045323431086013E-002 ,
  -8.74999999999999944E-002 ,
  -1.84081516592082738E-007 ,
   9.61683984684180038E-001 ,
  -9.92169496840859949E-002 ,
  -1.25000000000000007E-002 ,
  -1.68294938368580245E-007 ,
   9.61793858466071239E-001 ,
  -9.92199137974659889E-002 ,
   0.00000000000000000E+000 ,
  -1.94033728478748734E-007 ,
   9.98545612485700396E-001 ,
  -9.99023036187687702E-002 ,

12,4
   1.56250000000000000E-002 ,
   9.87782466883093346E-001 ,
   9.99957288637375763E-001 ,
  -4.40006838216395191E-002 ,
   0.00000000000000000E+000 ,
   1.00000006356033655E+000 ,
   7.09086833724006826E-001 ,
  -4.40504915924762874E-002 ,
   0.00000000000000000E+000 ,
   1.00000005519469815E+000 ,
   7.04971846728823626E-001 ,
  -4.37851880911939786E-002 ,
   0.00000000000000000E+000 ,
   9.88388801307673148E-001 ,
   9.99956810723444334E-001 ,
  -4.37751535194736002E-002 ,
   1.56250000000000000E-002 ,
   2.41988791174135806E-007 ,
   9.99999190402825477E-001 ,
  -6.91573181839711393E-002 ,
   7.81250000000000000E-003 ,
   9.99991091101182006E-001 ,
   9.97617093010784828E-001 ,
  -4.43115409307715813E-002 ,
   0.00000000000000000E+000 ,
   9.98439853737026817E-001 ,
   9.97794188524866565E-001 ,
  -4.46144911419842291E-002 ,
   0.00000000000000000E+000 ,
   1.85514328949531717E-007 ,
   9.99999007601072520E-001 ,
  -6.92722186039288479E-002 ,
   0.00000000000000000E+000 ,
   1.95556913400418478E-007 ,
   1.00000058065340003E+000 ,
  -9.44452582792231349E-002 ,
   0.00000000000000000E+000 ,
   1.79715606318707098E-007 ,
   9.99997506470867825E-001 ,
  -8.35179453481529055E-002 ,
   0.00000000000000000E+000 ,
   1.85489484707426072E-007 ,
   9.99997648062002864E-001 ,
  -8.35648870630961854E-002 ,
   0.00000000000000000E+000 ,
   2.41953498211650878E-007 ,
   1.00000058055003560E+000 ,
  -9.46387962013994777E-002 ,
