1
0
4
0
(16 0
((0,0) (31,31) (0,0))
((0,32) (31,63) (0,0))
((0,64) (31,95) (0,0))
((0,96) (31,127) (0,0))
((32,0) (63,31) (0,0))
((32,32) (63,63) (0,0))
((32,64) (63,95) (0,0))
((32,96) (63,127) (0,0))
((64,0) (95,31) (0,0))
((64,32) (95,63) (0,0))
((64,64) (95,95) (0,0))
((64,96) (95,127) (0,0))
((96,0) (127,31) (0,0))
((96,32) (127,63) (0,0))
((96,64) (127,95) (0,0))
((96,96) (127,127) (0,0))
)
16
FabOnDisk: Cell_D_00000 0
FabOnDisk: Cell_D_00000 32850
FabOnDisk: Cell_D_00000 65701
FabOnDisk: Cell_D_00000 98552
FabOnDisk: Cell_D_00000 131404
FabOnDisk: Cell_D_00000 164255
FabOnDisk: Cell_D_00000 197107
FabOnDisk: Cell_D_00000 229959
FabOnDisk: Cell_D_00000 262812
FabOnDisk: Cell_D_00000 295663
FabOnDisk: Cell_D_00000 328515
FabOnDisk: Cell_D_00000 361367
FabOnDisk: Cell_D_00000 394220
FabOnDisk: Cell_D_00000 427072
FabOnDisk: Cell_D_00000 459925
FabOnDisk: Cell_D_00000 492778

16,4
  -6.67785644531249944E-002 ,
  -9.40502374948164095E-008 ,
   1.28703726749076874E-001 ,
  -9.96912840826635754E-002 ,
  -8.74999999999999944E-002 ,
  -2.80349646537284425E-008 ,
   1.36547157942640801E-001 ,
  -9.10181160321805321E-002 ,
  -1.50390625000000021E-002 ,
  -3.02698644700283254E-008 ,
   1.30864042297455074E-001 ,
  -9.16009317514804855E-002 ,
  -1.00000000000000006E-001 ,
  -8.24474822255029331E-008 ,
   1.29943570415598175E-001 ,
  -9.96886914378025679E-002 ,
  -8.74999999999999944E-002 ,
  -9.06746631511784981E-008 ,
   9.97952067732495340E-001 ,
  -9.99887854104627716E-002 ,
  -1.00000000000000006E-001 ,
  -9.97901716482951359E-008 ,
   1.68316649568885368E-001 ,
  -9.98187410232853484E-002 ,
  -1.00000000000000006E-001 ,
  -6.18632904980515573E-008 ,
   1.44499198633597753E-001 ,
  -9.98222488960537613E-002 ,
  -1.00000000000000006E-001 ,
  -1.19685806574727248E-007 ,
   9.98414545503770512E-001 ,
  -9.99887486097017497E-002 ,
  -1.00000000000000006E-001 ,
   0.00000000000000000E+000 ,
   9.99999998157668935E-001 ,
  -9.99999305306101954E-002 ,
   0.00000000000000000E+000 ,
   0.00000000000000000E+000 ,
   9.99999793242051793E-001 ,
  -9.99991641211428750E-002 ,
  -1.00000000000000006E-001 ,
   0.00000000000000000E+000 ,
   9.99999793607392440E-001 ,
  -9.99991678612615204E-002 ,
   0.00000000000000000E+000 ,
   0.00000000000000000E+000 ,
   9.99999998294438419E-001 ,
  -9.99999299407171860E-002 ,
  -1.00000000000000006E-001 ,
   0.00000000000000000E+000 ,
   1.00000000000000000E+000 ,
  -9.99999998617000507E-002 ,
  -1.00000000000000006E-001 ,
   0.00000000000000000E+000 ,
   1.00000000000000000E+000 ,
  -9.99999985775849448E-002 ,
  -1.00000000000000006E-001 ,
   0.00000000000000000E+000 ,
   1.00000000000000000E+000 ,
  -9.99999985724711327E-002 ,
  -1.00000000000000006E-001 ,
   0.00000000000000000E+000 ,
   1.00000000000000000E+000 ,
  -9.99999998600354517E-002 ,

16,4
   1.00000000000000000E+000 ,
   9.95587451071779928E-001 ,
   9.99999995936151853E-001 ,
  -4.29405731383672926E-002 ,
   7.51953125000000000E-001 ,
   1.00000003092655954E+000 ,
   9.95950197949000637E-001 ,
  -4.26331949270230687E-002 ,
   0.00000000000000000E+000 ,
   1.00000002786344666E+000 ,
   9.96930167622404273E-001 ,
  -4.25187575860667133E-002 ,
   1.00000000000000000E+000 ,
   9.97322593431725579E-001 ,
   9.99999995954767074E-001 ,
  -4.25605128069075286E-002 ,
   1.00000000000000000E+000 ,
   7.91665842895040127E-008 ,
   1.00000030656362004E+000 ,
  -9.27364795531473163E-002 ,
   1.00000000000000000E+000 ,
   9.54110342037371550E-001 ,
   9.99999995858234403E-001 ,
  -4.40446377211290707E-002 ,
   1.00000000000000000E+000 ,
   9.80543743840681659E-001 ,
   9.99999996197499352E-001 ,
  -4.32350313325611593E-002 ,
   1.00000000000000000E+000 ,
   8.35506426355603093E-008 ,
   1.00000029558048054E+000 ,
  -9.31692149165162797E-002 ,
   2.09800035850026933E-319 ,
   0.00000000000000000E+000 ,
   1.00000000000000000E+000 ,
  -9.98548958508918005E-002 ,
   1.00000000000000000E+000 ,
   0.00000000000000000E+000 ,
   1.00000000000000000E+000 ,
  -9.94644774319819042E-002 ,
   1.00000000000000000E+000 ,
   0.00000000000000000E+000 ,
   1.00000000000000000E+000 ,
  -9.94646410910695472E-002 ,
   1.00000000000000000E+000 ,
   0.00000000000000000E+000 ,
   1.00000000000000000E+000 ,
  -9.98576195254113480E-002 ,
   1.00000000000000000E+000 ,
   0.00000000000000000E+000 ,
   1.00000000000000000E+000 ,
  -9.99993566169816300E-002 ,
   1.00000000000000000E+000 ,
   0.00000000000000000E+000 ,
   1.00000000000000000E+000 ,
  -9.99980430328859110E-002 ,
   1.00000000000000000E+000 ,
   0.00000000000000000E+000 ,
   1.00000000000000000E+000 ,
  -9.99980432919838486E-002 ,
   5.24500089625067331E-319 ,
   0.00000000000000000E+000 ,
   1.00000000000000000E+000 ,
  -9.99993591556619238E-002 ,
