1
0
4
0
(16 0
((0,0) (31,31) (0,0))
((0,32) (31,63) (0,0))
((0,64) (31,95) (0,0))
((0,96) (31,127) (0,0))
((32,0) (63,31) (0,0))
((32,32) (63,63) (0,0))
((32,64) (63,95) (0,0))
((32,96) (63,127) (0,0))
((64,0) (95,31) (0,0))
((64,32) (95,63) (0,0))
((64,64) (95,95) (0,0))
((64,96) (95,127) (0,0))
((96,0) (127,31) (0,0))
((96,32) (127,63) (0,0))
((96,64) (127,95) (0,0))
((96,96) (127,127) (0,0))
)
16
FabOnDisk: Cell_D_00000 0
FabOnDisk: Cell_D_00000 32850
FabOnDisk: Cell_D_00000 65701
FabOnDisk: Cell_D_00000 98552
FabOnDisk: Cell_D_00000 131404
FabOnDisk: Cell_D_00000 164255
FabOnDisk: Cell_D_00000 197107
FabOnDisk: Cell_D_00000 229959
FabOnDisk: Cell_D_00000 262812
FabOnDisk: Cell_D_00000 295663
FabOnDisk: Cell_D_00000 328515
FabOnDisk: Cell_D_00000 361367
FabOnDisk: Cell_D_00000 394220
FabOnDisk: Cell_D_00000 427072
FabOnDisk: Cell_D_00000 459925
FabOnDisk: Cell_D_00000 492778

16,4
  -2.09036827087402330E-002 ,
  -1.06984802754526465E-007 ,
   9.84647263469868417E-001 ,
  -9.99850470007876274E-002 ,
  -8.74999999999999944E-002 ,
  -3.60085090213692920E-008 ,
   1.24759727408706500E-001 ,
  -9.84923810262030019E-002 ,
  -1.25000000000000007E-002 ,
  -3.05364989550970297E-008 ,
   1.24533149369515039E-001 ,
  -9.85189459564379394E-002 ,
  -1.00000000000000006E-001 ,
  -8.54895534091690057E-008 ,
   9.84320407463742386E-001 ,
  -9.99846251458826468E-002 ,
  -8.74999999999999944E-002 ,
  -9.83637669701552392E-008 ,
   9.99993773666229435E-001 ,
  -9.99998435898044463E-002 ,
  -1.00000000000000006E-001 ,
  -8.41119691338551070E-008 ,
   9.83189620588126090E-001 ,
  -9.99903611367325695E-002 ,
  -1.00000000000000006E-001 ,
  -7.89152378167559944E-008 ,
   9.83307049258350441E-001 ,
  -9.99903339963055526E-002 ,
  -1.00000000000000006E-001 ,
  -5.04240776560019741E-008 ,
   9.99994007095802440E-001 ,
  -9.99998394090323012E-002 ,
  -1.00000000000000006E-001 ,
   0.00000000000000000E+000 ,
   9.99999999999979017E-001 ,
  -9.99999998858430439E-002 ,
   0.00000000000000000E+000 ,
   0.00000000000000000E+000 ,
   9.99999999955444641E-001 ,
  -9.99999946899647191E-002 ,
  -1.00000000000000006E-001 ,
   0.00000000000000000E+000 ,
   9.99999999955446084E-001 ,
  -9.99999946469771334E-002 ,
   0.00000000000000000E+000 ,
   0.00000000000000000E+000 ,
   9.99999999999976574E-001 ,
  -9.99999998834102816E-002 ,
  -1.00000000000000006E-001 ,
   0.00000000000000000E+000 ,
   1.00000000000000000E+000 ,
  -9.99999999999849620E-002 ,
  -1.00000000000000006E-001 ,
   0.00000000000000000E+000 ,
   1.00000000000000000E+000 ,
  -9.99999999995496158E-002 ,
  -1.00000000000000006E-001 ,
   0.00000000000000000E+000 ,
   1.00000000000000000E+000 ,
  -9.99999999995469790E-002 ,
  -1.00000000000000006E-001 ,
   0.00000000000000000E+000 ,
   1.00000000000000000E+000 ,
  -9.99999999999844347E-002 ,

16,4
   2.12199579145933796E-308 ,
   7.81170537905337231E-008 ,
   9.99999999999821809E-001 ,
  -8.72591733578892137E-002 ,
   0.00000000000000000E+000 ,
   1.00000000746112083E+000 ,
   9.99985101717620228E-001 ,
  -4.32625006941736931E-002 ,
   0.00000000000000000E+000 ,
   1.00000001635318903E+000 ,
   9.99985851015629312E-001 ,
  -4.31331942339419766E-002 ,
   2.12199579096535482E-308 ,
   9.84145002623389392E-008 ,
   9.99999999999829803E-001 ,
  -8.71780256779863816E-002 ,
   1.00000000000000000E+000 ,
   9.54234165879996515E-008 ,
   1.00000023889683809E+000 ,
  -9.88260325697600528E-002 ,
   1.00000000000000000E+000 ,
   7.79112500274564363E-008 ,
   9.99999999999820255E-001 ,
  -8.67405756075366741E-002 ,
   1.00000000000000000E+000 ,
   1.04436048999336868E-007 ,
   1.00000001335132516E+000 ,
  -8.67350452574005004E-002 ,
   1.00000000000000000E+000 ,
   5.97692001886115213E-008 ,
   1.00000022456171367E+000 ,
  -9.88404209198684436E-002 ,
   2.09800035850026933E-319 ,
   0.00000000000000000E+000 ,
   1.00000000000000000E+000 ,
  -9.99928903824062881E-002 ,
   1.00000000000000000E+000 ,
   0.00000000000000000E+000 ,
   1.00000000000000000E+000 ,
  -9.99582950310249768E-002 ,
   1.00000000000000000E+000 ,
   0.00000000000000000E+000 ,
   1.00000000000000000E+000 ,
  -9.99583016081266318E-002 ,
   1.00000000000000000E+000 ,
   0.00000000000000000E+000 ,
   1.00000000000000000E+000 ,
  -9.99928613436155134E-002 ,
   1.00000000000000000E+000 ,
   0.00000000000000000E+000 ,
   1.00000000000000000E+000 ,
  -9.99999963430946437E-002 ,
   1.00000000000000000E+000 ,
   0.00000000000000000E+000 ,
   1.00000000000000000E+000 ,
  -9.99999822645231684E-002 ,
   1.00000000000000000E+000 ,
   0.00000000000000000E+000 ,
   1.00000000000000000E+000 ,
  -9.99999822626115864E-002 ,
   5.24500089625067331E-319 ,
   0.00000000000000000E+000 ,
   1.00000000000000000E+000 ,
  -9.99999963123978375E-002 ,
