1
0
4
0
(16 0
((0,0) (31,31) (0,0))
((0,32) (31,63) (0,0))
((0,64) (31,95) (0,0))
((0,96) (31,127) (0,0))
((32,0) (63,31) (0,0))
((32,32) (63,63) (0,0))
((32,64) (63,95) (0,0))
((32,96) (63,127) (0,0))
((64,0) (95,31) (0,0))
((64,32) (95,63) (0,0))
((64,64) (95,95) (0,0))
((64,96) (95,127) (0,0))
((96,0) (127,31) (0,0))
((96,32) (127,63) (0,0))
((96,64) (127,95) (0,0))
((96,96) (127,127) (0,0))
)
16
FabOnDisk: Cell_D_00000 0
FabOnDisk: Cell_D_00000 32850
FabOnDisk: Cell_D_00000 65701
FabOnDisk: Cell_D_00000 98552
FabOnDisk: Cell_D_00000 131404
FabOnDisk: Cell_D_00000 164255
FabOnDisk: Cell_D_00000 197107
FabOnDisk: Cell_D_00000 229959
FabOnDisk: Cell_D_00000 262812
FabOnDisk: Cell_D_00000 295663
FabOnDisk: Cell_D_00000 328515
FabOnDisk: Cell_D_00000 361367
FabOnDisk: Cell_D_00000 394220
FabOnDisk: Cell_D_00000 427072
FabOnDisk: Cell_D_00000 459925
FabOnDisk: Cell_D_00000 492778

16,4
  -6.82258605957031250E-002 ,
  -7.30082629233223710E-008 ,
   1.23740368632441811E-001 ,
  -9.93903035662150047E-002 ,
  -8.74999999999999944E-002 ,
  -2.77752405939437801E-008 ,
   1.45593954951151405E-001 ,
  -8.55377719384592672E-002 ,
  -2.96875000000000021E-002 ,
  -2.84584809963961530E-008 ,
   1.46979511643218014E-001 ,
  -8.68567032313346116E-002 ,
  -1.00000000000000006E-001 ,
  -1.01731736475983861E-007 ,
   1.26315725202377244E-001 ,
  -9.93875858117072158E-002 ,
  -8.74999999999999944E-002 ,
  -8.70906662412481271E-008 ,
   9.91156960974172274E-001 ,
  -9.99718428003895931E-002 ,
  -1.00000000000000006E-001 ,
  -6.71203261840764717E-008 ,
   1.59749414574454573E-001 ,
  -9.96478429001361882E-002 ,
  -1.00000000000000006E-001 ,
  -1.11599764616456759E-007 ,
   1.42816270447527316E-001 ,
  -9.96564342230282646E-002 ,
  -1.00000000000000006E-001 ,
  -8.83922875954356909E-008 ,
   9.93710765081408987E-001 ,
  -9.99719359232330435E-002 ,
  -1.00000000000000006E-001 ,
   0.00000000000000000E+000 ,
   9.99999981627307077E-001 ,
  -9.99997323006563271E-002 ,
   0.00000000000000000E+000 ,
   0.00000000000000000E+000 ,
   9.99998555242123222E-001 ,
  -9.99975448824772101E-002 ,
  -1.00000000000000006E-001 ,
   0.00000000000000000E+000 ,
   9.99998557752321604E-001 ,
  -9.99975656052514289E-002 ,
   0.00000000000000000E+000 ,
   0.00000000000000000E+000 ,
   9.99999983839360840E-001 ,
  -9.99997318967382198E-002 ,
  -1.00000000000000006E-001 ,
   0.00000000000000000E+000 ,
   1.00000000000000000E+000 ,
  -9.99999990167797781E-002 ,
  -1.00000000000000006E-001 ,
   0.00000000000000000E+000 ,
   1.00000000000000000E+000 ,
  -9.99999922971146898E-002 ,
  -1.00000000000000006E-001 ,
   0.00000000000000000E+000 ,
   1.00000000000000000E+000 ,
  -9.99999922905583649E-002 ,
  -1.00000000000000006E-001 ,
   0.00000000000000000E+000 ,
   1.00000000000000000E+000 ,
  -9.99999990084166762E-002 ,

16,4
   1.00000000000000000E+000 ,
   9.99931073832391770E-001 ,
   9.99999958711727976E-001 ,
  -4.28518954198096880E-002 ,
   9.05008316040039062E-002 ,
   1.00000003537022808E+000 ,
   9.83152818129837347E-001 ,
  -4.26158840366776884E-002 ,
   0.00000000000000000E+000 ,
   1.00000001854084686E+000 ,
   9.88204544301337195E-001 ,
  -4.23026397716621261E-002 ,
   1.00000000000000000E+000 ,
   9.99692738641466683E-001 ,
   9.99999959452601783E-001 ,
  -4.28416620634055056E-002 ,
   1.00000000000000000E+000 ,
   1.02788335841588250E-007 ,
   1.00000024472395599E+000 ,
  -8.82574901117729599E-002 ,
   1.00000000000000000E+000 ,
   9.96895056624597431E-001 ,
   9.99999961081376010E-001 ,
  -4.29610945245432266E-002 ,
   1.00000000000000000E+000 ,
   9.99951651115259854E-001 ,
   9.99999966044541444E-001 ,
  -4.28684692713155943E-002 ,
   1.00000000000000000E+000 ,
   9.62228724707100389E-008 ,
   1.00000031322038963E+000 ,
  -8.92244634303201445E-002 ,
   2.09800035850026933E-319 ,
   0.00000000000000000E+000 ,
   1.00000000000000000E+000 ,
  -9.97137119511761483E-002 ,
   1.00000000000000000E+000 ,
   0.00000000000000000E+000 ,
   1.00000000000000000E+000 ,
  -9.90257500587524153E-002 ,
   1.00000000000000000E+000 ,
   0.00000000000000000E+000 ,
   1.00000000000000000E+000 ,
  -9.90258920333087489E-002 ,
   1.00000000000000000E+000 ,
   0.00000000000000000E+000 ,
   1.00000000000000000E+000 ,
  -9.97204967741386616E-002 ,
   1.00000000000000000E+000 ,
   0.00000000000000000E+000 ,
   1.00000000000000000E+000 ,
  -9.99980681189130138E-002 ,
   1.00000000000000000E+000 ,
   0.00000000000000000E+000 ,
   1.00000000000000000E+000 ,
  -9.99946488570138958E-002 ,
   1.00000000000000000E+000 ,
   0.00000000000000000E+000 ,
   1.00000000000000000E+000 ,
  -9.99946498492604030E-002 ,
   5.24500089625067331E-319 ,
   0.00000000000000000E+000 ,
   1.00000000000000000E+000 ,
  -9.99980837707369064E-002 ,
