1
0
4
0
(12 0
((0,448) (23,479) (0,0))
((0,480) (23,511) (0,0))
((0,512) (23,543) (0,0))
((0,544) (23,575) (0,0))
((24,448) (47,479) (0,0))
((24,480) (47,511) (0,0))
((24,512) (47,543) (0,0))
((24,544) (47,575) (0,0))
((48,448) (71,479) (0,0))
((48,480) (71,511) (0,0))
((48,512) (71,543) (0,0))
((48,544) (71,575) (0,0))
)
12
FabOnDisk: Cell_D_00000 0
FabOnDisk: Cell_D_00000 24661
FabOnDisk: Cell_D_00000 49322
FabOnDisk: Cell_D_00000 73983
FabOnDisk: Cell_D_00000 98644
FabOnDisk: Cell_D_00000 123306
FabOnDisk: Cell_D_00000 147968
FabOnDisk: Cell_D_00000 172630
FabOnDisk: Cell_D_00000 197292
FabOnDisk: Cell_D_00000 221954
FabOnDisk: Cell_D_00000 246616
FabOnDisk: Cell_D_00000 271278

12,4
   0.00000000000000000E+000 ,
  -3.41490380815097394E-007 ,
   8.68956873113816419E-001 ,
  -9.92214446854118998E-002 ,
   0.00000000000000000E+000 ,
  -4.34331267035204584E-007 ,
   1.39143121405364251E-001 ,
  -8.74650088899534134E-002 ,
   2.12199579096527232E-308 ,
  -7.28775330179391379E-008 ,
   1.38262355776380852E-001 ,
  -8.76761340563334962E-002 ,
   0.00000000000000000E+000 ,
  -3.74059436305032256E-007 ,
   8.69915224475676152E-001 ,
  -9.91088101819878331E-002 ,
  -1.00000000000000006E-001 ,
  -5.05838245929839121E-007 ,
   9.50573092702065914E-001 ,
  -9.97442167611547192E-002 ,
  -1.00000000000000006E-001 ,
  -3.74706719506327187E-007 ,
   1.44480376857959752E-001 ,
  -9.67852871848156604E-002 ,
   0.00000000000000000E+000 ,
  -3.86514751121778735E-007 ,
   1.44565197672773926E-001 ,
  -9.68635258706074670E-002 ,
   0.00000000000000000E+000 ,
  -4.25733106558971367E-007 ,
   9.50493764785774631E-001 ,
  -9.97035582866455661E-002 ,
  -1.00000000000000006E-001 ,
  -3.34269066425370035E-007 ,
   9.98352651105581357E-001 ,
  -9.99503932511689452E-002 ,
  -1.00000000000000006E-001 ,
  -3.69659847632031332E-007 ,
   9.63189113438411959E-001 ,
  -9.95260023078659434E-002 ,
   0.00000000000000000E+000 ,
  -3.84913858198712489E-007 ,
   9.63185396067087973E-001 ,
  -9.95340701949842532E-002 ,
   0.00000000000000000E+000 ,
  -4.52790655634156217E-007 ,
   9.98344534283328922E-001 ,
  -9.99426899152845022E-002 ,

12,4
   5.00000000000000000E-001 ,
   3.61209846695223799E-007 ,
   9.99973576209314374E-001 ,
  -8.26753668490757126E-002 ,
   2.12199579096527232E-308 ,
   9.99677583134587877E-001 ,
   9.35454772318884742E-001 ,
  -5.49194682679153071E-002 ,
   2.12199579096527232E-308 ,
   9.99675384943584211E-001 ,
   9.35365155299289763E-001 ,
  -5.51257726101383738E-002 ,
   2.12199579096527232E-308 ,
   3.80741839462910448E-007 ,
   9.99973569391191530E-001 ,
  -8.28223332930841244E-002 ,
   1.00000000000000000E+000 ,
   4.61916697269132681E-007 ,
   9.99999082719605137E-001 ,
  -8.88545848311893260E-002 ,
   2.12199579096527232E-308 ,
   9.55736254692173270E-001 ,
   9.97609424624848806E-001 ,
  -5.75172698861989226E-002 ,
   2.12199579096527232E-308 ,
   9.55721065055875840E-001 ,
   9.97597228297461780E-001 ,
  -5.74248540208188787E-002 ,
   1.00000000000000000E+000 ,
   4.28636583364167732E-007 ,
   9.99999036469748526E-001 ,
  -8.90290156277011718E-002 ,
   5.00000000000000000E-001 ,
   3.82353136428766463E-007 ,
   1.00000158072946066E+000 ,
  -9.72176861835900297E-002 ,
   2.12199579096527232E-308 ,
   3.71285318677929961E-007 ,
   9.99993712212750241E-001 ,
  -9.10638677120948203E-002 ,
   2.12199579096527232E-308 ,
   4.12569789693888620E-007 ,
   9.99993989668606642E-001 ,
  -9.09817266517174844E-002 ,
   1.00000000000000000E+000 ,
   3.25117748215075932E-007 ,
   1.00000199685466162E+000 ,
  -9.72830709841581570E-002 ,
