1
0
4
0
(81 0
((0,72) (15,87) (0,0))
((0,88) (15,119) (0,0))
((0,120) (15,151) (0,0))
((0,152) (15,183) (0,0))
((0,184) (15,215) (0,0))
((0,216) (15,247) (0,0))
((0,248) (15,279) (0,0))
((0,280) (15,311) (0,0))
((0,312) (15,343) (0,0))
((0,344) (15,375) (0,0))
((0,376) (15,407) (0,0))
((0,408) (15,439) (0,0))
((16,72) (39,87) (0,0))
((16,88) (39,119) (0,0))
((16,120) (39,151) (0,0))
((16,152) (39,183) (0,0))
((16,184) (39,215) (0,0))
((16,216) (39,247) (0,0))
((16,248) (39,279) (0,0))
((16,280) (39,311) (0,0))
((16,312) (39,343) (0,0))
((16,344) (39,375) (0,0))
((16,376) (39,407) (0,0))
((16,408) (39,439) (0,0))
((40,80) (55,111) (0,0))
((40,112) (55,143) (0,0))
((40,144) (55,175) (0,0))
((40,176) (55,207) (0,0))
((40,208) (55,239) (0,0))
((40,240) (55,271) (0,0))
((40,272) (55,303) (0,0))
((40,304) (55,335) (0,0))
((40,336) (55,367) (0,0))
((40,368) (55,399) (0,0))
((40,400) (55,431) (0,0))
((56,80) (79,111) (0,0))
((56,112) (79,143) (0,0))
((56,144) (79,175) (0,0))
((56,176) (79,207) (0,0))
((56,208) (79,239) (0,0))
((56,240) (79,271) (0,0))
((56,272) (79,303) (0,0))
((56,304) (79,335) (0,0))
((56,336) (79,367) (0,0))
((56,368) (79,399) (0,0))
((56,400) (79,431) (0,0))
((80,96) (111,127) (0,0))
((80,128) (111,159) (0,0))
((80,160) (111,191) (0,0))
((80,192) (111,223) (0,0))
((80,224) (111,255) (0,0))
((80,256) (111,287) (0,0))
((80,288) (111,319) (0,0))
((80,320) (111,351) (0,0))
((80,352) (111,383) (0,0))
((80,384) (111,415) (0,0))
((112,112) (127,127) (0,0))
((112,128) (127,151) (0,0))
((112,152) (135,175) (0,0))
((112,176) (143,207) (0,0))
((112,208) (143,239) (0,0))
((112,240) (143,271) (0,0))
((112,272) (143,303) (0,0))
((112,304) (143,335) (0,0))
((112,336) (143,367) (0,0))
((112,368) (143,399) (0,0))
((128,112) (151,127) (0,0))
((128,128) (151,151) (0,0))
((136,152) (167,175) (0,0))
((144,176) (159,199) (0,0))
((144,200) (159,231) (0,0))
((144,232) (159,263) (0,0))
((144,264) (159,295) (0,0))
((144,296) (159,327) (0,0))
((144,328) (159,359) (0,0))
((160,176) (183,199) (0,0))
((160,200) (183,231) (0,0))
((160,232) (183,263) (0,0))
((160,264) (183,295) (0,0))
((160,296) (183,327) (0,0))
((160,328) (183,359) (0,0))
)
81
FabOnDisk: Cell_D_00000 0
FabOnDisk: Cell_D_00000 8275
FabOnDisk: Cell_D_00000 24743
FabOnDisk: Cell_D_00000 41212
FabOnDisk: Cell_D_00000 57681
FabOnDisk: Cell_D_00000 74150
FabOnDisk: Cell_D_00000 90619
FabOnDisk: Cell_D_00000 107088
FabOnDisk: Cell_D_00000 123557
FabOnDisk: Cell_D_00000 140026
FabOnDisk: Cell_D_00000 156495
FabOnDisk: Cell_D_00000 172964
FabOnDisk: Cell_D_00000 189433
FabOnDisk: Cell_D_00000 201805
FabOnDisk: Cell_D_00000 226466
FabOnDisk: Cell_D_00000 251128
FabOnDisk: Cell_D_00000 275790
FabOnDisk: Cell_D_00000 300452
FabOnDisk: Cell_D_00000 325114
FabOnDisk: Cell_D_00000 349776
FabOnDisk: Cell_D_00000 374438
FabOnDisk: Cell_D_00000 399100
FabOnDisk: Cell_D_00000 423762
FabOnDisk: Cell_D_00000 448424
FabOnDisk: Cell_D_00000 473086
FabOnDisk: Cell_D_00000 489555
FabOnDisk: Cell_D_00000 506025
FabOnDisk: Cell_D_00000 522495
FabOnDisk: Cell_D_00000 538965
FabOnDisk: Cell_D_00000 555435
FabOnDisk: Cell_D_00000 571905
FabOnDisk: Cell_D_00000 588375
FabOnDisk: Cell_D_00000 604845
FabOnDisk: Cell_D_00000 621315
FabOnDisk: Cell_D_00000 637785
FabOnDisk: Cell_D_00000 654255
FabOnDisk: Cell_D_00000 678916
FabOnDisk: Cell_D_00000 703578
FabOnDisk: Cell_D_00000 728240
FabOnDisk: Cell_D_00000 752902
FabOnDisk: Cell_D_00000 777564
FabOnDisk: Cell_D_00000 802226
FabOnDisk: Cell_D_00000 826888
FabOnDisk: Cell_D_00000 851550
FabOnDisk: Cell_D_00000 876212
FabOnDisk: Cell_D_00000 900874
FabOnDisk: Cell_D_00000 925536
FabOnDisk: Cell_D_00000 958390
FabOnDisk: Cell_D_00000 991245
FabOnDisk: Cell_D_00000 1024100
FabOnDisk: Cell_D_00000 1056955
FabOnDisk: Cell_D_00000 1089810
FabOnDisk: Cell_D_00000 1122665
FabOnDisk: Cell_D_00000 1155520
FabOnDisk: Cell_D_00000 1188375
FabOnDisk: Cell_D_00000 1221230
FabOnDisk: Cell_D_00000 1254085
FabOnDisk: Cell_D_00000 1262365
FabOnDisk: Cell_D_00000 1274741
FabOnDisk: Cell_D_00000 1293261
FabOnDisk: Cell_D_00000 1326117
FabOnDisk: Cell_D_00000 1358973
FabOnDisk: Cell_D_00000 1391829
FabOnDisk: Cell_D_00000 1424685
FabOnDisk: Cell_D_00000 1457541
FabOnDisk: Cell_D_00000 1490397
FabOnDisk: Cell_D_00000 1523253
FabOnDisk: Cell_D_00000 1535629
FabOnDisk: Cell_D_00000 1554149
FabOnDisk: Cell_D_00000 1578813
FabOnDisk: Cell_D_00000 1591189
FabOnDisk: Cell_D_00000 1607661
FabOnDisk: Cell_D_00000 1624133
FabOnDisk: Cell_D_00000 1640605
FabOnDisk: Cell_D_00000 1657077
FabOnDisk: Cell_D_00000 1673549
FabOnDisk: Cell_D_00000 1692069
FabOnDisk: Cell_D_00000 1716733
FabOnDisk: Cell_D_00000 1741397
FabOnDisk: Cell_D_00000 1766061
FabOnDisk: Cell_D_00000 1790725

81,4
                        NaN ,
  -2.45342543788566880E-007 ,
   9.95675017196723466E-001 ,
  -9.52989123413843231E-002 ,
   0.00000000000000000E+000 ,
  -1.86716709350514165E-007 ,
   4.90165252084880210E-001 ,
  -9.11510176185034854E-002 ,
   0.00000000000000000E+000 ,
   1.00500739134557431E-007 ,
   1.23794605811961486E-001 ,
  -6.42338747595254805E-002 ,
   0.00000000000000000E+000 ,
   4.29882235127449983E-002 ,
   1.43274935300675033E-001 ,
  -4.49503944539181577E-002 ,
   0.00000000000000000E+000 ,
   2.03037616270804753E-003 ,
   1.65890832299390084E-001 ,
  -4.60186902789483099E-002 ,
   0.00000000000000000E+000 ,
   2.27193351190844994E-003 ,
   1.49060396092231207E-001 ,
  -4.62220019351835612E-002 ,
   0.00000000000000000E+000 ,
   6.04732717417392873E-001 ,
   1.48269901915718066E-001 ,
  -4.59574358475908079E-002 ,
   0.00000000000000000E+000 ,
   1.80479499129649235E-003 ,
   1.53970991148484310E-001 ,
  -4.61198842253091393E-002 ,
   0.00000000000000000E+000 ,
   9.40672596776096076E-002 ,
   1.41865780446583878E-001 ,
  -4.54840549999875401E-002 ,
   0.00000000000000000E+000 ,
   2.51640459120518412E-001 ,
   1.25303025523666345E-001 ,
  -4.40790122181778030E-002 ,
   0.00000000000000000E+000 ,
  -1.47871154098890373E-007 ,
   1.23212030259026772E-001 ,
  -8.24352001152878489E-002 ,
   0.00000000000000000E+000 ,
  -2.40181069556329159E-007 ,
   9.56885140946602264E-001 ,
  -9.52540283026692275E-002 ,
   0.00000000000000000E+000 ,
  -1.83016150951809061E-007 ,
   9.96515816661178166E-001 ,
  -9.60457697419690448E-002 ,
   0.00000000000000000E+000 ,
  -1.62935775548097075E-007 ,
   7.73728502834716503E-001 ,
  -9.29546820008623764E-002 ,
   0.00000000000000000E+000 ,
  -1.50455137573957519E-007 ,
   1.52664995068552745E-001 ,
  -7.77674028547239854E-002 ,
   0.00000000000000000E+000 ,
   6.99258169717643604E-005 ,
   1.65312513798995725E-001 ,
  -4.59739662564838877E-002 ,
   0.00000000000000000E+000 ,
   4.00798543261505721E-004 ,
   1.59545309105363547E-001 ,
  -4.59089563951129154E-002 ,
   0.00000000000000000E+000 ,
   1.63694571187958382E-002 ,
   1.50225313400320470E-001 ,
  -4.61026125659760519E-002 ,
   0.00000000000000000E+000 ,
   3.60269479188467454E-002 ,
   1.33317306516670953E-001 ,
  -4.59072243137770356E-002 ,
   0.00000000000000000E+000 ,
   2.86422296833334237E-003 ,
   1.38532366262273443E-001 ,
  -4.59764888435156421E-002 ,
   0.00000000000000000E+000 ,
   4.58434881841801427E-004 ,
   1.60217660960444597E-001 ,
  -4.54562435338876150E-002 ,
   0.00000000000000000E+000 ,
  -9.64163996049777971E-008 ,
   1.53195060681709905E-001 ,
  -6.37605342834220851E-002 ,
   0.00000000000000000E+000 ,
  -2.28588037005613589E-007 ,
   2.33630949015487144E-001 ,
  -8.73149701118517002E-002 ,
  -4.37499999999999972E-002 ,
  -1.97369873026742302E-007 ,
   9.69848878428044681E-001 ,
  -9.60006545115153903E-002 ,
   0.00000000000000000E+000 ,
  -2.60361924002160968E-007 ,
   9.76759926990080407E-001 ,
  -9.56394395678149684E-002 ,
  -1.04518413543701165E-002 ,
  -1.72242685014505212E-007 ,
   5.99106007870776058E-001 ,
  -8.68052491479562732E-002 ,
   0.00000000000000000E+000 ,
   2.00219236473941784E-007 ,
   1.55174202406971468E-001 ,
  -6.06027864134943903E-002 ,
   0.00000000000000000E+000 ,
   1.33492880114692136E-002 ,
   1.59017908173362976E-001 ,
  -4.54681489945302844E-002 ,
   0.00000000000000000E+000 ,
   1.08573946039485138E-002 ,
   1.63406311146912842E-001 ,
  -4.60432149599543580E-002 ,
   0.00000000000000000E+000 ,
   2.82010225191762637E-002 ,
   1.52853143470538938E-001 ,
  -4.60706129873348774E-002 ,
   0.00000000000000000E+000 ,
   1.22815037803462365E-002 ,
   1.52742822896106856E-001 ,
  -4.55497138644732694E-002 ,
   0.00000000000000000E+000 ,
   1.18079897358936807E-002 ,
   1.59267338632143762E-001 ,
  -4.50743211885916845E-002 ,
   0.00000000000000000E+000 ,
   9.88192042764800824E-008 ,
   1.60280131384042429E-001 ,
  -6.00282810446710127E-002 ,
  -1.00000000000000006E-001 ,
  -1.46217599023826793E-007 ,
   6.28895177673546524E-001 ,
  -8.67899282145234846E-002 ,
  -1.00000000000000006E-001 ,
  -2.31679118764759523E-007 ,
   9.77396731203218794E-001 ,
  -9.55874608661781422E-002 ,
  -4.18073654174804660E-002 ,
  -2.29485276009568523E-007 ,
   9.89184649888094070E-001 ,
  -9.69204932947007741E-002 ,
  -6.18652343749999944E-002 ,
  -1.97380049209867345E-007 ,
   7.20242640128488487E-001 ,
  -9.11381735719566655E-002 ,
  -6.18652343749999944E-002 ,
  -1.47961160862382199E-007 ,
   1.41335346694851788E-001 ,
  -7.36500454131966825E-002 ,
   0.00000000000000000E+000 ,
   1.57034547343296790E-002 ,
   1.59563713864518342E-001 ,
  -4.53706676823520602E-002 ,
   0.00000000000000000E+000 ,
   1.33230913812936716E-003 ,
   1.58465608859800822E-001 ,
  -4.58422630669843983E-002 ,
   0.00000000000000000E+000 ,
   2.32886292246176248E-002 ,
   1.52168844961204364E-001 ,
  -4.58068815703655888E-002 ,
   0.00000000000000000E+000 ,
   2.46063305638711529E-004 ,
   1.63683126918275246E-001 ,
  -4.56912790171792801E-002 ,
   0.00000000000000000E+000 ,
   2.16373005398322760E-003 ,
   1.22722527519315713E-001 ,
  -4.55701443858525373E-002 ,
   0.00000000000000000E+000 ,
  -1.59677453903039252E-007 ,
   1.38187678883413545E-001 ,
  -7.43841210485024218E-002 ,
  -1.00000000000000006E-001 ,
  -1.58236051187470984E-007 ,
   7.20415258014284743E-001 ,
  -9.12148969365139395E-002 ,
  -1.00000000000000006E-001 ,
  -2.36968450163694966E-007 ,
   9.89846608075865220E-001 ,
  -9.69032227118680201E-002 ,
  -6.18652343749999944E-002 ,
  -1.98109104217261937E-007 ,
   9.82463825460438533E-001 ,
  -9.71799344036493179E-002 ,
  -8.74999999999999944E-002 ,
  -1.99149585576939932E-007 ,
   5.52897693393496481E-001 ,
  -9.26102038695295338E-002 ,
  -8.74999999999999944E-002 ,
  -2.12548070039405423E-007 ,
   1.51978320155809421E-001 ,
  -8.11616727531418725E-002 ,
   0.00000000000000000E+000 ,
   2.32853066654988107E-007 ,
   1.34578053623184452E-001 ,
  -5.97664402753776483E-002 ,
   0.00000000000000000E+000 ,
   1.55694003184965782E-003 ,
   1.43459932456146383E-001 ,
  -4.54863456035048894E-002 ,
   0.00000000000000000E+000 ,
   1.41305056281570106E-002 ,
   1.46920106946533680E-001 ,
  -4.52639809260749690E-002 ,
  -1.25000000000000007E-002 ,
  -1.00972479516895639E-007 ,
   1.34804433350247332E-001 ,
  -6.68935686406725849E-002 ,
  -1.25000000000000007E-002 ,
  -1.47848554423580331E-007 ,
   1.65426453366189441E-001 ,
  -8.33008926312263781E-002 ,
  -1.25000000000000007E-002 ,
  -1.76817208064826000E-007 ,
   5.98002262289871522E-001 ,
  -9.28814565223868571E-002 ,
  -1.00000000000000006E-001 ,
  -2.22791297875213090E-007 ,
   9.84180096914449409E-001 ,
  -9.72215684453460044E-002 ,
  -8.74999999999999944E-002 ,
  -2.57828232414364619E-007 ,
   9.98043620564466050E-001 ,
  -9.68768412002759954E-002 ,
  -8.74999999999999944E-002 ,
  -2.10229716976167540E-007 ,
   9.82570690533641766E-001 ,
  -9.50936234202115899E-002 ,
  -8.74999999999999944E-002 ,
  -1.58800411496245741E-007 ,
   8.87407385083100242E-001 ,
  -9.25897718701567951E-002 ,
  -8.74999999999999944E-002 ,
  -1.63290146110431208E-007 ,
   2.16701043765339191E-001 ,
  -9.02190211216351429E-002 ,
  -8.74999999999999944E-002 ,
  -1.68376299759595269E-007 ,
   1.60315603635692999E-001 ,
  -8.33485700084115322E-002 ,
  -3.12500000000000017E-003 ,
  -1.68480744966173064E-007 ,
   1.46409007159267995E-001 ,
  -7.73681667774804849E-002 ,
   0.00000000000000000E+000 ,
  -1.51979266737838938E-007 ,
   1.43568547306446609E-001 ,
  -8.36126599012040617E-002 ,
  -1.25000000000000007E-002 ,
  -1.51720039158848079E-007 ,
   4.70964328811198929E-001 ,
  -9.08992875333718697E-002 ,
   0.00000000000000000E+000 ,
  -2.30515664539413659E-007 ,
   9.36107222410985540E-001 ,
  -9.54265678953442331E-002 ,
   0.00000000000000000E+000 ,
  -2.38592105065537620E-007 ,
   9.93163513269192166E-001 ,
  -9.79833022488896116E-002 ,
  -8.74999999999999944E-002 ,
  -2.59370530836623855E-007 ,
   9.99483811412114842E-001 ,
  -9.83416866518131011E-002 ,
  -8.74999999999999944E-002 ,
  -2.67314779623761363E-007 ,
   9.95845252575954132E-001 ,
  -9.74605884715713661E-002 ,
  -8.74999999999999944E-002 ,
  -2.45618568061485214E-007 ,
   9.89197493374112335E-001 ,
  -9.72300109338701118E-002 ,
  -1.00000000000000006E-001 ,
  -1.40942503383707901E-007 ,
   9.82884186553421690E-001 ,
  -9.42696766338563114E-002 ,
  -1.00000000000000006E-001 ,
  -1.40761008861146026E-007 ,
   9.49467809619873759E-001 ,
  -9.16906633046525171E-002 ,
   0.00000000000000000E+000 ,
  -1.54495854891648537E-007 ,
   9.26622551842369191E-001 ,
  -8.85559616459096199E-002 ,
   0.00000000000000000E+000 ,
  -1.58603357701313110E-007 ,
   9.27441925862495853E-001 ,
  -9.00089038813451647E-002 ,
   0.00000000000000000E+000 ,
  -2.55731836607669077E-007 ,
   9.67922014461942037E-001 ,
  -9.36857120455951570E-002 ,
   0.00000000000000000E+000 ,
  -2.60243322992554094E-007 ,
   9.94258788682950922E-001 ,
  -9.65828871138378342E-002 ,
  -1.00000000000000006E-001 ,
  -2.77062443412903563E-007 ,
   9.97224651790235894E-001 ,
  -9.74432031064104004E-002 ,
  -1.00000000000000006E-001 ,
  -2.35588839112091527E-007 ,
   9.92266999331281374E-001 ,
  -9.64261477126032301E-002 ,
  -1.00000000000000006E-001 ,
  -2.59786639398094483E-007 ,
   9.89855169938054558E-001 ,
  -9.52847775801316244E-002 ,
   0.00000000000000000E+000 ,
  -2.31278305114969088E-007 ,
   9.90131924755945136E-001 ,
  -9.58119849382723793E-002 ,
   0.00000000000000000E+000 ,
  -2.78400145479030538E-007 ,
   9.95147622168356061E-001 ,
  -9.71702195074048147E-002 ,
   0.00000000000000000E+000 ,
  -2.22890599273025806E-007 ,
   9.98951861841332112E-001 ,
  -9.83940442328864739E-002 ,

81,4
                        NaN ,
   2.36965138669524993E-007 ,
   9.99546586131848436E-001 ,
  -9.11518500917000707E-002 ,
   0.00000000000000000E+000 ,
   3.64318462053650569E-003 ,
   9.95906216942866851E-001 ,
  -5.65948212903713832E-002 ,
   0.00000000000000000E+000 ,
   9.99985477532519207E-001 ,
   7.28431348658524547E-001 ,
  -4.25957584494617014E-002 ,
   0.00000000000000000E+000 ,
   1.00000001129197602E+000 ,
   1.74720184239932297E-001 ,
  -4.34277082422234104E-002 ,
   0.00000000000000000E+000 ,
   1.00000008356069681E+000 ,
   1.75736061932076693E-001 ,
  -4.49085674070455812E-002 ,
   0.00000000000000000E+000 ,
   1.00000019255036765E+000 ,
   1.68659739194576913E-001 ,
  -4.58115046806052070E-002 ,
   0.00000000000000000E+000 ,
   1.00000028558472409E+000 ,
   1.57978989183908014E-001 ,
  -4.57767339007112209E-002 ,
   0.00000000000000000E+000 ,
   9.99999958129411559E-001 ,
   1.72153397427454058E-001 ,
  -4.54885077828607043E-002 ,
   0.00000000000000000E+000 ,
   1.00000008874609936E+000 ,
   1.75298752443059230E-001 ,
  -4.31212454952363752E-002 ,
   0.00000000000000000E+000 ,
   9.99999489581862244E-001 ,
   2.00682236655058660E-001 ,
  -4.26567902657550013E-002 ,
   0.00000000000000000E+000 ,
   9.98465301671525696E-001 ,
   9.64215570007601164E-001 ,
  -4.26577659968634740E-002 ,
   0.00000000000000000E+000 ,
   1.61043183183040561E-007 ,
   9.99540708574145786E-001 ,
  -8.18322906229069641E-002 ,
   0.00000000000000000E+000 ,
   2.20307987382576349E-007 ,
   9.99766465770229651E-001 ,
  -9.15519093464339517E-002 ,
   0.00000000000000000E+000 ,
   1.84580107414641256E-007 ,
   9.98238059821975998E-001 ,
  -6.64642136817215068E-002 ,
   0.00000000000000000E+000 ,
   9.94816583787377140E-001 ,
   9.40293990129680402E-001 ,
  -4.28250365810184941E-002 ,
   0.00000000000000000E+000 ,
   9.99996065000188228E-001 ,
   2.82777774535018733E-001 ,
  -4.36339235412537413E-002 ,
   0.00000000000000000E+000 ,
   9.99999585136706393E-001 ,
   1.75564555570158709E-001 ,
  -4.48444586716382071E-002 ,
   0.00000000000000000E+000 ,
   1.00000007034463989E+000 ,
   1.69407858027106950E-001 ,
  -4.54544252090614970E-002 ,
   0.00000000000000000E+000 ,
   1.00000018548391068E+000 ,
   1.57200198053682488E-001 ,
  -4.43313041178522022E-002 ,
   0.00000000000000000E+000 ,
   9.99999878049362412E-001 ,
   1.72254547444444184E-001 ,
  -4.46893311763920456E-002 ,
   0.00000000000000000E+000 ,
   9.99989563803035941E-001 ,
   1.86337860357139173E-001 ,
  -4.33217122444789562E-002 ,
   0.00000000000000000E+000 ,
   9.98517090334487323E-001 ,
   7.74684100465671710E-001 ,
  -4.29547947829581958E-002 ,
   0.00000000000000000E+000 ,
   2.93810362163093031E-001 ,
   9.88728482610944148E-001 ,
  -4.54021892176260586E-002 ,
   0.00000000000000000E+000 ,
   2.37962066613531505E-007 ,
   9.99766322910169092E-001 ,
  -8.33699267572544644E-002 ,
   0.00000000000000000E+000 ,
   2.11508298824943505E-007 ,
   9.99667033377545033E-001 ,
  -8.39396314048872771E-002 ,
   0.00000000000000000E+000 ,
   1.12265691496598798E-006 ,
   9.87419115980228246E-001 ,
  -5.64154852135398399E-002 ,
   0.00000000000000000E+000 ,
   9.99992634515994405E-001 ,
   6.77573003722649947E-001 ,
  -4.34730533427316948E-002 ,
   0.00000000000000000E+000 ,
   9.99977499455635854E-001 ,
   1.76859753949426018E-001 ,
  -4.45998790405263551E-002 ,
   0.00000000000000000E+000 ,
   9.99970946530774896E-001 ,
   1.72042767801562801E-001 ,
  -4.54035527817562845E-002 ,
   0.00000000000000000E+000 ,
   1.00000008257845496E+000 ,
   1.69178448620034089E-001 ,
  -4.53253254651495990E-002 ,
   0.00000000000000000E+000 ,
   9.99992048093180097E-001 ,
   1.79918379697311559E-001 ,
  -4.49378786027658517E-002 ,
   0.00000000000000000E+000 ,
   9.99999240755144125E-001 ,
   1.79113282623404313E-001 ,
  -4.41581250692703597E-002 ,
   0.00000000000000000E+000 ,
   9.99470572358774234E-001 ,
   6.73887299599806755E-001 ,
  -4.29559928370530156E-002 ,
   0.00000000000000000E+000 ,
   1.40013717623576857E-006 ,
   9.88184280969395479E-001 ,
  -5.66594980580425109E-002 ,
   0.00000000000000000E+000 ,
   2.30921002371941446E-007 ,
   9.99673134503684224E-001 ,
  -8.39001636861746170E-002 ,
   0.00000000000000000E+000 ,
   2.29278594395142360E-007 ,
   9.99897252268417081E-001 ,
  -8.74470706273849097E-002 ,
   0.00000000000000000E+000 ,
   1.76706142788186716E-007 ,
   9.96181423019252277E-001 ,
  -6.24840188553576481E-002 ,
   0.00000000000000000E+000 ,
   9.99963510379118459E-001 ,
   8.93405815313865759E-001 ,
  -4.31229618870121734E-002 ,
   0.00000000000000000E+000 ,
   9.99967370734691108E-001 ,
   1.90125349873577709E-001 ,
  -4.42933374703684060E-002 ,
   0.00000000000000000E+000 ,
   9.99999622063443061E-001 ,
   1.74132460109746978E-001 ,
  -4.44544006691077395E-002 ,
   0.00000000000000000E+000 ,
   9.99999656982465401E-001 ,
   1.73813518748722390E-001 ,
  -4.50128687868322358E-002 ,
   0.00000000000000000E+000 ,
   9.99998699251003931E-001 ,
   1.85918740679754918E-001 ,
  -4.44240725206496712E-002 ,
   0.00000000000000000E+000 ,
   9.99999471532124540E-001 ,
   2.43245036147160948E-001 ,
  -4.34541081417342753E-002 ,
   0.00000000000000000E+000 ,
   9.99942783234023413E-001 ,
   9.04225424021984248E-001 ,
  -4.28243273442016209E-002 ,
   0.00000000000000000E+000 ,
   1.69122329660984807E-007 ,
   9.96490146995257509E-001 ,
  -6.20890664773001769E-002 ,
   0.00000000000000000E+000 ,
   3.07396366083868980E-007 ,
   9.99900396840745387E-001 ,
  -8.74422841492672465E-002 ,
   0.00000000000000000E+000 ,
   2.53644317490973466E-007 ,
   9.99914482888441869E-001 ,
  -8.55916931899729505E-002 ,
   0.00000000000000000E+000 ,
   6.64373710640039873E-005 ,
   9.97668151133171199E-001 ,
  -5.65635503029448330E-002 ,
   0.00000000000000000E+000 ,
   9.99770678898704301E-001 ,
   9.59882320772899256E-001 ,
  -4.34870636224673757E-002 ,
   0.00000000000000000E+000 ,
   9.99995663474915752E-001 ,
   6.53541214684127958E-001 ,
  -4.27185233508307408E-002 ,
   0.00000000000000000E+000 ,
   9.99996998147130278E-001 ,
   2.31813913733225851E-001 ,
  -4.36854463712188015E-002 ,
   0.00000000000000000E+000 ,
   9.99999388263613675E-001 ,
   1.88397455382858098E-001 ,
  -4.33896876637242246E-002 ,
   0.00000000000000000E+000 ,
   9.99996320535685101E-001 ,
   8.13642307744013693E-001 ,
  -4.27817231585812460E-002 ,
   0.00000000000000000E+000 ,
   9.93075760850439693E-001 ,
   9.73133742130431467E-001 ,
  -4.34695608949900725E-002 ,
   0.00000000000000000E+000 ,
   3.21384681954041073E-005 ,
   9.98004741044675070E-001 ,
  -5.82483883857829593E-002 ,
   0.00000000000000000E+000 ,
   2.51603356291924506E-007 ,
   9.99919795520604393E-001 ,
  -8.58690963554765013E-002 ,
   0.00000000000000000E+000 ,
   2.23503085035302987E-007 ,
   9.99868202244871274E-001 ,
  -9.30040916153700159E-002 ,
   0.00000000000000000E+000 ,
   1.58983311326095302E-007 ,
   9.99381800449686719E-001 ,
  -8.57913222693923172E-002 ,
   1.00000000000000000E+000 ,
   1.69187620541654002E-007 ,
   9.97682962287060993E-001 ,
  -7.30358147366278049E-002 ,
   1.00000000000000000E+000 ,
   4.63183132583075530E-001 ,
   9.94437686259067921E-001 ,
  -4.49231697174811428E-002 ,
   0.00000000000000000E+000 ,
   9.76719011542930615E-001 ,
   9.72337677485575647E-001 ,
  -4.37713665952921827E-002 ,
   0.00000000000000000E+000 ,
   9.99792206768859937E-001 ,
   9.31357617487154621E-001 ,
  -4.34156498078035816E-002 ,
   0.00000000000000000E+000 ,
   9.82326893783191157E-001 ,
   9.73743730324856838E-001 ,
  -4.29298057773667488E-002 ,
   0.00000000000000000E+000 ,
   1.26919389785974885E-003 ,
   9.95909713539187114E-001 ,
  -5.32411330954088227E-002 ,
   0.00000000000000000E+000 ,
   2.69033708981590985E-007 ,
   9.99560644795326692E-001 ,
  -7.72871076637386828E-002 ,
   1.00000000000000000E+000 ,
   2.48418141741338618E-007 ,
   9.99971681084935615E-001 ,
  -8.94774212822856546E-002 ,
   1.00000000000000000E+000 ,
   2.22055521879484523E-007 ,
   9.99984590955716901E-001 ,
  -9.53500185596472261E-002 ,
   1.00000000000000000E+000 ,
   2.73024357208297546E-007 ,
   9.99934016354574462E-001 ,
  -9.10884275420371370E-002 ,
   1.00000000000000000E+000 ,
   2.31548899751901865E-007 ,
   9.99915970335898630E-001 ,
  -8.78353484396097728E-002 ,
   1.00000000000000000E+000 ,
   1.96994780421039293E-007 ,
   9.99023818789749773E-001 ,
  -8.58441548653212788E-002 ,
   1.00000000000000000E+000 ,
   1.53280617614439257E-007 ,
   9.96748592419041124E-001 ,
  -7.96398605561918355E-002 ,
   0.00000000000000000E+000 ,
   1.54500607517743375E-007 ,
   9.91095667863509777E-001 ,
  -7.69171185825444637E-002 ,
   0.00000000000000000E+000 ,
   1.39330238220186672E-007 ,
   9.94327837183853869E-001 ,
  -7.70855388884161413E-002 ,
   0.00000000000000000E+000 ,
   1.57137532852612972E-007 ,
   9.98761125761336910E-001 ,
  -8.24922948915317589E-002 ,
   0.00000000000000000E+000 ,
   2.25696555166519252E-007 ,
   9.99842513774405361E-001 ,
  -8.98903974863419081E-002 ,
   1.00000000000000000E+000 ,
   2.74212624859283539E-007 ,
   9.99939891348340937E-001 ,
  -9.20899665653901189E-002 ,
   1.00000000000000000E+000 ,
   2.66344056168863149E-007 ,
   9.99815253342868249E-001 ,
  -8.90590033397886810E-002 ,
   1.00000000000000000E+000 ,
   2.22021231941172339E-007 ,
   9.99540417441992068E-001 ,
  -8.79981549405051411E-002 ,
   0.00000000000000000E+000 ,
   2.30989450677725165E-007 ,
   9.99700787481002107E-001 ,
  -8.81191665352646647E-002 ,
   0.00000000000000000E+000 ,
   2.92052496580779178E-007 ,
   9.99921402291075845E-001 ,
  -9.04778083553399726E-002 ,
   0.00000000000000000E+000 ,
   2.55508995321605543E-007 ,
   9.99988563360080462E-001 ,
  -9.39916226224304791E-002 ,
