1
0
4
0
(18 0
((0,32) (31,63) (0,0))
((0,64) (31,95) (0,0))
((0,96) (31,127) (0,0))
((0,128) (31,159) (0,0))
((0,160) (31,191) (0,0))
((0,192) (31,223) (0,0))
((32,32) (63,63) (0,0))
((32,64) (63,95) (0,0))
((32,96) (63,127) (0,0))
((32,128) (63,159) (0,0))
((32,160) (63,191) (0,0))
((32,192) (63,223) (0,0))
((64,32) (95,63) (0,0))
((64,64) (95,95) (0,0))
((64,96) (95,127) (0,0))
((64,128) (95,159) (0,0))
((64,160) (95,191) (0,0))
((64,192) (95,223) (0,0))
)
18
FabOnDisk: Cell_D_00000 0
FabOnDisk: Cell_D_00000 32851
FabOnDisk: Cell_D_00000 65702
FabOnDisk: Cell_D_00000 98554
FabOnDisk: Cell_D_00000 131407
FabOnDisk: Cell_D_00000 164260
FabOnDisk: Cell_D_00000 197113
FabOnDisk: Cell_D_00000 229965
FabOnDisk: Cell_D_00000 262817
FabOnDisk: Cell_D_00000 295670
FabOnDisk: Cell_D_00000 328524
FabOnDisk: Cell_D_00000 361378
FabOnDisk: Cell_D_00000 394232
FabOnDisk: Cell_D_00000 427084
FabOnDisk: Cell_D_00000 459936
FabOnDisk: Cell_D_00000 492789
FabOnDisk: Cell_D_00000 525643
FabOnDisk: Cell_D_00000 558497

18,4
  -2.09036827087402330E-002 ,
  -2.39153236941770995E-007 ,
   1.49656272454130879E-001 ,
  -9.77002682411502177E-002 ,
  -5.18362998962402372E-002 ,
  -5.88685444317943905E-008 ,
   1.23854183561508624E-001 ,
  -7.93762992328777145E-002 ,
   0.00000000000000000E+000 ,
   2.48333270722161849E-003 ,
   1.48284982256159659E-001 ,
  -4.61982678769547878E-002 ,
   0.00000000000000000E+000 ,
   1.10538285597093023E-003 ,
   1.32607639636028452E-001 ,
  -4.61040275145652642E-002 ,
  -1.00000000000000006E-001 ,
  -5.24138654972626382E-008 ,
   1.23309723032775126E-001 ,
  -7.94793892024965171E-002 ,
  -1.00000000000000006E-001 ,
  -1.71334986922122227E-007 ,
   1.49513761691991376E-001 ,
  -9.76786918868003395E-002 ,
  -7.62207031249999833E-002 ,
  -1.74310004336427185E-007 ,
   9.63474941540200414E-001 ,
  -9.92697048117992947E-002 ,
  -8.74999999999999944E-002 ,
  -8.93320164406847733E-008 ,
   1.42364785976396901E-001 ,
  -9.49583221843083441E-002 ,
  -8.74999999999999944E-002 ,
  -4.41974505329715267E-008 ,
   1.35942726908998585E-001 ,
  -7.58484307982861122E-002 ,
  -1.25000000000000007E-002 ,
  -5.22526598492081926E-008 ,
   1.24076068891653929E-001 ,
  -7.84036134130266099E-002 ,
  -1.25000000000000007E-002 ,
  -7.30416690413394465E-008 ,
   1.31027846193845665E-001 ,
  -9.51405430300199112E-002 ,
  -1.00000000000000006E-001 ,
  -1.66290615477586183E-007 ,
   9.66224759972692526E-001 ,
  -9.92693228931838395E-002 ,
  -8.74999999999999944E-002 ,
  -2.09374299083567005E-007 ,
   9.99527518959002270E-001 ,
  -9.98635141611272786E-002 ,
  -1.00000000000000006E-001 ,
  -1.79857254785245853E-007 ,
   9.40180524256124306E-001 ,
  -9.92256298465567510E-002 ,
  -1.00000000000000006E-001 ,
  -1.59334985722111882E-007 ,
   5.64879198238628200E-001 ,
  -9.75022427701092431E-002 ,
  -2.73437499999999983E-003 ,
  -1.71413420165240500E-007 ,
   4.51458160315110435E-001 ,
  -9.75420380671065540E-002 ,
   0.00000000000000000E+000 ,
  -2.08189708005830273E-007 ,
   9.58699666987599786E-001 ,
  -9.92450331780222600E-002 ,
   0.00000000000000000E+000 ,
  -2.28986134526211668E-007 ,
   9.99601651347542419E-001 ,
  -9.98641046286312672E-002 ,

18,4
   0.00000000000000000E+000 ,
   7.97313081191982853E-001 ,
   9.99965066486995235E-001 ,
  -4.33527117362391828E-002 ,
   0.00000000000000000E+000 ,
   1.00000000158414482E+000 ,
   9.51033209790580925E-001 ,
  -4.26186982632799152E-002 ,
   0.00000000000000000E+000 ,
   1.00000007128144519E+000 ,
   1.75425073137080390E-001 ,
  -4.48015783826742967E-002 ,
   0.00000000000000000E+000 ,
   1.00000010735530065E+000 ,
   1.85119034685311712E-001 ,
  -4.40543551999095090E-002 ,
   0.00000000000000000E+000 ,
   1.00000000616118578E+000 ,
   9.54461524123883631E-001 ,
  -4.26801400591508770E-002 ,
   0.00000000000000000E+000 ,
   7.92541552154732321E-001 ,
   9.99965297460992386E-001 ,
  -4.34660421289816690E-002 ,
   1.00000000000000000E+000 ,
   1.85701141978244186E-007 ,
   9.99999425172464873E-001 ,
  -8.13234483994620116E-002 ,
   0.00000000000000000E+000 ,
   9.99950361741113292E-001 ,
   9.99322552939096109E-001 ,
  -4.31353353407628107E-002 ,
   0.00000000000000000E+000 ,
   9.99999485812825606E-001 ,
   9.17517865303164148E-001 ,
  -4.27380176488458205E-002 ,
   0.00000000000000000E+000 ,
   9.99998963224813187E-001 ,
   9.43690792986892735E-001 ,
  -4.28056867416058973E-002 ,
   0.00000000000000000E+000 ,
   9.99945012557116875E-001 ,
   9.99432432544431371E-001 ,
  -4.28641448135021613E-002 ,
   1.00000000000000000E+000 ,
   2.08599636337159828E-007 ,
   9.99999772036033074E-001 ,
  -8.14654116047529298E-002 ,
   1.00000000000000000E+000 ,
   2.11591712139131588E-007 ,
   1.00000093329609441E+000 ,
  -9.54715417644271119E-002 ,
   1.00000000000000000E+000 ,
   1.79879037634856191E-007 ,
   9.99998992682016419E-001 ,
  -7.83299941266164257E-002 ,
   1.00000000000000000E+000 ,
   8.07048882881332267E-005 ,
   9.99945806455622921E-001 ,
  -5.66644390030363321E-002 ,
   0.00000000000000000E+000 ,
   8.31287590371561531E-003 ,
   9.99951583339224404E-001 ,
  -5.37863396403499283E-002 ,
   1.00000000000000000E+000 ,
   1.94930807762639139E-007 ,
   9.99999210279062467E-001 ,
  -8.05443482172007175E-002 ,
   1.00000000000000000E+000 ,
   2.03079497495685128E-007 ,
   1.00000071757075149E+000 ,
  -9.56242495644848006E-002 ,
