1
0
4
0
(66 0
((0,88) (23,103) (0,0))
((0,104) (23,135) (0,0))
((0,136) (23,167) (0,0))
((0,168) (23,199) (0,0))
((0,200) (23,231) (0,0))
((0,232) (23,263) (0,0))
((0,264) (23,295) (0,0))
((0,296) (23,327) (0,0))
((0,328) (23,359) (0,0))
((0,360) (23,391) (0,0))
((0,392) (23,423) (0,0))
((24,88) (47,103) (0,0))
((24,104) (47,135) (0,0))
((24,136) (47,167) (0,0))
((24,168) (47,199) (0,0))
((24,200) (47,231) (0,0))
((24,232) (47,263) (0,0))
((24,264) (47,295) (0,0))
((24,296) (47,327) (0,0))
((24,328) (47,359) (0,0))
((24,360) (47,391) (0,0))
((24,392) (47,423) (0,0))
((48,88) (71,103) (0,0))
((48,104) (71,135) (0,0))
((48,136) (71,167) (0,0))
((48,168) (71,199) (0,0))
((48,200) (71,231) (0,0))
((48,232) (71,263) (0,0))
((48,264) (71,295) (0,0))
((48,296) (71,327) (0,0))
((48,328) (71,359) (0,0))
((48,360) (71,391) (0,0))
((48,392) (71,423) (0,0))
((72,88) (103,103) (0,0))
((72,104) (103,135) (0,0))
((72,136) (103,167) (0,0))
((72,168) (103,199) (0,0))
((72,200) (103,231) (0,0))
((72,232) (103,263) (0,0))
((72,264) (103,295) (0,0))
((72,296) (103,327) (0,0))
((72,328) (103,359) (0,0))
((72,360) (103,391) (0,0))
((72,392) (103,423) (0,0))
((104,88) (135,103) (0,0))
((104,104) (135,135) (0,0))
((104,136) (135,167) (0,0))
((104,168) (135,199) (0,0))
((104,200) (135,231) (0,0))
((104,232) (135,263) (0,0))
((104,264) (135,295) (0,0))
((104,296) (135,327) (0,0))
((104,328) (135,359) (0,0))
((104,360) (135,391) (0,0))
((104,392) (135,423) (0,0))
((136,88) (167,103) (0,0))
((136,104) (167,135) (0,0))
((136,136) (167,167) (0,0))
((136,168) (167,199) (0,0))
((136,200) (167,231) (0,0))
((136,232) (167,263) (0,0))
((136,264) (167,295) (0,0))
((136,296) (167,327) (0,0))
((136,328) (167,359) (0,0))
((136,360) (167,391) (0,0))
((136,392) (167,423) (0,0))
)
66
FabOnDisk: Cell_D_00000 0
FabOnDisk: Cell_D_00000 12372
FabOnDisk: Cell_D_00000 37033
FabOnDisk: Cell_D_00000 61694
FabOnDisk: Cell_D_00000 86355
FabOnDisk: Cell_D_00000 111016
FabOnDisk: Cell_D_00000 135677
FabOnDisk: Cell_D_00000 160338
FabOnDisk: Cell_D_00000 184999
FabOnDisk: Cell_D_00000 209660
FabOnDisk: Cell_D_00000 234321
FabOnDisk: Cell_D_00000 258982
FabOnDisk: Cell_D_00000 271355
FabOnDisk: Cell_D_00000 296017
FabOnDisk: Cell_D_00000 320679
FabOnDisk: Cell_D_00000 345341
FabOnDisk: Cell_D_00000 370003
FabOnDisk: Cell_D_00000 394665
FabOnDisk: Cell_D_00000 419327
FabOnDisk: Cell_D_00000 443989
FabOnDisk: Cell_D_00000 468651
FabOnDisk: Cell_D_00000 493313
FabOnDisk: Cell_D_00000 517975
FabOnDisk: Cell_D_00000 530348
FabOnDisk: Cell_D_00000 555010
FabOnDisk: Cell_D_00000 579672
FabOnDisk: Cell_D_00000 604334
FabOnDisk: Cell_D_00000 628996
FabOnDisk: Cell_D_00000 653658
FabOnDisk: Cell_D_00000 678320
FabOnDisk: Cell_D_00000 702982
FabOnDisk: Cell_D_00000 727644
FabOnDisk: Cell_D_00000 752306
FabOnDisk: Cell_D_00000 776968
FabOnDisk: Cell_D_00000 793438
FabOnDisk: Cell_D_00000 826293
FabOnDisk: Cell_D_00000 859148
FabOnDisk: Cell_D_00000 892003
FabOnDisk: Cell_D_00000 924858
FabOnDisk: Cell_D_00000 957713
FabOnDisk: Cell_D_00000 990568
FabOnDisk: Cell_D_00000 1023423
FabOnDisk: Cell_D_00000 1056278
FabOnDisk: Cell_D_00000 1089133
FabOnDisk: Cell_D_00000 1121988
FabOnDisk: Cell_D_00000 1138459
FabOnDisk: Cell_D_00000 1171315
FabOnDisk: Cell_D_00000 1204171
FabOnDisk: Cell_D_00000 1237027
FabOnDisk: Cell_D_00000 1269883
FabOnDisk: Cell_D_00000 1302739
FabOnDisk: Cell_D_00000 1335595
FabOnDisk: Cell_D_00000 1368451
FabOnDisk: Cell_D_00000 1401307
FabOnDisk: Cell_D_00000 1434163
FabOnDisk: Cell_D_00000 1467019
FabOnDisk: Cell_D_00000 1483490
FabOnDisk: Cell_D_00000 1516346
FabOnDisk: Cell_D_00000 1549202
FabOnDisk: Cell_D_00000 1582058
FabOnDisk: Cell_D_00000 1614914
FabOnDisk: Cell_D_00000 1647770
FabOnDisk: Cell_D_00000 1680626
FabOnDisk: Cell_D_00000 1713482
FabOnDisk: Cell_D_00000 1746338
FabOnDisk: Cell_D_00000 1779194

66,4
   0.00000000000000000E+000 ,
  -2.03312889572878250E-007 ,
   9.94903670857466560E-001 ,
  -9.54724322184531404E-002 ,
   0.00000000000000000E+000 ,
  -1.81333434653961937E-007 ,
   3.51176585238720529E-001 ,
  -9.14248799177264648E-002 ,
   0.00000000000000000E+000 ,
  -1.31591183662524957E-007 ,
   1.23661347445716954E-001 ,
  -6.84166535899617678E-002 ,
   0.00000000000000000E+000 ,
   3.65888372443135663E-004 ,
   1.46505495803572583E-001 ,
  -4.56749767832827849E-002 ,
   0.00000000000000000E+000 ,
   2.03222683917933218E-003 ,
   1.51831748343591366E-001 ,
  -4.65010365743139809E-002 ,
   0.00000000000000000E+000 ,
   5.16793441107515794E-001 ,
   1.44476072259290350E-001 ,
  -4.62590381800179404E-002 ,
   0.00000000000000000E+000 ,
   1.99271571743401491E-003 ,
   1.45557389951113919E-001 ,
  -4.64213935017361093E-002 ,
   0.00000000000000000E+000 ,
   6.88535462967438902E-004 ,
   1.61299176225235624E-001 ,
  -4.61243383975509305E-002 ,
   0.00000000000000000E+000 ,
   5.04976951308669288E-004 ,
   1.25975744021202263E-001 ,
  -5.10084633073055807E-002 ,
   0.00000000000000000E+000 ,
  -1.36093097068052170E-007 ,
   1.24701664015298114E-001 ,
  -8.31044906581152043E-002 ,
   0.00000000000000000E+000 ,
  -2.48609691426163390E-007 ,
   9.46960153964758078E-001 ,
  -9.54265245842013249E-002 ,
   0.00000000000000000E+000 ,
  -2.12153724971390976E-007 ,
   9.96776528300022391E-001 ,
  -9.64077356034923200E-002 ,
   0.00000000000000000E+000 ,
  -1.70145754537939694E-007 ,
   8.46356868278099195E-001 ,
  -9.34941486935354643E-002 ,
   0.00000000000000000E+000 ,
  -1.63716722012167767E-007 ,
   1.48737796989829418E-001 ,
  -7.88523700628498969E-002 ,
   0.00000000000000000E+000 ,
   1.62487741440188829E-003 ,
   1.41778648316538358E-001 ,
  -4.55448139769281460E-002 ,
   0.00000000000000000E+000 ,
   1.56957275015880485E-002 ,
   1.49903883007333150E-001 ,
  -4.61268814064291419E-002 ,
   0.00000000000000000E+000 ,
   3.73736500855995357E-002 ,
   1.46763220098250075E-001 ,
  -4.63516034488503301E-002 ,
   0.00000000000000000E+000 ,
   1.65949958168941369E-002 ,
   1.42930733868223137E-001 ,
  -4.60666184331778375E-002 ,
   0.00000000000000000E+000 ,
   1.51589843646247856E-002 ,
   1.53273178017092365E-001 ,
  -4.58234460188690490E-002 ,
   0.00000000000000000E+000 ,
  -1.17334657687587847E-007 ,
   1.54213281678470676E-001 ,
  -6.40001436111765770E-002 ,
   0.00000000000000000E+000 ,
  -2.10414199439519468E-007 ,
   4.82582245560947531E-001 ,
  -8.83214155823671826E-002 ,
   0.00000000000000000E+000 ,
  -2.11104360354899385E-007 ,
   9.74550462238348070E-001 ,
  -9.63737451647335014E-002 ,
   0.00000000000000000E+000 ,
  -3.58174591561377347E-007 ,
   9.98765819892539652E-001 ,
  -9.74480760410808000E-002 ,
  -8.74999999999999944E-002 ,
  -1.96974169468018663E-007 ,
   9.52362013898978121E-001 ,
  -9.55022344787907762E-002 ,
  -8.74999999999999944E-002 ,
  -2.03537174233755312E-007 ,
   1.59789835562535343E-001 ,
  -8.61493216797485084E-002 ,
   0.00000000000000000E+000 ,
   1.58978813382378513E-003 ,
   1.45524450242080799E-001 ,
  -5.51302441164669976E-002 ,
   0.00000000000000000E+000 ,
   6.83142034056584066E-003 ,
   1.47816463801644926E-001 ,
  -4.60437511961657511E-002 ,
   0.00000000000000000E+000 ,
   5.46031134505570517E-003 ,
   1.38814044609906428E-001 ,
  -4.62097814935159418E-002 ,
   0.00000000000000000E+000 ,
   3.37437348731562618E-004 ,
   1.51447290738858903E-001 ,
  -4.57696444900535584E-002 ,
   0.00000000000000000E+000 ,
   5.55062202411765672E-004 ,
   1.41607802903818247E-001 ,
  -4.54896143913568474E-002 ,
   0.00000000000000000E+000 ,
  -1.50315035607195437E-007 ,
   1.41881936874830861E-001 ,
  -7.62176366591440640E-002 ,
  -1.00000000000000006E-001 ,
  -1.84209772979330732E-007 ,
   7.80149322648673871E-001 ,
  -9.21811904927739151E-002 ,
  -1.00000000000000006E-001 ,
  -2.10163197934714781E-007 ,
   9.92080438479751692E-001 ,
  -9.74265451671326999E-002 ,
   0.00000000000000000E+000 ,
  -2.57724137798759196E-007 ,
   9.99627973378700352E-001 ,
  -9.86191350474951850E-002 ,
  -7.60768413543701089E-002 ,
  -2.30180529453635986E-007 ,
   9.85747087023953861E-001 ,
  -9.76319468377445515E-002 ,
  -8.74999999999999944E-002 ,
  -1.67531637075131797E-007 ,
   5.70686165969536696E-001 ,
  -9.34218844233720563E-002 ,
  -8.74999999999999944E-002 ,
  -2.04450188143314694E-007 ,
   1.58936951744030719E-001 ,
  -8.26593919696471252E-002 ,
   0.00000000000000000E+000 ,
   1.09959306296666963E-006 ,
   1.35299188302918177E-001 ,
  -6.08216677495571137E-002 ,
   0.00000000000000000E+000 ,
   1.44114561400057023E-003 ,
   1.35448074298384791E-001 ,
  -4.55132343428641256E-002 ,
   0.00000000000000000E+000 ,
   1.98919444065449522E-002 ,
   1.36574578100663757E-001 ,
  -4.92438953733641480E-002 ,
   0.00000000000000000E+000 ,
  -1.61546973471825640E-007 ,
   1.42898110836198911E-001 ,
  -7.65431019806940005E-002 ,
   0.00000000000000000E+000 ,
  -2.32388678119696926E-007 ,
   2.06850939293976105E-001 ,
  -8.97114655031411856E-002 ,
  -1.00000000000000006E-001 ,
  -2.15264449287180355E-007 ,
   9.30625568786878410E-001 ,
  -9.60764807861052839E-002 ,
  -1.00000000000000006E-001 ,
  -2.80011812915396909E-007 ,
   9.97698768691414273E-001 ,
  -9.86134128516405750E-002 ,
  -6.56249999999999889E-002 ,
  -3.08940122022682938E-007 ,
   9.99954695408684424E-001 ,
  -9.93663486120597850E-002 ,
  -8.74999999999999944E-002 ,
  -2.91680742357332727E-007 ,
   9.98508869144544065E-001 ,
  -9.89439277204801348E-002 ,
  -8.74999999999999944E-002 ,
  -1.94841614064390989E-007 ,
   9.71349721216341333E-001 ,
  -9.72853028084673666E-002 ,
  -8.74999999999999944E-002 ,
  -1.91687658070637935E-007 ,
   7.08680495151034151E-001 ,
  -9.38604685516119391E-002 ,
  -8.74999999999999944E-002 ,
  -1.91243168378064594E-007 ,
   1.90382133747111965E-001 ,
  -8.83384276090627557E-002 ,
  -3.28124999999999944E-002 ,
  -1.70925370040838736E-007 ,
   1.43416145374595544E-001 ,
  -8.25658713222675034E-002 ,
  -1.25000000000000007E-002 ,
  -1.64091789534315729E-007 ,
   1.53467155387099430E-001 ,
  -8.55080802601642098E-002 ,
  -1.25000000000000007E-002 ,
  -1.94732934899207582E-007 ,
   4.21297296497759099E-001 ,
  -9.17661056985085155E-002 ,
   0.00000000000000000E+000 ,
  -2.22837855672504221E-007 ,
   9.36074189998346462E-001 ,
  -9.59816491112205211E-002 ,
   0.00000000000000000E+000 ,
  -2.06355914631841955E-007 ,
   9.94063970486983361E-001 ,
  -9.83106798940126536E-002 ,
   0.00000000000000000E+000 ,
  -2.54797340005797852E-007 ,
   9.99740360391869531E-001 ,
  -9.93663500476495570E-002 ,
  -8.74999999999999944E-002 ,
  -2.84531058994026615E-007 ,
   9.99997139265678125E-001 ,
  -9.97457647822556498E-002 ,
  -8.74999999999999944E-002 ,
  -2.60104307597316371E-007 ,
   9.99919318896798193E-001 ,
  -9.95846087600824326E-002 ,
  -8.74999999999999944E-002 ,
  -2.59614829298215976E-007 ,
   9.98788372640023847E-001 ,
  -9.89877296421225600E-002 ,
  -1.00000000000000006E-001 ,
  -2.73051729944798759E-007 ,
   9.91216358393846253E-001 ,
  -9.79065159113139682E-002 ,
  -1.00000000000000006E-001 ,
  -2.43644828684345626E-007 ,
   9.70717051118757057E-001 ,
  -9.64355975347418876E-002 ,
  -3.12500000000000017E-003 ,
  -1.82656919735335311E-007 ,
   9.60139514420452422E-001 ,
  -9.51169853018622863E-002 ,
   0.00000000000000000E+000 ,
  -2.16859898399591867E-007 ,
   9.61663089459297793E-001 ,
  -9.57434941281710833E-002 ,
   0.00000000000000000E+000 ,
  -2.26210095423254753E-007 ,
   9.83626051614403307E-001 ,
  -9.72587779524725915E-002 ,
   0.00000000000000000E+000 ,
  -2.65647760897704497E-007 ,
   9.97248750988301680E-001 ,
  -9.85533103333939703E-002 ,
   0.00000000000000000E+000 ,
  -2.49866442846602665E-007 ,
   9.99724915037583206E-001 ,
  -9.93529693495910360E-002 ,
   0.00000000000000000E+000 ,
  -2.91382694658792618E-007 ,
   9.99985553041199182E-001 ,
  -9.97465076561199065E-002 ,

66,4
   0.00000000000000000E+000 ,
   1.65216746943693272E-007 ,
   9.99568717510584626E-001 ,
  -9.09146602804100090E-002 ,
   0.00000000000000000E+000 ,
   6.89360928289708685E-002 ,
   9.96191703528648609E-001 ,
  -5.27335162051477124E-002 ,
   0.00000000000000000E+000 ,
   9.99994956704539972E-001 ,
   8.19510480350502779E-001 ,
  -4.28609923036033583E-002 ,
   0.00000000000000000E+000 ,
   1.00000015159850331E+000 ,
   1.95372669998279319E-001 ,
  -4.38658277439193042E-002 ,
   0.00000000000000000E+000 ,
   9.99999982857109559E-001 ,
   1.70896555265083239E-001 ,
  -4.55996978831032657E-002 ,
   0.00000000000000000E+000 ,
   1.00000021241723136E+000 ,
   1.55799277000242181E-001 ,
  -4.60739587296549596E-002 ,
   0.00000000000000000E+000 ,
   1.00000015421760735E+000 ,
   1.67759201818816983E-001 ,
  -4.58655894588306107E-002 ,
   0.00000000000000000E+000 ,
   1.00000008088699821E+000 ,
   1.75985129160177362E-001 ,
  -4.48753668656562826E-002 ,
   0.00000000000000000E+000 ,
   1.00000002791277520E+000 ,
   4.23880452789374418E-001 ,
  -4.30689881820208106E-002 ,
   0.00000000000000000E+000 ,
   9.99225306097948796E-001 ,
   9.69805610176504684E-001 ,
  -4.30197848588821860E-002 ,
   0.00000000000000000E+000 ,
   2.52526122834118726E-007 ,
   9.99563455713469495E-001 ,
  -8.04353534120492292E-002 ,
   0.00000000000000000E+000 ,
   2.16070679616678873E-007 ,
   9.99809817888538621E-001 ,
  -9.18480291136940102E-002 ,
   0.00000000000000000E+000 ,
   2.11305060894792163E-007 ,
   9.98539542285158954E-001 ,
  -7.01415410616021140E-002 ,
   0.00000000000000000E+000 ,
   9.81618369285418013E-001 ,
   9.44783341716683545E-001 ,
  -4.31854588876911180E-002 ,
   0.00000000000000000E+000 ,
   9.99993106596818060E-001 ,
   2.02203669068013292E-001 ,
  -4.31312293500918445E-002 ,
   0.00000000000000000E+000 ,
   9.99999437868308805E-001 ,
   1.69963975317095700E-001 ,
  -4.49735194488101730E-002 ,
   0.00000000000000000E+000 ,
   1.00000015678938881E+000 ,
   1.68167075967757262E-001 ,
  -4.57054777284438898E-002 ,
   0.00000000000000000E+000 ,
   9.99999835157770800E-001 ,
   1.70060111374728290E-001 ,
  -4.52889577376374766E-002 ,
   0.00000000000000000E+000 ,
   9.99999768762169006E-001 ,
   1.76214819185931126E-001 ,
  -4.47328551326963697E-002 ,
   0.00000000000000000E+000 ,
   9.99986343626326213E-001 ,
   7.48383390524550385E-001 ,
  -4.35051021906033425E-002 ,
   0.00000000000000000E+000 ,
   9.38674813370517740E-005 ,
   9.90710870614005090E-001 ,
  -5.28629712918305128E-002 ,
   0.00000000000000000E+000 ,
   2.58083047791355176E-007 ,
   9.99809795818664249E-001 ,
  -8.40291769181012033E-002 ,
   0.00000000000000000E+000 ,
   2.75106441576642653E-007 ,
   9.99938889190787328E-001 ,
  -9.38171948695182695E-002 ,
   0.00000000000000000E+000 ,
   2.03617695818112168E-007 ,
   9.99556718605437045E-001 ,
  -7.99230776270205001E-002 ,
   0.00000000000000000E+000 ,
   9.20095066193635458E-001 ,
   9.83170466260069542E-001 ,
  -4.36872025759620503E-002 ,
   0.00000000000000000E+000 ,
   9.99846344853767111E-001 ,
   4.82558622432739504E-001 ,
  -4.36888165741523976E-002 ,
   0.00000000000000000E+000 ,
   9.99998964861787187E-001 ,
   1.72953110192745396E-001 ,
  -4.45984495466355477E-002 ,
   0.00000000000000000E+000 ,
   1.00000005800337766E+000 ,
   1.73801546483950076E-001 ,
  -4.44397597246212681E-002 ,
   0.00000000000000000E+000 ,
   9.99989147689595459E-001 ,
   1.86765817029356657E-001 ,
  -4.47755633606391409E-002 ,
   0.00000000000000000E+000 ,
   9.99999000278350647E-001 ,
   1.86943649723670058E-001 ,
  -4.31166428922351783E-002 ,
   0.00000000000000000E+000 ,
   9.99507072648304074E-001 ,
   9.18245245472613991E-001 ,
  -4.32152907938365277E-002 ,
   0.00000000000000000E+000 ,
   1.76185238045254378E-007 ,
   9.97276200424945136E-001 ,
  -6.57001304256211727E-002 ,
   0.00000000000000000E+000 ,
   2.57879539339596630E-007 ,
   9.99939520629884671E-001 ,
  -8.89177090988727270E-002 ,
   0.00000000000000000E+000 ,
   2.79422028321222840E-007 ,
   9.99991880583332993E-001 ,
  -9.57323523723869474E-002 ,
   0.00000000000000000E+000 ,
   2.14455420286395033E-007 ,
   9.99945142766784478E-001 ,
  -8.68986521667551443E-002 ,
   0.00000000000000000E+000 ,
   9.09267083110245283E-005 ,
   9.98210972054643042E-001 ,
  -5.80537177863613557E-002 ,
   0.00000000000000000E+000 ,
   9.98570442948709003E-001 ,
   9.65937709091215346E-001 ,
  -4.43382419711614781E-002 ,
   0.00000000000000000E+000 ,
   9.99987195307460164E-001 ,
   6.55794362336394654E-001 ,
  -4.31814393898672030E-002 ,
   0.00000000000000000E+000 ,
   9.99992367347066535E-001 ,
   1.88744636310573088E-001 ,
  -4.32942883627991798E-002 ,
   0.00000000000000000E+000 ,
   9.99998612022249045E-001 ,
   3.19577217460509100E-001 ,
  -4.29396344682872952E-002 ,
   0.00000000000000000E+000 ,
   9.98932299156555015E-001 ,
   9.25609523107210119E-001 ,
  -4.30003233145870647E-002 ,
   0.00000000000000000E+000 ,
   4.18150032318649001E-001 ,
   9.92926224001791091E-001 ,
  -4.47567060008607562E-002 ,
   0.00000000000000000E+000 ,
   2.19862658005751795E-007 ,
   9.99686780138726472E-001 ,
  -7.75584364960573008E-002 ,
   0.00000000000000000E+000 ,
   2.76049195287701072E-007 ,
   9.99992057851202931E-001 ,
  -9.25828611874466439E-002 ,
   1.00000000000000000E+000 ,
   2.38455357712674912E-007 ,
   9.99999590055923537E-001 ,
  -9.77621756397221015E-002 ,
   1.00000000000000000E+000 ,
   3.32625341905827061E-007 ,
   9.99996437398970262E-001 ,
  -9.37837369448199232E-002 ,
   1.00000000000000000E+000 ,
   1.84317094878360718E-007 ,
   9.99901997951028298E-001 ,
  -8.36726259550288620E-002 ,
   1.00000000000000000E+000 ,
   1.97119226167594209E-007 ,
   9.98548257111500415E-001 ,
  -6.30912227404197140E-002 ,
   0.00000000000000000E+000 ,
   6.33553058127135582E-001 ,
   9.89644507936632833E-001 ,
  -4.41171857268300022E-002 ,
   0.00000000000000000E+000 ,
   9.94251774975867364E-001 ,
   9.66064250985093298E-001 ,
  -4.33079810592395253E-002 ,
   0.00000000000000000E+000 ,
   9.96253120810336901E-001 ,
   9.80729757532948554E-001 ,
  -4.34740647451262383E-002 ,
   0.00000000000000000E+000 ,
   6.26947995535780730E-003 ,
   9.96733661260125747E-001 ,
  -5.24030390535438068E-002 ,
   0.00000000000000000E+000 ,
   1.81616325798674398E-007 ,
   9.99669599620218507E-001 ,
  -7.77602975843054156E-002 ,
   0.00000000000000000E+000 ,
   1.99645134993700747E-007 ,
   9.99981746006870065E-001 ,
  -9.02846298624315341E-002 ,
   0.00000000000000000E+000 ,
   2.50668270524009182E-007 ,
   9.99999487455361380E-001 ,
  -9.62882240683686080E-002 ,
   1.00000000000000000E+000 ,
   2.10280459534864035E-007 ,
   1.00000121676836895E+000 ,
  -9.90047051808188028E-002 ,
   1.00000000000000000E+000 ,
   2.90840585966440062E-007 ,
   1.00000013274681288E+000 ,
  -9.74352520497865915E-002 ,
   1.00000000000000000E+000 ,
   2.38503960304307958E-007 ,
   9.99997083871365100E-001 ,
  -9.41937360604418045E-002 ,
   1.00000000000000000E+000 ,
   3.06530284100779772E-007 ,
   9.99963534793370412E-001 ,
  -8.89640358024103572E-002 ,
   1.00000000000000000E+000 ,
   2.47190511747600417E-007 ,
   9.99783802081866346E-001 ,
  -8.34124375431840592E-002 ,
   1.00000000000000000E+000 ,
   2.03458969567751112E-007 ,
   9.99398027904625175E-001 ,
  -8.14651080066376015E-002 ,
   0.00000000000000000E+000 ,
   2.84397373181553232E-007 ,
   9.99630421602634489E-001 ,
  -8.18513558548814024E-002 ,
   0.00000000000000000E+000 ,
   2.94446428516607783E-007 ,
   9.99916367437535314E-001 ,
  -8.62678879563711642E-002 ,
   0.00000000000000000E+000 ,
   2.64489184220525358E-007 ,
   9.99990136523704276E-001 ,
  -9.21970681900051992E-002 ,
   1.00000000000000000E+000 ,
   2.71597186754355082E-007 ,
   9.99999477736454589E-001 ,
  -9.61993601283703953E-002 ,
   1.00000000000000000E+000 ,
   2.27467585107908516E-007 ,
   1.00000101311314360E+000 ,
  -9.84055480079596423E-002 ,
