1
0
4
0
(16 0
((0,0) (31,31) (0,0))
((0,32) (31,63) (0,0))
((0,64) (31,95) (0,0))
((0,96) (31,127) (0,0))
((32,0) (63,31) (0,0))
((32,32) (63,63) (0,0))
((32,64) (63,95) (0,0))
((32,96) (63,127) (0,0))
((64,0) (95,31) (0,0))
((64,32) (95,63) (0,0))
((64,64) (95,95) (0,0))
((64,96) (95,127) (0,0))
((96,0) (127,31) (0,0))
((96,32) (127,63) (0,0))
((96,64) (127,95) (0,0))
((96,96) (127,127) (0,0))
)
16
FabOnDisk: Cell_D_00000 0
FabOnDisk: Cell_D_00000 32850
FabOnDisk: Cell_D_00000 65701
FabOnDisk: Cell_D_00000 98552
FabOnDisk: Cell_D_00000 131404
FabOnDisk: Cell_D_00000 164255
FabOnDisk: Cell_D_00000 197107
FabOnDisk: Cell_D_00000 229959
FabOnDisk: Cell_D_00000 262812
FabOnDisk: Cell_D_00000 295663
FabOnDisk: Cell_D_00000 328515
FabOnDisk: Cell_D_00000 361367
FabOnDisk: Cell_D_00000 394220
FabOnDisk: Cell_D_00000 427072
FabOnDisk: Cell_D_00000 459925
FabOnDisk: Cell_D_00000 492778

16,4
  -1.00000000000000006E-001 ,
   0.00000000000000000E+000 ,
   9.99898416239409782E-001 ,
  -9.99997162272826950E-002 ,
  -9.83154296875000111E-002 ,
  -9.14211486107863421E-008 ,
   1.21779608786755728E-001 ,
  -9.98002640266412583E-002 ,
  -1.25000000000000007E-002 ,
  -6.82605804537983548E-008 ,
   1.24893610936364002E-001 ,
  -9.97951262806806710E-002 ,
  -1.00000000000000006E-001 ,
   0.00000000000000000E+000 ,
   9.99897746748397043E-001 ,
  -9.99997058377574688E-002 ,
   0.00000000000000000E+000 ,
   0.00000000000000000E+000 ,
   9.99999976574846738E-001 ,
  -9.99999995623260529E-002 ,
  -1.00000000000000006E-001 ,
  -6.80288314939820335E-008 ,
   9.99729099486571182E-001 ,
  -9.99998015208263535E-002 ,
  -1.00000000000000006E-001 ,
  -6.88683184207814113E-008 ,
   9.99729157530069634E-001 ,
  -9.99997986757694135E-002 ,
  -1.00000000000000006E-001 ,
   0.00000000000000000E+000 ,
   9.99999981025195606E-001 ,
  -9.99999995469993963E-002 ,
  -1.00000000000000006E-001 ,
   0.00000000000000000E+000 ,
   1.00000000000000000E+000 ,
  -9.99999999999841432E-002 ,
   0.00000000000000000E+000 ,
   0.00000000000000000E+000 ,
   1.00000000000000000E+000 ,
  -9.99999999953949115E-002 ,
  -1.00000000000000006E-001 ,
   0.00000000000000000E+000 ,
   1.00000000000000000E+000 ,
  -9.99999999953521262E-002 ,
   0.00000000000000000E+000 ,
   0.00000000000000000E+000 ,
   1.00000000000000000E+000 ,
  -9.99999999999836436E-002 ,
  -1.00000000000000006E-001 ,
   0.00000000000000000E+000 ,
   1.00000000000000000E+000 ,
  -1.00000000000000006E-001 ,
  -1.00000000000000006E-001 ,
   0.00000000000000000E+000 ,
   1.00000000000000000E+000 ,
  -1.00000000000000006E-001 ,
  -1.00000000000000006E-001 ,
   0.00000000000000000E+000 ,
   1.00000000000000000E+000 ,
  -1.00000000000000006E-001 ,
  -1.00000000000000006E-001 ,
   0.00000000000000000E+000 ,
   1.00000000000000000E+000 ,
  -1.00000000000000006E-001 ,

16,4
   2.12199579145933796E-308 ,
   0.00000000000000000E+000 ,
   1.00000000000000000E+000 ,
  -9.74542049345934747E-002 ,
   1.44042968750000000E-002 ,
   1.00000001472769640E+000 ,
   1.00000015685797061E+000 ,
  -4.40794184828308608E-002 ,
   0.00000000000000000E+000 ,
   1.00000002271793642E+000 ,
   1.00000003331045528E+000 ,
  -4.38495553199520910E-002 ,
   2.12199579096535482E-308 ,
   0.00000000000000000E+000 ,
   1.00000000652036203E+000 ,
  -9.73872416771739829E-002 ,
   1.00000000000000000E+000 ,
   0.00000000000000000E+000 ,
   1.00000000359098284E+000 ,
  -9.98556429822472780E-002 ,
   1.00000000000000000E+000 ,
   1.17251957565085722E-007 ,
   1.00000025637413215E+000 ,
  -9.67439075292984840E-002 ,
   1.00000000000000000E+000 ,
   8.57251093426280234E-008 ,
   1.00000029648718169E+000 ,
  -9.67439714030246256E-002 ,
   1.00000000000000000E+000 ,
   0.00000000000000000E+000 ,
   1.00000001333466160E+000 ,
  -9.98518881634999911E-002 ,
   2.09800035850026933E-319 ,
   0.00000000000000000E+000 ,
   1.00000000000000000E+000 ,
  -9.99998707273771076E-002 ,
   1.00000000000000000E+000 ,
   0.00000000000000000E+000 ,
   1.00000000000000000E+000 ,
  -9.99984824343380097E-002 ,
   1.00000000000000000E+000 ,
   0.00000000000000000E+000 ,
   1.00000000000000000E+000 ,
  -9.99984821867234697E-002 ,
   1.00000000000000000E+000 ,
   0.00000000000000000E+000 ,
   1.00000000000000000E+000 ,
  -9.99998688255769458E-002 ,
   1.00000000000000000E+000 ,
   0.00000000000000000E+000 ,
   1.00000000000000000E+000 ,
  -9.99999999973073816E-002 ,
   1.00000000000000000E+000 ,
   0.00000000000000000E+000 ,
   1.00000000000000000E+000 ,
  -9.99999999743164669E-002 ,
   1.00000000000000000E+000 ,
   0.00000000000000000E+000 ,
   1.00000000000000000E+000 ,
  -9.99999999743128171E-002 ,
   5.24500089625067331E-319 ,
   0.00000000000000000E+000 ,
   1.00000000000000000E+000 ,
  -9.99999999972812637E-002 ,
