1
0
4
0
(28 0
((0,16) (15,47) (0,0))
((0,48) (15,79) (0,0))
((0,80) (15,111) (0,0))
((0,112) (15,143) (0,0))
((0,144) (15,175) (0,0))
((0,176) (15,207) (0,0))
((0,208) (15,239) (0,0))
((16,16) (47,47) (0,0))
((16,48) (47,79) (0,0))
((16,80) (47,111) (0,0))
((16,112) (47,143) (0,0))
((16,144) (47,175) (0,0))
((16,176) (47,207) (0,0))
((16,208) (47,239) (0,0))
((48,16) (79,47) (0,0))
((48,48) (79,79) (0,0))
((48,80) (79,111) (0,0))
((48,112) (79,143) (0,0))
((48,144) (79,175) (0,0))
((48,176) (79,207) (0,0))
((48,208) (79,239) (0,0))
((80,16) (111,47) (0,0))
((80,48) (111,79) (0,0))
((80,80) (111,111) (0,0))
((80,112) (111,143) (0,0))
((80,144) (111,175) (0,0))
((80,176) (111,207) (0,0))
((80,208) (111,239) (0,0))
)
28
FabOnDisk: Cell_D_00000 0
FabOnDisk: Cell_D_00000 16467
FabOnDisk: Cell_D_00000 32934
FabOnDisk: Cell_D_00000 49402
FabOnDisk: Cell_D_00000 65871
FabOnDisk: Cell_D_00000 82340
FabOnDisk: Cell_D_00000 98809
FabOnDisk: Cell_D_00000 115278
FabOnDisk: Cell_D_00000 148130
FabOnDisk: Cell_D_00000 180982
FabOnDisk: Cell_D_00000 213835
FabOnDisk: Cell_D_00000 246689
FabOnDisk: Cell_D_00000 279543
FabOnDisk: Cell_D_00000 312397
FabOnDisk: Cell_D_00000 345251
FabOnDisk: Cell_D_00000 378103
FabOnDisk: Cell_D_00000 410955
FabOnDisk: Cell_D_00000 443808
FabOnDisk: Cell_D_00000 476662
FabOnDisk: Cell_D_00000 509516
FabOnDisk: Cell_D_00000 542370
FabOnDisk: Cell_D_00000 575224
FabOnDisk: Cell_D_00000 608077
FabOnDisk: Cell_D_00000 640930
FabOnDisk: Cell_D_00000 673784
FabOnDisk: Cell_D_00000 706639
FabOnDisk: Cell_D_00000 739494
FabOnDisk: Cell_D_00000 772349

28,4
   0.00000000000000000E+000 ,
  -1.74995479787226125E-007 ,
   1.88689505857265377E-001 ,
  -9.66302692558521914E-002 ,
   0.00000000000000000E+000 ,
  -4.31327789818386463E-008 ,
   1.22934179559442538E-001 ,
  -6.94857144307361868E-002 ,
   0.00000000000000000E+000 ,
   4.19530517006967067E-004 ,
   1.61240392849588687E-001 ,
  -4.57131009664015972E-002 ,
   0.00000000000000000E+000 ,
   6.82370144319196809E-003 ,
   1.53874669083501753E-001 ,
  -4.57538511103775664E-002 ,
   0.00000000000000000E+000 ,
   4.57710103110003236E-004 ,
   1.63001497278297020E-001 ,
  -4.56852528473634320E-002 ,
   0.00000000000000000E+000 ,
  -3.34754266624196386E-008 ,
   1.24636745909991159E-001 ,
  -6.93668327858315420E-002 ,
   0.00000000000000000E+000 ,
  -1.42804528058521237E-007 ,
   2.00992445627351329E-001 ,
  -9.65838525736098935E-002 ,
   0.00000000000000000E+000 ,
  -2.05244065514638140E-007 ,
   8.88381864085997397E-001 ,
  -9.83420578013398661E-002 ,
  -4.18073654174804660E-002 ,
  -9.54471177019265107E-008 ,
   1.58795895258180497E-001 ,
  -8.92872704941091028E-002 ,
   0.00000000000000000E+000 ,
   6.49188477648131746E-003 ,
   1.62443790065680910E-001 ,
  -4.54709555846267224E-002 ,
   0.00000000000000000E+000 ,
   1.64157258239962613E-003 ,
   1.56207400614953196E-001 ,
  -4.56681134870833283E-002 ,
   0.00000000000000000E+000 ,
   3.16318614502584454E-004 ,
   1.50168897063444939E-001 ,
  -4.55348774100132192E-002 ,
  -1.00000000000000006E-001 ,
  -7.51720777270720197E-008 ,
   1.44825847384105366E-001 ,
  -8.94171357960021895E-002 ,
  -1.00000000000000006E-001 ,
  -2.11026914680228608E-007 ,
   8.89791556418839780E-001 ,
  -9.83311643950875308E-002 ,
   0.00000000000000000E+000 ,
  -1.76143788255822258E-007 ,
   9.95625227557153325E-001 ,
  -9.94900653851227557E-002 ,
  -8.74999999999999944E-002 ,
  -1.41328623572137024E-007 ,
   2.16017817193374123E-001 ,
  -9.72510006835773239E-002 ,
  -1.00000000000000006E-001 ,
  -7.36110182246383743E-008 ,
   1.41206649897958447E-001 ,
  -8.84008768767874376E-002 ,
  -1.00000000000000006E-001 ,
  -4.18259789944194724E-008 ,
   1.40781740351232976E-001 ,
  -7.13486599991465659E-002 ,
   0.00000000000000000E+000 ,
  -7.34367444038558948E-008 ,
   1.43694675342007305E-001 ,
  -8.95803724942298152E-002 ,
  -9.50856854838709742E-002 ,
  -1.05173140087182179E-007 ,
   2.17251916932953815E-001 ,
  -9.73624828228450007E-002 ,
  -5.12451171875000014E-002 ,
  -1.93871425705364578E-007 ,
   9.95978491906419405E-001 ,
  -9.94931054556272843E-002 ,
  -8.74999999999999944E-002 ,
  -2.04408444146406875E-007 ,
   9.99953859025803582E-001 ,
  -9.98955009385514708E-002 ,
  -8.74999999999999944E-002 ,
  -1.98818750385568598E-007 ,
   9.93900015520371882E-001 ,
  -9.95163558298705203E-002 ,
  -1.00000000000000006E-001 ,
  -1.91733585511970713E-007 ,
   9.06687638094046733E-001 ,
  -9.83806108480728136E-002 ,
  -1.00000000000000006E-001 ,
  -1.92884313677440797E-007 ,
   7.83809207111057393E-001 ,
  -9.68877158428652907E-002 ,
  -1.00000000000000006E-001 ,
  -1.89364990659133212E-007 ,
   8.87107456453897103E-001 ,
  -9.84250831419894445E-002 ,
   0.00000000000000000E+000 ,
  -2.12966439729642314E-007 ,
   9.96043414497025381E-001 ,
  -9.95311910156124746E-002 ,
   1.00000000000000000E+000 ,
  -2.42531713122029981E-007 ,
   9.99962397563427974E-001 ,
  -9.98964571565708753E-002 ,

28,4
   0.00000000000000000E+000 ,
   6.27755765059125004E-001 ,
   9.99913477325333311E-001 ,
  -4.48431359478370303E-002 ,
   0.00000000000000000E+000 ,
   9.99999980524132970E-001 ,
   8.48292543071182625E-001 ,
  -4.26636900128566643E-002 ,
   0.00000000000000000E+000 ,
   1.00000003037437590E+000 ,
   1.88064040863608978E-001 ,
  -4.41289479061503093E-002 ,
   0.00000000000000000E+000 ,
   1.00000008495401205E+000 ,
   1.69139067218933459E-001 ,
  -4.53268956226732314E-002 ,
   0.00000000000000000E+000 ,
   1.00000006652646434E+000 ,
   1.95717643217752896E-001 ,
  -4.38170406227502487E-002 ,
   0.00000000000000000E+000 ,
   9.99999912649984779E-001 ,
   8.50035730142222778E-001 ,
  -4.27118640352941864E-002 ,
   0.00000000000000000E+000 ,
   5.77293866904108555E-001 ,
   9.99913493757322858E-001 ,
  -4.52263810308878439E-002 ,
   0.00000000000000000E+000 ,
   1.90601344227735506E-007 ,
   9.99993695859889398E-001 ,
  -7.24342989876484156E-002 ,
   0.00000000000000000E+000 ,
   9.99785644776608029E-001 ,
   9.94046572143620466E-001 ,
  -4.24510279627495421E-002 ,
   0.00000000000000000E+000 ,
   9.99999648714243294E-001 ,
   1.94684168776657729E-001 ,
  -4.34230865799874119E-002 ,
   0.00000000000000000E+000 ,
   1.00000002664181586E+000 ,
   1.83999619125122971E-001 ,
  -4.43730230353256080E-002 ,
   0.00000000000000000E+000 ,
   9.99999948201355071E-001 ,
   2.26185942250170607E-001 ,
  -4.24904844332521514E-002 ,
   0.00000000000000000E+000 ,
   9.99974621886343229E-001 ,
   9.94502967626473500E-001 ,
  -4.20233580303439880E-002 ,
   0.00000000000000000E+000 ,
   2.06656166552986665E-007 ,
   9.99994436949237175E-001 ,
  -7.23032972115961459E-002 ,
   1.00000000000000000E+000 ,
   2.44660820136775524E-007 ,
   9.99999962625336969E-001 ,
  -9.02803774143640797E-002 ,
   1.00000000000000000E+000 ,
   3.94659447930620910E-001 ,
   9.99934372465480448E-001 ,
  -4.48329667187315623E-002 ,
   1.00000000000000000E+000 ,
   9.99998890576224375E-001 ,
   9.91655058341268991E-001 ,
  -4.25981293268236916E-002 ,
   1.00000000000000000E+000 ,
   9.99998383418899239E-001 ,
   8.77524002619751053E-001 ,
  -4.30503545422696240E-002 ,
   0.00000000000000000E+000 ,
   9.99996694005945486E-001 ,
   9.94651963878565026E-001 ,
  -4.26993951124427160E-002 ,
   1.00000000000000000E+000 ,
   4.89049317702007325E-001 ,
   9.99947145697129391E-001 ,
  -4.38635602549136208E-002 ,
   1.00000000000000000E+000 ,
   2.17835590249928150E-007 ,
   1.00000071101024557E+000 ,
  -9.03829627839410482E-002 ,
   1.00000000000000000E+000 ,
   1.83624679325736107E-007 ,
   1.00000091669187130E+000 ,
  -9.75120685017242111E-002 ,
   1.00000000000000000E+000 ,
   1.99218744006861102E-007 ,
   1.00000016493404686E+000 ,
  -8.95023508691442093E-002 ,
   1.00000000000000000E+000 ,
   1.91256797059427628E-007 ,
   9.99990934099522666E-001 ,
  -7.38241728557470223E-002 ,
   1.00000000000000000E+000 ,
   1.57928402510139395E-007 ,
   9.99913608996502501E-001 ,
  -6.63181175559033054E-002 ,
   0.00000000000000000E+000 ,
   1.63073681504460321E-007 ,
   9.99992118586718437E-001 ,
  -7.25573033522617650E-002 ,
   1.00000000000000000E+000 ,
   2.13492826198863347E-007 ,
   9.99999934648603594E-001 ,
  -9.05102595687416744E-002 ,
   1.00000000000000000E+000 ,
   2.24268701923137860E-007 ,
   1.00000126900145658E+000 ,
  -9.76081538320247299E-002 ,
