1
0
4
0
(16 0
((0,0) (31,31) (0,0))
((0,32) (31,63) (0,0))
((0,64) (31,95) (0,0))
((0,96) (31,127) (0,0))
((32,0) (63,31) (0,0))
((32,32) (63,63) (0,0))
((32,64) (63,95) (0,0))
((32,96) (63,127) (0,0))
((64,0) (95,31) (0,0))
((64,32) (95,63) (0,0))
((64,64) (95,95) (0,0))
((64,96) (95,127) (0,0))
((96,0) (127,31) (0,0))
((96,32) (127,63) (0,0))
((96,64) (127,95) (0,0))
((96,96) (127,127) (0,0))
)
16
FabOnDisk: Cell_D_00000 0
FabOnDisk: Cell_D_00000 32850
FabOnDisk: Cell_D_00000 65701
FabOnDisk: Cell_D_00000 98552
FabOnDisk: Cell_D_00000 131404
FabOnDisk: Cell_D_00000 164255
FabOnDisk: Cell_D_00000 197107
FabOnDisk: Cell_D_00000 229959
FabOnDisk: Cell_D_00000 262812
FabOnDisk: Cell_D_00000 295663
FabOnDisk: Cell_D_00000 328515
FabOnDisk: Cell_D_00000 361367
FabOnDisk: Cell_D_00000 394220
FabOnDisk: Cell_D_00000 427072
FabOnDisk: Cell_D_00000 459925
FabOnDisk: Cell_D_00000 492778

16,4
  -6.15234374999999861E-002 ,
  -7.39146474127342079E-008 ,
   8.59948115681732683E-001 ,
  -9.99482763228720650E-002 ,
  -8.74999999999999944E-002 ,
  -2.73560422759424665E-008 ,
   1.24758702120953274E-001 ,
  -9.70149706142631324E-002 ,
  -2.03125000000000042E-002 ,
  -3.18408375244803439E-008 ,
   1.25689431322893674E-001 ,
  -9.70765214322657360E-002 ,
  -1.00000000000000006E-001 ,
  -6.77861166589843070E-008 ,
   8.58545607494818008E-001 ,
  -9.99471458354573572E-002 ,
  -8.74999999999999944E-002 ,
  -8.20994732918382749E-008 ,
   9.99939208186830131E-001 ,
  -9.99990752435840624E-002 ,
  -1.00000000000000006E-001 ,
  -5.73485902631510555E-008 ,
   9.09779124481070123E-001 ,
  -9.99678676884735162E-002 ,
  -1.00000000000000006E-001 ,
  -1.15498180515703950E-007 ,
   9.09356387019289336E-001 ,
  -9.99681425858758854E-002 ,
  -1.00000000000000006E-001 ,
  -1.00026847528704718E-007 ,
   9.99945500001339194E-001 ,
  -9.99990562909860992E-002 ,
  -1.00000000000000006E-001 ,
   0.00000000000000000E+000 ,
   9.99999999996051714E-001 ,
  -9.99999983095643946E-002 ,
   0.00000000000000000E+000 ,
   0.00000000000000000E+000 ,
   9.99999998575183957E-001 ,
  -9.99999558805648725E-002 ,
  -1.00000000000000006E-001 ,
   0.00000000000000000E+000 ,
   9.99999998575690885E-001 ,
  -9.99999556320034094E-002 ,
   0.00000000000000000E+000 ,
   0.00000000000000000E+000 ,
   9.99999999995863198E-001 ,
  -9.99999982774136265E-002 ,
  -1.00000000000000006E-001 ,
   0.00000000000000000E+000 ,
   1.00000000000000000E+000 ,
  -9.99999999993851224E-002 ,
  -1.00000000000000006E-001 ,
   0.00000000000000000E+000 ,
   1.00000000000000000E+000 ,
  -9.99999999868893402E-002 ,
  -1.00000000000000006E-001 ,
   0.00000000000000000E+000 ,
   1.00000000000000000E+000 ,
  -9.99999999868103617E-002 ,
  -1.00000000000000006E-001 ,
   0.00000000000000000E+000 ,
   1.00000000000000000E+000 ,
  -9.99999999993761435E-002 ,

16,4
   2.12199579145933796E-308 ,
   6.26850705384526880E-008 ,
   9.99999999990977106E-001 ,
  -7.28601162518582174E-002 ,
   8.30078125000000000E-001 ,
   1.00000002685284350E+000 ,
   9.99867444523341309E-001 ,
  -4.29396142321129687E-002 ,
   0.00000000000000000E+000 ,
   1.00000002454725578E+000 ,
   9.99882390033945079E-001 ,
  -4.30463334657894686E-002 ,
   2.12199579096535482E-308 ,
   7.18903600497245525E-008 ,
   9.99999999991002642E-001 ,
  -7.27172511980069547E-002 ,
   1.00000000000000000E+000 ,
   7.67335631465076563E-008 ,
   1.00000036290824257E+000 ,
  -9.76225982443106183E-002 ,
   1.00000000000000000E+000 ,
   9.86965351149891638E-008 ,
   9.99999999989333754E-001 ,
  -7.55657281310558315E-002 ,
   1.00000000000000000E+000 ,
   6.84733049904377409E-008 ,
   9.99999999988992694E-001 ,
  -7.55367062149327195E-002 ,
   1.00000000000000000E+000 ,
   9.28269282402584519E-008 ,
   1.00000014034209661E+000 ,
  -9.76713170042605577E-002 ,
   2.09800035850026933E-319 ,
   0.00000000000000000E+000 ,
   1.00000000000000000E+000 ,
  -9.99754417448895927E-002 ,
   1.00000000000000000E+000 ,
   0.00000000000000000E+000 ,
   1.00000000000000000E+000 ,
  -9.98829549138563200E-002 ,
   1.00000000000000000E+000 ,
   0.00000000000000000E+000 ,
   1.00000000000000000E+000 ,
  -9.98829957135125707E-002 ,
   1.00000000000000000E+000 ,
   0.00000000000000000E+000 ,
   1.00000000000000000E+000 ,
  -9.99756182746697752E-002 ,
   1.00000000000000000E+000 ,
   0.00000000000000000E+000 ,
   1.00000000000000000E+000 ,
  -9.99999681332914003E-002 ,
   1.00000000000000000E+000 ,
   0.00000000000000000E+000 ,
   1.00000000000000000E+000 ,
  -9.99998730988666540E-002 ,
   1.00000000000000000E+000 ,
   0.00000000000000000E+000 ,
   1.00000000000000000E+000 ,
  -9.99998730919974266E-002 ,
   5.24500089625067331E-319 ,
   0.00000000000000000E+000 ,
   1.00000000000000000E+000 ,
  -9.99999679392457180E-002 ,
