NavierStokes-V1.1
4
orientation
phase_field
solute_field
temp_field
2
   1.62000000000010053E-002
3
   0.00000000000000000E+000   0.00000000000000000E+000
   1.02400000000000002E+001   1.02400000000000002E+001
2 2 2 
((0,0) (127,127) (0,0)) ((0,0) (255,255) (0,0)) ((0,0) (511,511) (0,0)) ((0,0) (1023,1023) (0,0)) 
0 0 0 0 
   8.00000000000000017E-002   8.00000000000000017E-002
   4.00000000000000008E-002   4.00000000000000008E-002
   2.00000000000000004E-002   2.00000000000000004E-002
   1.00000000000000002E-002   1.00000000000000002E-002
0
0
0    16     0
0
   0.00000000000000000E+000   2.56000000000000005E+000
   0.00000000000000000E+000   2.56000000000000005E+000
   0.00000000000000000E+000   2.56000000000000005E+000
   2.56000000000000005E+000   5.12000000000000011E+000
   0.00000000000000000E+000   2.56000000000000005E+000
   5.12000000000000011E+000   7.67999999999999972E+000
   0.00000000000000000E+000   2.56000000000000005E+000
   7.67999999999999972E+000   1.02400000000000002E+001
   2.56000000000000005E+000   5.12000000000000011E+000
   0.00000000000000000E+000   2.56000000000000005E+000
   2.56000000000000005E+000   5.12000000000000011E+000
   2.56000000000000005E+000   5.12000000000000011E+000
   2.56000000000000005E+000   5.12000000000000011E+000
   5.12000000000000011E+000   7.67999999999999972E+000
   2.56000000000000005E+000   5.12000000000000011E+000
   7.67999999999999972E+000   1.02400000000000002E+001
   5.12000000000000011E+000   7.67999999999999972E+000
   0.00000000000000000E+000   2.56000000000000005E+000
   5.12000000000000011E+000   7.67999999999999972E+000
   2.56000000000000005E+000   5.12000000000000011E+000
   5.12000000000000011E+000   7.67999999999999972E+000
   5.12000000000000011E+000   7.67999999999999972E+000
   5.12000000000000011E+000   7.67999999999999972E+000
   7.67999999999999972E+000   1.02400000000000002E+001
   7.67999999999999972E+000   1.02400000000000002E+001
   0.00000000000000000E+000   2.56000000000000005E+000
   7.67999999999999972E+000   1.02400000000000002E+001
   2.56000000000000005E+000   5.12000000000000011E+000
   7.67999999999999972E+000   1.02400000000000002E+001
   5.12000000000000011E+000   7.67999999999999972E+000
   7.67999999999999972E+000   1.02400000000000002E+001
   7.67999999999999972E+000   1.02400000000000002E+001
Level_00/Cell
1     4     0
0
   0.00000000000000000E+000   6.40000000000000013E-001
   3.83999999999999986E+000   5.12000000000000011E+000
   0.00000000000000000E+000   6.40000000000000013E-001
   5.12000000000000011E+000   6.40000000000000036E+000
   6.40000000000000013E-001   1.60000000000000009E+000
   3.83999999999999986E+000   5.12000000000000011E+000
   6.40000000000000013E-001   1.60000000000000009E+000
   5.12000000000000011E+000   6.40000000000000036E+000
Level_01/Cell
2     8     0
0
   0.00000000000000000E+000   6.40000000000000013E-001
   4.00000000000000000E+000   4.32000000000000028E+000
   0.00000000000000000E+000   6.40000000000000013E-001
   4.32000000000000028E+000   4.95999999999999996E+000
   0.00000000000000000E+000   6.40000000000000013E-001
   4.95999999999999996E+000   5.60000000000000053E+000
   0.00000000000000000E+000   6.40000000000000013E-001
   5.60000000000000053E+000   6.24000000000000021E+000
   6.40000000000000013E-001   1.28000000000000003E+000
   4.00000000000000000E+000   4.32000000000000028E+000
   6.40000000000000013E-001   1.28000000000000003E+000
   4.32000000000000028E+000   4.95999999999999996E+000
   6.40000000000000013E-001   1.28000000000000003E+000
   4.95999999999999996E+000   5.60000000000000053E+000
   6.40000000000000013E-001   1.28000000000000003E+000
   5.60000000000000053E+000   6.24000000000000021E+000
Level_02/Cell
3    28     0
0
   0.00000000000000000E+000   2.39999999999999991E-001
   4.08000000000000007E+000   4.24000000000000021E+000
   0.00000000000000000E+000   2.39999999999999991E-001
   4.24000000000000021E+000   4.56000000000000050E+000
   0.00000000000000000E+000   2.39999999999999991E-001
   4.56000000000000050E+000   4.87999999999999989E+000
   0.00000000000000000E+000   2.39999999999999991E-001
   4.87999999999999989E+000   5.20000000000000018E+000
   0.00000000000000000E+000   2.39999999999999991E-001
   5.20000000000000018E+000   5.52000000000000046E+000
   0.00000000000000000E+000   2.39999999999999991E-001
   5.52000000000000046E+000   5.83999999999999986E+000
   0.00000000000000000E+000   2.39999999999999991E-001
   5.83999999999999986E+000   6.16000000000000014E+000
   2.39999999999999991E-001   5.60000000000000053E-001
   4.08000000000000007E+000   4.24000000000000021E+000
   2.39999999999999991E-001   5.60000000000000053E-001
   4.24000000000000021E+000   4.56000000000000050E+000
   2.39999999999999991E-001   5.60000000000000053E-001
   4.56000000000000050E+000   4.87999999999999989E+000
   2.39999999999999991E-001   5.60000000000000053E-001
   4.87999999999999989E+000   5.20000000000000018E+000
   2.39999999999999991E-001   5.60000000000000053E-001
   5.20000000000000018E+000   5.52000000000000046E+000
   2.39999999999999991E-001   5.60000000000000053E-001
   5.52000000000000046E+000   5.83999999999999986E+000
   2.39999999999999991E-001   5.60000000000000053E-001
   5.83999999999999986E+000   6.16000000000000014E+000
   5.60000000000000053E-001   8.80000000000000004E-001
   4.08000000000000007E+000   4.24000000000000021E+000
   5.60000000000000053E-001   8.80000000000000004E-001
   4.24000000000000021E+000   4.56000000000000050E+000
   5.60000000000000053E-001   8.80000000000000004E-001
   4.56000000000000050E+000   4.87999999999999989E+000
   5.60000000000000053E-001   8.80000000000000004E-001
   4.87999999999999989E+000   5.20000000000000018E+000
   5.60000000000000053E-001   8.80000000000000004E-001
   5.20000000000000018E+000   5.52000000000000046E+000
   5.60000000000000053E-001   8.80000000000000004E-001
   5.52000000000000046E+000   5.83999999999999986E+000
   5.60000000000000053E-001   8.80000000000000004E-001
   5.83999999999999986E+000   6.16000000000000014E+000
   8.80000000000000004E-001   1.19999999999999996E+000
   4.08000000000000007E+000   4.24000000000000021E+000
   8.80000000000000004E-001   1.19999999999999996E+000
   4.24000000000000021E+000   4.56000000000000050E+000
   8.80000000000000004E-001   1.19999999999999996E+000
   4.56000000000000050E+000   4.87999999999999989E+000
   8.80000000000000004E-001   1.19999999999999996E+000
   4.87999999999999989E+000   5.20000000000000018E+000
   8.80000000000000004E-001   1.19999999999999996E+000
   5.20000000000000018E+000   5.52000000000000046E+000
   8.80000000000000004E-001   1.19999999999999996E+000
   5.52000000000000046E+000   5.83999999999999986E+000
   8.80000000000000004E-001   1.19999999999999996E+000
   5.83999999999999986E+000   6.16000000000000014E+000
Level_03/Cell
