NavierStokes-V1.1
4
orientation
phase_field
solute_field
temp_field
2
   0.00000000000000000E+000
3
   0.00000000000000000E+000   0.00000000000000000E+000
   1.02400000000000002E+001   1.02400000000000002E+001
2 2 2 
((0,0) (127,127) (0,0)) ((0,0) (255,255) (0,0)) ((0,0) (511,511) (0,0)) ((0,0) (1023,1023) (0,0)) 
0 0 0 0 
   8.00000000000000017E-002   8.00000000000000017E-002
   4.00000000000000008E-002   4.00000000000000008E-002
   2.00000000000000004E-002   2.00000000000000004E-002
   1.00000000000000002E-002   1.00000000000000002E-002
0
0
0    16     0
0
   0.00000000000000000E+000   2.56000000000000005E+000
   0.00000000000000000E+000   2.56000000000000005E+000
   0.00000000000000000E+000   2.56000000000000005E+000
   2.56000000000000005E+000   5.12000000000000011E+000
   0.00000000000000000E+000   2.56000000000000005E+000
   5.12000000000000011E+000   7.67999999999999972E+000
   0.00000000000000000E+000   2.56000000000000005E+000
   7.67999999999999972E+000   1.02400000000000002E+001
   2.56000000000000005E+000   5.12000000000000011E+000
   0.00000000000000000E+000   2.56000000000000005E+000
   2.56000000000000005E+000   5.12000000000000011E+000
   2.56000000000000005E+000   5.12000000000000011E+000
   2.56000000000000005E+000   5.12000000000000011E+000
   5.12000000000000011E+000   7.67999999999999972E+000
   2.56000000000000005E+000   5.12000000000000011E+000
   7.67999999999999972E+000   1.02400000000000002E+001
   5.12000000000000011E+000   7.67999999999999972E+000
   0.00000000000000000E+000   2.56000000000000005E+000
   5.12000000000000011E+000   7.67999999999999972E+000
   2.56000000000000005E+000   5.12000000000000011E+000
   5.12000000000000011E+000   7.67999999999999972E+000
   5.12000000000000011E+000   7.67999999999999972E+000
   5.12000000000000011E+000   7.67999999999999972E+000
   7.67999999999999972E+000   1.02400000000000002E+001
   7.67999999999999972E+000   1.02400000000000002E+001
   0.00000000000000000E+000   2.56000000000000005E+000
   7.67999999999999972E+000   1.02400000000000002E+001
   2.56000000000000005E+000   5.12000000000000011E+000
   7.67999999999999972E+000   1.02400000000000002E+001
   5.12000000000000011E+000   7.67999999999999972E+000
   7.67999999999999972E+000   1.02400000000000002E+001
   7.67999999999999972E+000   1.02400000000000002E+001
Level_00/Cell
1    15     0
0
   0.00000000000000000E+000   9.59999999999999964E-001
   2.24000000000000021E+000   2.87999999999999989E+000
   0.00000000000000000E+000   9.59999999999999964E-001
   2.87999999999999989E+000   4.16000000000000014E+000
   0.00000000000000000E+000   9.59999999999999964E-001
   4.16000000000000014E+000   5.44000000000000039E+000
   0.00000000000000000E+000   9.59999999999999964E-001
   5.44000000000000039E+000   6.71999999999999975E+000
   0.00000000000000000E+000   9.59999999999999964E-001
   6.71999999999999975E+000   8.00000000000000000E+000
   9.59999999999999964E-001   1.91999999999999993E+000
   2.24000000000000021E+000   2.87999999999999989E+000
   9.59999999999999964E-001   1.91999999999999993E+000
   2.87999999999999989E+000   4.16000000000000014E+000
   9.59999999999999964E-001   1.91999999999999993E+000
   4.16000000000000014E+000   5.44000000000000039E+000
   9.59999999999999964E-001   1.91999999999999993E+000
   5.44000000000000039E+000   6.71999999999999975E+000
   9.59999999999999964E-001   1.91999999999999993E+000
   6.71999999999999975E+000   8.00000000000000000E+000
   1.91999999999999993E+000   2.87999999999999989E+000
   2.24000000000000021E+000   2.87999999999999989E+000
   1.91999999999999993E+000   2.87999999999999989E+000
   2.87999999999999989E+000   4.16000000000000014E+000
   1.91999999999999993E+000   2.87999999999999989E+000
   4.16000000000000014E+000   5.44000000000000039E+000
   1.91999999999999993E+000   2.87999999999999989E+000
   5.44000000000000039E+000   6.71999999999999975E+000
   1.91999999999999993E+000   2.87999999999999989E+000
   6.71999999999999975E+000   8.00000000000000000E+000
Level_01/Cell
2    15     0
0
   0.00000000000000000E+000   3.20000000000000007E-001
   3.68000000000000016E+000   4.00000000000000000E+000
   0.00000000000000000E+000   3.20000000000000007E-001
   4.00000000000000000E+000   4.63999999999999968E+000
   0.00000000000000000E+000   3.20000000000000007E-001
   4.63999999999999968E+000   5.28000000000000025E+000
   0.00000000000000000E+000   3.20000000000000007E-001
   5.28000000000000025E+000   5.91999999999999993E+000
   0.00000000000000000E+000   3.20000000000000007E-001
   5.91999999999999993E+000   6.56000000000000050E+000
   3.20000000000000007E-001   9.59999999999999964E-001
   3.68000000000000016E+000   4.00000000000000000E+000
   3.20000000000000007E-001   9.59999999999999964E-001
   4.00000000000000000E+000   4.63999999999999968E+000
   3.20000000000000007E-001   9.59999999999999964E-001
   4.63999999999999968E+000   5.28000000000000025E+000
   3.20000000000000007E-001   9.59999999999999964E-001
   5.28000000000000025E+000   5.91999999999999993E+000
   3.20000000000000007E-001   9.59999999999999964E-001
   5.91999999999999993E+000   6.56000000000000050E+000
   9.59999999999999964E-001   1.60000000000000009E+000
   3.68000000000000016E+000   4.00000000000000000E+000
   9.59999999999999964E-001   1.60000000000000009E+000
   4.00000000000000000E+000   4.63999999999999968E+000
   9.59999999999999964E-001   1.60000000000000009E+000
   4.63999999999999968E+000   5.28000000000000025E+000
   9.59999999999999964E-001   1.60000000000000009E+000
   5.28000000000000025E+000   5.91999999999999993E+000
   9.59999999999999964E-001   1.60000000000000009E+000
   5.91999999999999993E+000   6.56000000000000050E+000
Level_02/Cell
3    15     0
0
   0.00000000000000000E+000   2.39999999999999991E-001
   4.32000000000000028E+000   4.63999999999999968E+000
   0.00000000000000000E+000   2.39999999999999991E-001
   4.63999999999999968E+000   4.95999999999999996E+000
   0.00000000000000000E+000   2.39999999999999991E-001
   4.95999999999999996E+000   5.28000000000000025E+000
   0.00000000000000000E+000   2.39999999999999991E-001
   5.28000000000000025E+000   5.60000000000000053E+000
   0.00000000000000000E+000   2.39999999999999991E-001
   5.60000000000000053E+000   5.91999999999999993E+000
   2.39999999999999991E-001   5.60000000000000053E-001
   4.32000000000000028E+000   4.63999999999999968E+000
   2.39999999999999991E-001   5.60000000000000053E-001
   4.63999999999999968E+000   4.95999999999999996E+000
   2.39999999999999991E-001   5.60000000000000053E-001
   4.95999999999999996E+000   5.28000000000000025E+000
   2.39999999999999991E-001   5.60000000000000053E-001
   5.28000000000000025E+000   5.60000000000000053E+000
   2.39999999999999991E-001   5.60000000000000053E-001
   5.60000000000000053E+000   5.91999999999999993E+000
   5.60000000000000053E-001   8.80000000000000004E-001
   4.32000000000000028E+000   4.63999999999999968E+000
   5.60000000000000053E-001   8.80000000000000004E-001
   4.63999999999999968E+000   4.95999999999999996E+000
   5.60000000000000053E-001   8.80000000000000004E-001
   4.95999999999999996E+000   5.28000000000000025E+000
   5.60000000000000053E-001   8.80000000000000004E-001
   5.28000000000000025E+000   5.60000000000000053E+000
   5.60000000000000053E-001   8.80000000000000004E-001
   5.60000000000000053E+000   5.91999999999999993E+000
Level_03/Cell
