1
0
4
0
(8 0
((0,200) (31,215) (0,0))
((0,216) (31,247) (0,0))
((0,248) (31,279) (0,0))
((0,280) (31,311) (0,0))
((32,200) (63,215) (0,0))
((32,216) (63,247) (0,0))
((32,248) (63,279) (0,0))
((32,280) (63,311) (0,0))
)
8
FabOnDisk: Cell_D_00000 0
FabOnDisk: Cell_D_00000 16469
FabOnDisk: Cell_D_00000 49322
FabOnDisk: Cell_D_00000 82175
FabOnDisk: Cell_D_00000 115028
FabOnDisk: Cell_D_00000 131498
FabOnDisk: Cell_D_00000 164352
FabOnDisk: Cell_D_00000 197206

8,4
  -1.25000000000000007E-002 ,
  -3.16229284458836811E-007 ,
   9.86434444552932055E-001 ,
  -9.91399148407463432E-002 ,
  -1.00000000000000006E-001 ,
  -1.95567232073277152E-007 ,
   1.08963083816931705E-001 ,
  -9.61935315795104523E-002 ,
   0.00000000000000000E+000 ,
  -1.14889718142281327E-007 ,
   1.09070647355686640E-001 ,
  -8.62540833817527774E-002 ,
   0.00000000000000000E+000 ,
  -2.03158717425119648E-007 ,
   5.11985922205297816E-001 ,
  -9.91001575764477727E-002 ,
  -8.74999999999999944E-002 ,
  -2.23094711768439259E-007 ,
   9.98980230999618191E-001 ,
  -9.99076572024931581E-002 ,
  -1.00000000000000006E-001 ,
  -1.75544935696909411E-007 ,
   7.14167061297115602E-001 ,
  -9.96856729871925529E-002 ,
  -1.25000000000000007E-002 ,
  -2.01146363470033233E-007 ,
   5.81098267653205158E-001 ,
  -9.92116994192627777E-002 ,
   0.00000000000000000E+000 ,
  -2.06692133618999305E-007 ,
   9.67108211480100621E-001 ,
  -9.99033987703124571E-002 ,

8,4
   1.56250000000000000E-002 ,
   1.66373124325400442E-007 ,
   9.99983165454718326E-001 ,
  -9.16238837609146678E-002 ,
   9.37500000000000000E-002 ,
   9.99843572252764878E-001 ,
   9.98458157167091742E-001 ,
  -4.85411131720322811E-002 ,
   1.00000000000000000E+000 ,
   9.99999704977042270E-001 ,
   9.52840920746828135E-001 ,
  -4.86719490568535001E-002 ,
   1.00000000000000000E+000 ,
   2.65935907447449041E-003 ,
   9.99982887656038377E-001 ,
  -6.28516716099873085E-002 ,
   1.56250000000000000E-002 ,
   2.39713416303228025E-007 ,
   1.00000049375402567E+000 ,
  -9.67241963210943578E-002 ,
   8.59375000000000069E-003 ,
   9.72272523017855829E-006 ,
   9.99999292362314440E-001 ,
  -7.08492128775710522E-002 ,
   1.00000000000000000E+000 ,
   8.13171029184976061E-004 ,
   9.99988122267752466E-001 ,
  -6.56316209626961328E-002 ,
   1.00000000000000000E+000 ,
   2.38125156192421911E-007 ,
   1.00000051353898312E+000 ,
  -8.80365144745724471E-002 ,
