1
0
4
0
(6 0
((0,80) (23,111) (0,0))
((0,112) (23,143) (0,0))
((0,144) (23,175) (0,0))
((24,80) (55,111) (0,0))
((24,112) (55,143) (0,0))
((24,144) (55,175) (0,0))
)
6
FabOnDisk: Cell_D_00000 0
FabOnDisk: Cell_D_00000 24660
FabOnDisk: Cell_D_00000 49321
FabOnDisk: Cell_D_00000 73982
FabOnDisk: Cell_D_00000 106835
FabOnDisk: Cell_D_00000 139689

6,4
  -9.37500000000000000E-002 ,
  -1.84333811989153526E-007 ,
   1.36863987720503871E-001 ,
  -9.92940469185698144E-002 ,
  -6.25000000000000035E-003 ,
  -4.60878865333133764E-008 ,
   1.05284469903310973E-001 ,
  -7.46923171733732127E-002 ,
   0.00000000000000000E+000 ,
  -1.75280168939132288E-007 ,
   1.36761383962461736E-001 ,
  -9.92715396259732930E-002 ,
  -1.00000000000000006E-001 ,
  -1.87181908185666338E-007 ,
   9.04648052499149591E-001 ,
  -9.99668443780838689E-002 ,
  -7.65624999999999917E-002 ,
  -1.87378940036348004E-007 ,
   2.55201045452361774E-001 ,
  -9.95151089181813137E-002 ,
   0.00000000000000000E+000 ,
  -2.17657494674727090E-007 ,
   9.05650169763133839E-001 ,
  -9.99658391366765875E-002 ,

6,4
   1.56250000000000000E-002 ,
   9.95444670091519490E-001 ,
   9.99996401410200741E-001 ,
  -4.62412015184208783E-002 ,
   0.00000000000000000E+000 ,
   1.00000005052683827E+000 ,
   8.50340696006993468E-001 ,
  -4.47179799230771266E-002 ,
   2.12199579096527232E-308 ,
   9.95538885117486561E-001 ,
   9.99996579398102048E-001 ,
  -4.58664348917050130E-002 ,
   1.56250000000000000E-002 ,
   2.09811248841505261E-007 ,
   1.00000061714147548E+000 ,
  -7.89365095818869433E-002 ,
   0.00000000000000000E+000 ,
   2.74035291980556039E-001 ,
   9.99999173114314410E-001 ,
  -5.00894945199577765E-002 ,
   0.00000000000000000E+000 ,
   1.84729558628058200E-007 ,
   1.00000072436371701E+000 ,
  -7.89591157854418885E-002 ,
