1
0
4
0
(50 0
((0,104) (31,119) (0,0))
((0,120) (31,151) (0,0))
((0,152) (31,183) (0,0))
((0,184) (31,215) (0,0))
((0,216) (31,247) (0,0))
((0,248) (31,279) (0,0))
((0,280) (31,311) (0,0))
((0,312) (31,343) (0,0))
((0,344) (31,375) (0,0))
((0,376) (31,407) (0,0))
((32,104) (63,119) (0,0))
((32,120) (63,151) (0,0))
((32,152) (63,183) (0,0))
((32,184) (63,215) (0,0))
((32,216) (63,247) (0,0))
((32,248) (63,279) (0,0))
((32,280) (63,311) (0,0))
((32,312) (63,343) (0,0))
((32,344) (63,375) (0,0))
((32,376) (63,407) (0,0))
((64,104) (95,119) (0,0))
((64,120) (95,151) (0,0))
((64,152) (95,183) (0,0))
((64,184) (95,215) (0,0))
((64,216) (95,247) (0,0))
((64,248) (95,279) (0,0))
((64,280) (95,311) (0,0))
((64,312) (95,343) (0,0))
((64,344) (95,375) (0,0))
((64,376) (95,407) (0,0))
((96,104) (127,119) (0,0))
((96,120) (127,151) (0,0))
((96,152) (127,183) (0,0))
((96,184) (127,215) (0,0))
((96,216) (127,247) (0,0))
((96,248) (127,279) (0,0))
((96,280) (127,311) (0,0))
((96,312) (127,343) (0,0))
((96,344) (127,375) (0,0))
((96,376) (127,407) (0,0))
((128,104) (159,119) (0,0))
((128,120) (159,151) (0,0))
((128,152) (159,183) (0,0))
((128,184) (159,215) (0,0))
((128,216) (159,247) (0,0))
((128,248) (159,279) (0,0))
((128,280) (159,311) (0,0))
((128,312) (159,343) (0,0))
((128,344) (159,375) (0,0))
((128,376) (159,407) (0,0))
)
50
FabOnDisk: Cell_D_00000 0
FabOnDisk: Cell_D_00000 16469
FabOnDisk: Cell_D_00000 49322
FabOnDisk: Cell_D_00000 82175
FabOnDisk: Cell_D_00000 115028
FabOnDisk: Cell_D_00000 147881
FabOnDisk: Cell_D_00000 180734
FabOnDisk: Cell_D_00000 213587
FabOnDisk: Cell_D_00000 246440
FabOnDisk: Cell_D_00000 279293
FabOnDisk: Cell_D_00000 312146
FabOnDisk: Cell_D_00000 328616
FabOnDisk: Cell_D_00000 361470
FabOnDisk: Cell_D_00000 394324
FabOnDisk: Cell_D_00000 427178
FabOnDisk: Cell_D_00000 460032
FabOnDisk: Cell_D_00000 492886
FabOnDisk: Cell_D_00000 525740
FabOnDisk: Cell_D_00000 558594
FabOnDisk: Cell_D_00000 591448
FabOnDisk: Cell_D_00000 624302
FabOnDisk: Cell_D_00000 640772
FabOnDisk: Cell_D_00000 673626
FabOnDisk: Cell_D_00000 706480
FabOnDisk: Cell_D_00000 739334
FabOnDisk: Cell_D_00000 772188
FabOnDisk: Cell_D_00000 805042
FabOnDisk: Cell_D_00000 837896
FabOnDisk: Cell_D_00000 870750
FabOnDisk: Cell_D_00000 903604
FabOnDisk: Cell_D_00000 936458
FabOnDisk: Cell_D_00000 952929
FabOnDisk: Cell_D_00000 985784
FabOnDisk: Cell_D_00000 1018639
FabOnDisk: Cell_D_00000 1051494
FabOnDisk: Cell_D_00000 1084349
FabOnDisk: Cell_D_00000 1117204
FabOnDisk: Cell_D_00000 1150059
FabOnDisk: Cell_D_00000 1182914
FabOnDisk: Cell_D_00000 1215769
FabOnDisk: Cell_D_00000 1248624
FabOnDisk: Cell_D_00000 1265096
FabOnDisk: Cell_D_00000 1297952
FabOnDisk: Cell_D_00000 1330808
FabOnDisk: Cell_D_00000 1363664
FabOnDisk: Cell_D_00000 1396520
FabOnDisk: Cell_D_00000 1429376
FabOnDisk: Cell_D_00000 1462232
FabOnDisk: Cell_D_00000 1495088
FabOnDisk: Cell_D_00000 1527944

50,4
   0.00000000000000000E+000 ,
  -1.93147985476716736E-007 ,
   9.94152235643381066E-001 ,
  -9.58209762981459684E-002 ,
   0.00000000000000000E+000 ,
  -1.88653672436256820E-007 ,
   2.48659214956286678E-001 ,
  -9.19809712905519383E-002 ,
   0.00000000000000000E+000 ,
  -1.93842878935181659E-007 ,
   1.23621822933363046E-001 ,
  -7.05817874162899955E-002 ,
   0.00000000000000000E+000 ,
   5.35050350752106093E-004 ,
   1.46551092493230034E-001 ,
  -4.63460335258728262E-002 ,
   0.00000000000000000E+000 ,
   2.05059312145234761E-003 ,
   1.41017266042441775E-001 ,
  -4.67855387763057642E-002 ,
   0.00000000000000000E+000 ,
   3.66522912421117009E-001 ,
   1.39629655601145430E-001 ,
  -4.64864618849407246E-002 ,
   0.00000000000000000E+000 ,
   2.05779884818427326E-003 ,
   1.45309713899861859E-001 ,
  -4.66995488381290180E-002 ,
   0.00000000000000000E+000 ,
   3.13514111804349884E-005 ,
   1.29715075546923964E-001 ,
  -5.19939849237244789E-002 ,
   0.00000000000000000E+000 ,
  -1.79485817299687583E-007 ,
   1.23688908405743814E-001 ,
  -8.43532961323185809E-002 ,
                        NaN ,
  -2.03090229601866418E-007 ,
   9.36023732821576804E-001 ,
  -9.57543905689371977E-002 ,
   0.00000000000000000E+000 ,
  -2.82180492967636556E-007 ,
   9.97271979942928710E-001 ,
  -9.72767442456946990E-002 ,
  -6.18652343749999944E-002 ,
  -1.71618072398257811E-007 ,
   8.75105909451067143E-001 ,
  -9.50175654197611130E-002 ,
  -1.54663085937499986E-002 ,
  -1.94858354351215009E-007 ,
   1.37457773828107227E-001 ,
  -8.33163142932318163E-002 ,
   0.00000000000000000E+000 ,
   1.78963367679484571E-002 ,
   1.52411300327188443E-001 ,
  -4.60683234623186708E-002 ,
   0.00000000000000000E+000 ,
   1.31315356811240354E-002 ,
   1.45082915828665171E-001 ,
  -4.67558665644549135E-002 ,
   0.00000000000000000E+000 ,
   3.62739434213475154E-002 ,
   1.42633592540934190E-001 ,
  -4.64364683099151854E-002 ,
   0.00000000000000000E+000 ,
   2.40056042229066504E-003 ,
   1.37931087252642942E-001 ,
  -4.59659395072301788E-002 ,
   0.00000000000000000E+000 ,
  -9.51541668523534255E-008 ,
   1.33056772189220879E-001 ,
  -7.04389455209396276E-002 ,
   0.00000000000000000E+000 ,
  -2.15157437087226390E-007 ,
   4.93523963104211538E-001 ,
  -9.09427548385790818E-002 ,
  -1.00000000000000006E-001 ,
  -2.76763233339489508E-007 ,
   9.79441380714555443E-001 ,
  -9.72362106193637443E-002 ,
   0.00000000000000000E+000 ,
  -2.65353332043288248E-007 ,
   9.99401569881831597E-001 ,
  -9.85767610410255152E-002 ,
  -8.74999999999999944E-002 ,
  -1.99712028957827984E-007 ,
   9.73745332440769662E-001 ,
  -9.74821379694249535E-002 ,
  -8.74999999999999944E-002 ,
  -2.03015632567669634E-007 ,
   2.23911094015156492E-001 ,
  -9.25767911600845483E-002 ,
  -8.74999999999999944E-002 ,
  -1.93639084742340116E-007 ,
   1.33501391831429173E-001 ,
  -8.00365008852353677E-002 ,
   0.00000000000000000E+000 ,
   8.98162505724173500E-006 ,
   1.36320879955310975E-001 ,
  -5.66845266348690799E-002 ,
   0.00000000000000000E+000 ,
   7.99841851865549201E-003 ,
   1.44062882318225061E-001 ,
  -4.80494220452475293E-002 ,
   0.00000000000000000E+000 ,
  -1.14219907365397050E-007 ,
   1.34500074697282951E-001 ,
  -7.30439216647485873E-002 ,
   0.00000000000000000E+000 ,
  -1.68847969980755624E-007 ,
   1.37151405149725431E-001 ,
  -8.82040979254174878E-002 ,
   0.00000000000000000E+000 ,
  -1.77839845977018891E-007 ,
   8.64063593543560882E-001 ,
  -9.57027981444270454E-002 ,
  -1.00000000000000006E-001 ,
  -3.16160785487368023E-007 ,
   9.95891933647590322E-001 ,
  -9.85628427963991666E-002 ,
   0.00000000000000000E+000 ,
  -2.58085363106254583E-007 ,
   9.99933559384575066E-001 ,
  -9.93863763800172939E-002 ,
  -8.74999999999999944E-002 ,
  -2.79192377030503662E-007 ,
   9.97590446567882649E-001 ,
  -9.89491023424506344E-002 ,
  -8.74999999999999944E-002 ,
  -3.03338260417201899E-007 ,
   9.53848551974621151E-001 ,
  -9.71889603921986117E-002 ,
  -8.74999999999999944E-002 ,
  -2.01153656768727159E-007 ,
   6.06310557309618026E-001 ,
  -9.36685082305948741E-002 ,
  -8.74999999999999944E-002 ,
  -1.42708706999400202E-007 ,
   1.57170325928039506E-001 ,
  -8.87440464950547681E-002 ,
  -1.25000000000000007E-002 ,
  -1.94091663345842319E-007 ,
   1.62188025008811992E-001 ,
  -8.67641993458518196E-002 ,
  -1.25000000000000007E-002 ,
  -1.54138149224996182E-007 ,
   2.45922762582776677E-001 ,
  -9.16665697084309561E-002 ,
  -1.25000000000000007E-002 ,
  -2.07271894903385484E-007 ,
   9.03970795674170935E-001 ,
  -9.58446716569685553E-002 ,
   0.00000000000000000E+000 ,
  -2.19708050479937517E-007 ,
   9.90417866571962513E-001 ,
  -9.82831782628882378E-002 ,
   0.00000000000000000E+000 ,
  -2.41710850492308650E-007 ,
   9.99587616214052899E-001 ,
  -9.93833543846673190E-002 ,
  -8.74999999999999944E-002 ,
  -2.56457323171631042E-007 ,
   9.99996607413759064E-001 ,
  -9.97732737715159718E-002 ,
  -8.74999999999999944E-002 ,
  -2.68425119704085554E-007 ,
   9.99896638104634472E-001 ,
  -9.96200073438110179E-002 ,
  -8.74999999999999944E-002 ,
  -2.57830582315792114E-007 ,
   9.98529029856700223E-001 ,
  -9.90507914823072627E-002 ,
  -8.74999999999999944E-002 ,
  -2.23320426290295106E-007 ,
   9.91502617129897179E-001 ,
  -9.80595922023823063E-002 ,
  -1.00000000000000006E-001 ,
  -2.04454170762716449E-007 ,
   9.80332759045971946E-001 ,
  -9.68780230736961678E-002 ,
  -1.00000000000000006E-001 ,
  -2.83468654939397520E-007 ,
   9.79777639334102335E-001 ,
  -9.64402775450076133E-002 ,
   0.00000000000000000E+000 ,
  -2.68201089716276272E-007 ,
   9.86118127013916768E-001 ,
  -9.75156174879355936E-002 ,
   0.00000000000000000E+000 ,
  -2.40285378314771636E-007 ,
   9.96760862782269164E-001 ,
  -9.86440159761935859E-002 ,
   0.00000000000000000E+000 ,
  -2.36200930084153434E-007 ,
   9.99643486733360009E-001 ,
  -9.93968661788574709E-002 ,
   0.00000000000000000E+000 ,
  -2.57042120271435935E-007 ,
   9.99980649871041072E-001 ,
  -9.97728659356629799E-002 ,

50,4
   0.00000000000000000E+000 ,
   2.57492623537775710E-007 ,
   9.99636750828315379E-001 ,
  -9.06196939235326127E-002 ,
   0.00000000000000000E+000 ,
   3.47752885703897285E-001 ,
   9.96761047445472448E-001 ,
  -4.80490733235304085E-002 ,
   0.00000000000000000E+000 ,
   9.99999889926316277E-001 ,
   8.55618110051888592E-001 ,
  -4.32029355230415732E-002 ,
   0.00000000000000000E+000 ,
   1.00000008950601593E+000 ,
   1.83946836192426938E-001 ,
  -4.45633458629621018E-002 ,
   0.00000000000000000E+000 ,
   1.00000017569374244E+000 ,
   1.67828290842430783E-001 ,
  -4.58867486209911662E-002 ,
   0.00000000000000000E+000 ,
   1.00000020831443170E+000 ,
   1.53817010354626971E-001 ,
  -4.58153519146840826E-002 ,
   0.00000000000000000E+000 ,
   9.99999937311684128E-001 ,
   1.70905302847471241E-001 ,
  -4.51621253347629648E-002 ,
   0.00000000000000000E+000 ,
   1.00000014171414620E+000 ,
   4.43535258455487691E-001 ,
  -4.33856643673596401E-002 ,
   0.00000000000000000E+000 ,
   9.99764960277019110E-001 ,
   9.75728730075353434E-001 ,
  -4.30677043290847439E-002 ,
                        NaN ,
   2.62462085581403867E-007 ,
   9.99631787745510092E-001 ,
  -7.94755443110529841E-002 ,
   0.00000000000000000E+000 ,
   2.12159030294755201E-007 ,
   9.99910552054603441E-001 ,
  -9.23911068474764507E-002 ,
   0.00000000000000000E+000 ,
   1.66033387125244796E-007 ,
   9.99281333320174658E-001 ,
  -7.20606109085423774E-002 ,
   0.00000000000000000E+000 ,
   9.99850780205897571E-001 ,
   9.68823190848981719E-001 ,
  -4.32256054523001906E-002 ,
   0.00000000000000000E+000 ,
   9.99999107490717853E-001 ,
   1.89338201561427333E-001 ,
  -4.43518179298886192E-002 ,
   0.00000000000000000E+000 ,
   9.99997719029077081E-001 ,
   1.69915885653517229E-001 ,
  -4.53250402591840115E-002 ,
   0.00000000000000000E+000 ,
   9.99999930064916720E-001 ,
   1.69056585758156575E-001 ,
  -4.52424215227667445E-002 ,
   0.00000000000000000E+000 ,
   9.99998655208004239E-001 ,
   1.90137992985255272E-001 ,
  -4.35565794150088517E-002 ,
   0.00000000000000000E+000 ,
   9.99971201106332197E-001 ,
   8.39321591324237115E-001 ,
  -4.32454645674578697E-002 ,
   0.00000000000000000E+000 ,
   1.55883752102492994E-004 ,
   9.95108639953599439E-001 ,
  -5.36694336219358525E-002 ,
   0.00000000000000000E+000 ,
   2.72747535338674063E-007 ,
   9.99910502826311554E-001 ,
  -8.51930746545573603E-002 ,
   0.00000000000000000E+000 ,
   2.64831436079783401E-007 ,
   9.99989219986170186E-001 ,
  -9.52869796503974104E-002 ,
   0.00000000000000000E+000 ,
   3.84872902992764512E-007 ,
   9.99918830440433615E-001 ,
  -8.42755736662831184E-002 ,
   0.00000000000000000E+000 ,
   4.40603974584231173E-001 ,
   9.97089470616176365E-001 ,
  -4.63164704781043740E-002 ,
   0.00000000000000000E+000 ,
   9.99875538033516031E-001 ,
   9.44943020501174735E-001 ,
  -4.35594404724994888E-002 ,
   0.00000000000000000E+000 ,
   9.99993142483365238E-001 ,
   5.36912372681949801E-001 ,
  -4.36167595407484926E-002 ,
   0.00000000000000000E+000 ,
   9.99964320851533861E-001 ,
   2.74051330037448304E-001 ,
  -4.42547450678216978E-002 ,
   0.00000000000000000E+000 ,
   9.99989284150885505E-001 ,
   8.87561272012938218E-001 ,
  -4.31263670989926670E-002 ,
   0.00000000000000000E+000 ,
   9.15273692269651051E-001 ,
   9.88515792279958783E-001 ,
  -4.30786683861599448E-002 ,
   0.00000000000000000E+000 ,
   2.42739366462512168E-007 ,
   9.99499261328275601E-001 ,
  -7.21689095415020826E-002 ,
   0.00000000000000000E+000 ,
   2.22564814306263868E-007 ,
   9.99989453202707712E-001 ,
  -9.14398233575130087E-002 ,
   0.00000000000000000E+000 ,
   3.03696853433731181E-007 ,
   9.99999629835102377E-001 ,
  -9.76284775594451482E-002 ,
   0.00000000000000000E+000 ,
   2.37911231993165622E-007 ,
   9.99995716130028578E-001 ,
  -9.30159465433016697E-002 ,
   1.16406250000000003E-001 ,
   2.03460190600408688E-007 ,
   9.99873208094919197E-001 ,
  -8.12268658419725842E-002 ,
   4.84375000000000083E-002 ,
   3.64164996775565521E-005 ,
   9.98227272190187254E-001 ,
  -5.91686145466797792E-002 ,
   0.00000000000000000E+000 ,
   7.88909538963630697E-001 ,
   9.89995473271169324E-001 ,
  -4.38928035947200659E-002 ,
   0.00000000000000000E+000 ,
   8.78405160468828883E-001 ,
   9.83788762753521673E-001 ,
  -4.43871582060313893E-002 ,
   0.00000000000000000E+000 ,
   3.37844891172237483E-001 ,
   9.96140737502694495E-001 ,
  -4.71345387604035354E-002 ,
   0.00000000000000000E+000 ,
   3.31558321316276739E-007 ,
   9.99569388321338015E-001 ,
  -7.45178560956921976E-002 ,
   0.00000000000000000E+000 ,
   2.50987798519914970E-007 ,
   9.99976289734661239E-001 ,
  -8.89027809999364677E-002 ,
   0.00000000000000000E+000 ,
   3.83832262041429562E-007 ,
   9.99999731409474402E-001 ,
  -9.59491585802515756E-002 ,
   0.00000000000000000E+000 ,
   2.76961021435076949E-007 ,
   1.00000094669728901E+000 ,
  -9.90134556288955470E-002 ,
   0.00000000000000000E+000 ,
   2.80079897229214422E-007 ,
   1.00000051943220081E+000 ,
  -9.73537379180600404E-002 ,
   1.00000000000000000E+000 ,
   2.68382763086470777E-007 ,
   9.99997311131115008E-001 ,
  -9.40263004185682705E-002 ,
   1.00000000000000000E+000 ,
   2.55702936765207820E-007 ,
   9.99967429891762793E-001 ,
  -8.93450145272810942E-002 ,
   1.00000000000000000E+000 ,
   2.02701348215506783E-007 ,
   9.99838147148779610E-001 ,
  -8.59258104113824056E-002 ,
   0.00000000000000000E+000 ,
   2.83767279890855661E-007 ,
   9.99749994006925324E-001 ,
  -8.58456178220248362E-002 ,
   0.00000000000000000E+000 ,
   2.82783992637450709E-007 ,
   9.99925403478115316E-001 ,
  -8.74440293121884760E-002 ,
   0.00000000000000000E+000 ,
   2.28669405203288656E-007 ,
   9.99990266332698385E-001 ,
  -9.21217708541454405E-002 ,
   0.00000000000000000E+000 ,
   2.86037993051091927E-007 ,
   9.99999661508965909E-001 ,
  -9.60806999487139601E-002 ,
   1.00000000000000000E+000 ,
   2.38697070773141021E-007 ,
   1.00000098512929170E+000 ,
  -9.83850571907366606E-002 ,
