1
0
4
0
(255 0
((0,160) (15,183) (0,0))
((0,184) (15,207) (0,0))
((0,208) (15,231) (0,0))
((0,232) (15,263) (0,0))
((0,264) (15,295) (0,0))
((0,296) (15,327) (0,0))
((0,328) (15,359) (0,0))
((0,360) (15,391) (0,0))
((0,392) (31,415) (0,0))
((0,416) (31,439) (0,0))
((0,440) (31,463) (0,0))
((0,464) (31,495) (0,0))
((0,528) (15,543) (0,0))
((0,544) (15,575) (0,0))
((0,576) (15,607) (0,0))
((0,608) (15,639) (0,0))
((0,640) (15,671) (0,0))
((0,672) (15,703) (0,0))
((0,704) (15,735) (0,0))
((0,736) (15,767) (0,0))
((0,768) (15,799) (0,0))
((0,800) (15,831) (0,0))
((0,832) (15,863) (0,0))
((16,160) (47,183) (0,0))
((16,184) (47,207) (0,0))
((16,208) (47,231) (0,0))
((16,232) (47,263) (0,0))
((16,264) (47,295) (0,0))
((16,296) (47,327) (0,0))
((16,328) (47,359) (0,0))
((16,360) (47,391) (0,0))
((16,528) (39,543) (0,0))
((16,544) (39,575) (0,0))
((16,576) (39,607) (0,0))
((16,608) (39,639) (0,0))
((16,640) (39,671) (0,0))
((16,672) (39,703) (0,0))
((16,704) (39,735) (0,0))
((16,736) (39,767) (0,0))
((16,768) (39,799) (0,0))
((16,800) (39,831) (0,0))
((16,832) (39,863) (0,0))
((32,392) (63,415) (0,0))
((32,416) (63,439) (0,0))
((32,440) (63,463) (0,0))
((32,464) (63,495) (0,0))
((40,528) (71,543) (0,0))
((40,544) (71,575) (0,0))
((40,576) (71,607) (0,0))
((40,608) (71,639) (0,0))
((40,640) (71,671) (0,0))
((40,672) (71,703) (0,0))
((40,704) (71,735) (0,0))
((40,736) (71,767) (0,0))
((40,768) (71,799) (0,0))
((40,800) (71,831) (0,0))
((40,832) (71,863) (0,0))
((48,168) (71,199) (0,0))
((48,200) (71,231) (0,0))
((48,232) (71,263) (0,0))
((48,264) (71,295) (0,0))
((48,296) (71,327) (0,0))
((48,328) (71,359) (0,0))
((48,360) (71,391) (0,0))
((48,496) (63,527) (0,0))
((64,392) (95,415) (0,0))
((64,416) (95,439) (0,0))
((64,440) (95,463) (0,0))
((64,464) (95,495) (0,0))
((64,496) (95,527) (0,0))
((72,176) (95,199) (0,0))
((72,200) (95,231) (0,0))
((72,232) (95,263) (0,0))
((72,264) (95,295) (0,0))
((72,296) (95,327) (0,0))
((72,328) (95,359) (0,0))
((72,360) (95,391) (0,0))
((72,528) (95,559) (0,0))
((72,560) (95,591) (0,0))
((72,592) (95,623) (0,0))
((72,624) (95,655) (0,0))
((72,656) (95,687) (0,0))
((72,688) (95,719) (0,0))
((72,720) (95,751) (0,0))
((72,752) (95,783) (0,0))
((72,784) (95,815) (0,0))
((72,816) (95,847) (0,0))
((96,184) (119,199) (0,0))
((96,200) (119,231) (0,0))
((96,232) (119,263) (0,0))
((96,264) (119,295) (0,0))
((96,296) (119,327) (0,0))
((96,328) (119,359) (0,0))
((96,360) (119,391) (0,0))
((96,392) (127,415) (0,0))
((96,416) (127,439) (0,0))
((96,440) (127,463) (0,0))
((96,464) (127,495) (0,0))
((96,496) (127,527) (0,0))
((96,528) (119,551) (0,0))
((96,552) (119,583) (0,0))
((96,584) (119,615) (0,0))
((96,616) (119,647) (0,0))
((96,648) (119,679) (0,0))
((96,680) (119,711) (0,0))
((96,712) (119,743) (0,0))
((96,744) (119,775) (0,0))
((96,776) (119,807) (0,0))
((96,808) (119,839) (0,0))
((120,192) (151,215) (0,0))
((120,216) (151,239) (0,0))
((120,240) (151,263) (0,0))
((120,264) (151,295) (0,0))
((120,296) (151,327) (0,0))
((120,328) (151,359) (0,0))
((120,360) (151,391) (0,0))
((120,528) (143,543) (0,0))
((120,544) (143,575) (0,0))
((120,576) (143,607) (0,0))
((120,608) (143,639) (0,0))
((120,640) (143,671) (0,0))
((120,672) (143,703) (0,0))
((120,704) (143,735) (0,0))
((120,736) (143,767) (0,0))
((120,768) (143,799) (0,0))
((120,800) (143,831) (0,0))
((128,392) (159,415) (0,0))
((128,416) (159,439) (0,0))
((128,440) (159,463) (0,0))
((128,464) (159,495) (0,0))
((128,496) (159,527) (0,0))
((144,528) (167,559) (0,0))
((144,560) (167,591) (0,0))
((144,592) (167,623) (0,0))
((144,624) (167,655) (0,0))
((144,656) (167,687) (0,0))
((144,688) (167,719) (0,0))
((144,720) (167,751) (0,0))
((144,752) (167,783) (0,0))
((144,784) (167,815) (0,0))
((152,208) (175,231) (0,0))
((152,232) (175,263) (0,0))
((152,264) (175,295) (0,0))
((152,296) (175,327) (0,0))
((152,328) (175,359) (0,0))
((152,360) (175,391) (0,0))
((160,392) (191,415) (0,0))
((160,416) (191,439) (0,0))
((160,440) (191,463) (0,0))
((160,464) (191,495) (0,0))
((160,496) (191,527) (0,0))
((168,528) (183,551) (0,0))
((168,552) (183,583) (0,0))
((168,584) (183,615) (0,0))
((168,616) (183,647) (0,0))
((168,648) (183,679) (0,0))
((168,680) (183,711) (0,0))
((168,712) (183,743) (0,0))
((168,744) (183,775) (0,0))
((168,776) (183,807) (0,0))
((176,216) (199,231) (0,0))
((176,232) (199,263) (0,0))
((176,264) (199,295) (0,0))
((176,296) (199,327) (0,0))
((176,328) (199,359) (0,0))
((176,360) (199,391) (0,0))
((184,528) (207,551) (0,0))
((184,552) (207,583) (0,0))
((184,584) (207,615) (0,0))
((184,616) (207,647) (0,0))
((184,648) (207,679) (0,0))
((184,680) (207,711) (0,0))
((184,712) (207,743) (0,0))
((184,744) (207,775) (0,0))
((184,776) (207,807) (0,0))
((192,392) (223,415) (0,0))
((192,416) (223,439) (0,0))
((192,440) (223,463) (0,0))
((192,464) (223,495) (0,0))
((192,496) (223,527) (0,0))
((200,232) (223,263) (0,0))
((200,264) (223,295) (0,0))
((200,296) (223,327) (0,0))
((200,328) (223,359) (0,0))
((200,360) (223,391) (0,0))
((208,528) (239,559) (0,0))
((208,560) (239,591) (0,0))
((208,592) (239,623) (0,0))
((208,624) (239,655) (0,0))
((208,656) (239,687) (0,0))
((208,688) (239,719) (0,0))
((208,720) (239,751) (0,0))
((208,752) (239,783) (0,0))
((224,248) (247,263) (0,0))
((224,264) (247,295) (0,0))
((224,296) (247,327) (0,0))
((224,328) (247,359) (0,0))
((224,360) (247,391) (0,0))
((224,392) (255,415) (0,0))
((224,416) (255,439) (0,0))
((224,440) (255,463) (0,0))
((224,464) (255,495) (0,0))
((224,496) (255,527) (0,0))
((240,528) (271,559) (0,0))
((240,560) (271,591) (0,0))
((240,592) (271,623) (0,0))
((240,624) (271,655) (0,0))
((240,656) (271,687) (0,0))
((240,688) (271,719) (0,0))
((240,720) (271,751) (0,0))
((240,752) (271,783) (0,0))
((248,248) (279,263) (0,0))
((248,264) (279,295) (0,0))
((248,296) (279,327) (0,0))
((248,328) (279,359) (0,0))
((248,360) (279,391) (0,0))
((256,392) (287,415) (0,0))
((256,416) (287,439) (0,0))
((256,440) (287,463) (0,0))
((256,464) (287,495) (0,0))
((256,496) (287,527) (0,0))
((272,528) (287,551) (0,0))
((272,552) (287,583) (0,0))
((272,584) (287,615) (0,0))
((272,616) (287,647) (0,0))
((272,648) (287,679) (0,0))
((272,680) (287,711) (0,0))
((280,312) (303,327) (0,0))
((280,328) (303,359) (0,0))
((280,360) (303,391) (0,0))
((288,392) (319,415) (0,0))
((288,416) (319,439) (0,0))
((288,440) (319,463) (0,0))
((288,464) (319,495) (0,0))
((288,496) (319,527) (0,0))
((288,528) (311,551) (0,0))
((288,552) (311,583) (0,0))
((288,584) (311,615) (0,0))
((288,616) (311,647) (0,0))
((288,648) (311,679) (0,0))
((288,680) (311,711) (0,0))
((304,344) (327,359) (0,0))
((304,360) (327,391) (0,0))
((312,528) (327,551) (0,0))
((312,552) (343,567) (0,0))
((312,568) (343,591) (0,0))
((312,592) (335,615) (0,0))
((312,616) (327,631) (0,0))
((312,632) (327,655) (0,0))
((320,392) (351,415) (0,0))
((320,416) (351,439) (0,0))
((320,440) (351,463) (0,0))
((320,464) (351,495) (0,0))
((320,496) (351,527) (0,0))
((328,528) (351,551) (0,0))
)
255
FabOnDisk: Cell_D_00000 0
FabOnDisk: Cell_D_00000 12373
FabOnDisk: Cell_D_00000 24746
FabOnDisk: Cell_D_00000 37119
FabOnDisk: Cell_D_00000 53588
FabOnDisk: Cell_D_00000 70057
FabOnDisk: Cell_D_00000 86526
FabOnDisk: Cell_D_00000 102995
FabOnDisk: Cell_D_00000 119464
FabOnDisk: Cell_D_00000 144125
FabOnDisk: Cell_D_00000 168786
FabOnDisk: Cell_D_00000 193447
FabOnDisk: Cell_D_00000 226300
FabOnDisk: Cell_D_00000 234577
FabOnDisk: Cell_D_00000 251046
FabOnDisk: Cell_D_00000 267515
FabOnDisk: Cell_D_00000 283984
FabOnDisk: Cell_D_00000 300453
FabOnDisk: Cell_D_00000 316922
FabOnDisk: Cell_D_00000 333391
FabOnDisk: Cell_D_00000 349860
FabOnDisk: Cell_D_00000 366329
FabOnDisk: Cell_D_00000 382798
FabOnDisk: Cell_D_00000 399267
FabOnDisk: Cell_D_00000 423929
FabOnDisk: Cell_D_00000 448591
FabOnDisk: Cell_D_00000 473253
FabOnDisk: Cell_D_00000 506107
FabOnDisk: Cell_D_00000 538961
FabOnDisk: Cell_D_00000 571815
FabOnDisk: Cell_D_00000 604669
FabOnDisk: Cell_D_00000 637523
FabOnDisk: Cell_D_00000 649897
FabOnDisk: Cell_D_00000 674559
FabOnDisk: Cell_D_00000 699221
FabOnDisk: Cell_D_00000 723883
FabOnDisk: Cell_D_00000 748545
FabOnDisk: Cell_D_00000 773207
FabOnDisk: Cell_D_00000 797869
FabOnDisk: Cell_D_00000 822531
FabOnDisk: Cell_D_00000 847193
FabOnDisk: Cell_D_00000 871855
FabOnDisk: Cell_D_00000 896517
FabOnDisk: Cell_D_00000 921179
FabOnDisk: Cell_D_00000 945841
FabOnDisk: Cell_D_00000 970503
FabOnDisk: Cell_D_00000 1003357
FabOnDisk: Cell_D_00000 1019827
FabOnDisk: Cell_D_00000 1052681
FabOnDisk: Cell_D_00000 1085535
FabOnDisk: Cell_D_00000 1118389
FabOnDisk: Cell_D_00000 1151243
FabOnDisk: Cell_D_00000 1184097
FabOnDisk: Cell_D_00000 1216951
FabOnDisk: Cell_D_00000 1249805
FabOnDisk: Cell_D_00000 1282659
FabOnDisk: Cell_D_00000 1315513
FabOnDisk: Cell_D_00000 1348367
FabOnDisk: Cell_D_00000 1373029
FabOnDisk: Cell_D_00000 1397691
FabOnDisk: Cell_D_00000 1422353
FabOnDisk: Cell_D_00000 1447015
FabOnDisk: Cell_D_00000 1471677
FabOnDisk: Cell_D_00000 1496339
FabOnDisk: Cell_D_00000 1521001
FabOnDisk: Cell_D_00000 1537471
FabOnDisk: Cell_D_00000 1562133
FabOnDisk: Cell_D_00000 1586795
FabOnDisk: Cell_D_00000 1611457
FabOnDisk: Cell_D_00000 1644311
FabOnDisk: Cell_D_00000 1677165
FabOnDisk: Cell_D_00000 1695683
FabOnDisk: Cell_D_00000 1720345
FabOnDisk: Cell_D_00000 1745007
FabOnDisk: Cell_D_00000 1769669
FabOnDisk: Cell_D_00000 1794331
FabOnDisk: Cell_D_00000 1818993
FabOnDisk: Cell_D_00000 1843655
FabOnDisk: Cell_D_00000 1868317
FabOnDisk: Cell_D_00000 1892979
FabOnDisk: Cell_D_00000 1917641
FabOnDisk: Cell_D_00000 1942303
FabOnDisk: Cell_D_00000 1966965
FabOnDisk: Cell_D_00000 1991627
FabOnDisk: Cell_D_00000 2016289
FabOnDisk: Cell_D_00000 2040951
FabOnDisk: Cell_D_00000 2065613
FabOnDisk: Cell_D_00000 2090275
FabOnDisk: Cell_D_00000 2102650
FabOnDisk: Cell_D_00000 2127313
FabOnDisk: Cell_D_00000 2151976
FabOnDisk: Cell_D_00000 2176639
FabOnDisk: Cell_D_00000 2201302
FabOnDisk: Cell_D_00000 2225965
FabOnDisk: Cell_D_00000 2250628
FabOnDisk: Cell_D_00000 2275291
FabOnDisk: Cell_D_00000 2299954
FabOnDisk: Cell_D_00000 2324617
FabOnDisk: Cell_D_00000 2357472
FabOnDisk: Cell_D_00000 2390327
FabOnDisk: Cell_D_00000 2408846
FabOnDisk: Cell_D_00000 2433509
FabOnDisk: Cell_D_00000 2458172
FabOnDisk: Cell_D_00000 2482835
FabOnDisk: Cell_D_00000 2507498
FabOnDisk: Cell_D_00000 2532161
FabOnDisk: Cell_D_00000 2556824
FabOnDisk: Cell_D_00000 2581487
FabOnDisk: Cell_D_00000 2606150
FabOnDisk: Cell_D_00000 2630813
FabOnDisk: Cell_D_00000 2655477
FabOnDisk: Cell_D_00000 2680141
FabOnDisk: Cell_D_00000 2704805
FabOnDisk: Cell_D_00000 2737661
FabOnDisk: Cell_D_00000 2770517
FabOnDisk: Cell_D_00000 2803373
FabOnDisk: Cell_D_00000 2836229
FabOnDisk: Cell_D_00000 2848605
FabOnDisk: Cell_D_00000 2873269
FabOnDisk: Cell_D_00000 2897933
FabOnDisk: Cell_D_00000 2922597
FabOnDisk: Cell_D_00000 2947261
FabOnDisk: Cell_D_00000 2971925
FabOnDisk: Cell_D_00000 2996589
FabOnDisk: Cell_D_00000 3021253
FabOnDisk: Cell_D_00000 3045917
FabOnDisk: Cell_D_00000 3070581
FabOnDisk: Cell_D_00000 3095245
FabOnDisk: Cell_D_00000 3119909
FabOnDisk: Cell_D_00000 3144573
FabOnDisk: Cell_D_00000 3177429
FabOnDisk: Cell_D_00000 3210285
FabOnDisk: Cell_D_00000 3234949
FabOnDisk: Cell_D_00000 3259613
FabOnDisk: Cell_D_00000 3284277
FabOnDisk: Cell_D_00000 3308941
FabOnDisk: Cell_D_00000 3333605
FabOnDisk: Cell_D_00000 3358269
FabOnDisk: Cell_D_00000 3382933
FabOnDisk: Cell_D_00000 3407597
FabOnDisk: Cell_D_00000 3432261
FabOnDisk: Cell_D_00000 3450781
FabOnDisk: Cell_D_00000 3475445
FabOnDisk: Cell_D_00000 3500109
FabOnDisk: Cell_D_00000 3524773
FabOnDisk: Cell_D_00000 3549437
FabOnDisk: Cell_D_00000 3574101
FabOnDisk: Cell_D_00000 3598765
FabOnDisk: Cell_D_00000 3623429
FabOnDisk: Cell_D_00000 3648093
FabOnDisk: Cell_D_00000 3680949
FabOnDisk: Cell_D_00000 3713805
FabOnDisk: Cell_D_00000 3726181
FabOnDisk: Cell_D_00000 3742653
FabOnDisk: Cell_D_00000 3759125
FabOnDisk: Cell_D_00000 3775597
FabOnDisk: Cell_D_00000 3792069
FabOnDisk: Cell_D_00000 3808541
FabOnDisk: Cell_D_00000 3825013
FabOnDisk: Cell_D_00000 3841485
FabOnDisk: Cell_D_00000 3857957
FabOnDisk: Cell_D_00000 3870333
FabOnDisk: Cell_D_00000 3894997
FabOnDisk: Cell_D_00000 3919661
FabOnDisk: Cell_D_00000 3944325
FabOnDisk: Cell_D_00000 3968989
FabOnDisk: Cell_D_00000 3993653
FabOnDisk: Cell_D_00000 4012173
FabOnDisk: Cell_D_00000 4036837
FabOnDisk: Cell_D_00000 4061501
FabOnDisk: Cell_D_00000 4086165
FabOnDisk: Cell_D_00000 4110829
FabOnDisk: Cell_D_00000 4135493
FabOnDisk: Cell_D_00000 4160157
FabOnDisk: Cell_D_00000 4184821
FabOnDisk: Cell_D_00000 4209485
FabOnDisk: Cell_D_00000 4234149
FabOnDisk: Cell_D_00000 4258813
FabOnDisk: Cell_D_00000 4283477
FabOnDisk: Cell_D_00000 4316333
FabOnDisk: Cell_D_00000 4349189
FabOnDisk: Cell_D_00000 4373853
FabOnDisk: Cell_D_00000 4398517
FabOnDisk: Cell_D_00000 4423181
FabOnDisk: Cell_D_00000 4447845
FabOnDisk: Cell_D_00000 4472509
FabOnDisk: Cell_D_00000 4505365
FabOnDisk: Cell_D_00000 4538221
FabOnDisk: Cell_D_00000 4571077
FabOnDisk: Cell_D_00000 4603933
FabOnDisk: Cell_D_00000 4636789
FabOnDisk: Cell_D_00000 4669645
FabOnDisk: Cell_D_00000 4702501
FabOnDisk: Cell_D_00000 4735357
FabOnDisk: Cell_D_00000 4747733
FabOnDisk: Cell_D_00000 4772397
FabOnDisk: Cell_D_00000 4797061
FabOnDisk: Cell_D_00000 4821725
FabOnDisk: Cell_D_00000 4846389
FabOnDisk: Cell_D_00000 4871053
FabOnDisk: Cell_D_00000 4895717
FabOnDisk: Cell_D_00000 4920381
FabOnDisk: Cell_D_00000 4953237
FabOnDisk: Cell_D_00000 4986093
FabOnDisk: Cell_D_00000 5018949
FabOnDisk: Cell_D_00000 5051805
FabOnDisk: Cell_D_00000 5084661
FabOnDisk: Cell_D_00000 5117517
FabOnDisk: Cell_D_00000 5150373
FabOnDisk: Cell_D_00000 5183229
FabOnDisk: Cell_D_00000 5216085
FabOnDisk: Cell_D_00000 5248941
FabOnDisk: Cell_D_00000 5265413
FabOnDisk: Cell_D_00000 5298269
FabOnDisk: Cell_D_00000 5331125
FabOnDisk: Cell_D_00000 5363981
FabOnDisk: Cell_D_00000 5396837
FabOnDisk: Cell_D_00000 5421501
FabOnDisk: Cell_D_00000 5446165
FabOnDisk: Cell_D_00000 5470829
FabOnDisk: Cell_D_00000 5503685
FabOnDisk: Cell_D_00000 5536541
FabOnDisk: Cell_D_00000 5548917
FabOnDisk: Cell_D_00000 5565389
FabOnDisk: Cell_D_00000 5581861
FabOnDisk: Cell_D_00000 5598333
FabOnDisk: Cell_D_00000 5614805
FabOnDisk: Cell_D_00000 5631277
FabOnDisk: Cell_D_00000 5643653
FabOnDisk: Cell_D_00000 5668317
FabOnDisk: Cell_D_00000 5692981
FabOnDisk: Cell_D_00000 5717645
FabOnDisk: Cell_D_00000 5742309
FabOnDisk: Cell_D_00000 5766973
FabOnDisk: Cell_D_00000 5799829
FabOnDisk: Cell_D_00000 5832685
FabOnDisk: Cell_D_00000 5851205
FabOnDisk: Cell_D_00000 5875869
FabOnDisk: Cell_D_00000 5900533
FabOnDisk: Cell_D_00000 5925197
FabOnDisk: Cell_D_00000 5949861
FabOnDisk: Cell_D_00000 5974525
FabOnDisk: Cell_D_00000 5986901
FabOnDisk: Cell_D_00000 6011565
FabOnDisk: Cell_D_00000 6023941
FabOnDisk: Cell_D_00000 6040413
FabOnDisk: Cell_D_00000 6065077
FabOnDisk: Cell_D_00000 6083597
FabOnDisk: Cell_D_00000 6091877
FabOnDisk: Cell_D_00000 6104253
FabOnDisk: Cell_D_00000 6128917
FabOnDisk: Cell_D_00000 6153581
FabOnDisk: Cell_D_00000 6178245
FabOnDisk: Cell_D_00000 6211101
FabOnDisk: Cell_D_00000 6243957

255,4
                        NaN ,
  -3.96630411222887595E-007 ,
   9.92081347991002782E-001 ,
  -9.34793012254888506E-002 ,
   0.00000000000000000E+000 ,
  -3.53242290125372365E-007 ,
   9.55151092571697280E-001 ,
  -8.93412884701573901E-002 ,
   0.00000000000000000E+000 ,
  -3.58108946404809867E-007 ,
   7.23730686892849140E-001 ,
  -8.15870498851615916E-002 ,
   0.00000000000000000E+000 ,
   9.33611249547625261E-008 ,
   1.24167695903078634E-001 ,
  -6.65327233545635888E-002 ,
   0.00000000000000000E+000 ,
   4.58726062879588503E-001 ,
   1.23733026325028819E-001 ,
  -4.38017003315506678E-002 ,
   0.00000000000000000E+000 ,
   5.61075321668069282E-001 ,
   1.40400934169394920E-001 ,
  -4.37296459362075257E-002 ,
   0.00000000000000000E+000 ,
   4.50916811272757290E-001 ,
   1.46927960182510642E-001 ,
  -4.46891894795184361E-002 ,
   0.00000000000000000E+000 ,
   9.99462553452882707E-001 ,
   1.63470435771425976E-001 ,
  -4.54340247012871359E-002 ,
   0.00000000000000000E+000 ,
   6.75526063564404686E-003 ,
   1.68750527812187967E-001 ,
  -4.57969551482832124E-002 ,
   0.00000000000000000E+000 ,
   1.85843525159505563E-003 ,
   1.66176040059431290E-001 ,
  -4.60959417505541549E-002 ,
   0.00000000000000000E+000 ,
   4.29305006013148104E-003 ,
   1.53008811361368874E-001 ,
  -4.62357031052568201E-002 ,
   0.00000000000000000E+000 ,
   5.63703734059749162E-001 ,
   1.49014297837655602E-001 ,
  -4.60099233680908090E-002 ,
   0.00000000000000000E+000 ,
   9.99987708877354442E-001 ,
   1.49042956888698230E-001 ,
  -4.59230441997706823E-002 ,
   0.00000000000000000E+000 ,
   1.42070895049916587E-002 ,
   1.51141738870042591E-001 ,
  -4.60480119279425004E-002 ,
   0.00000000000000000E+000 ,
   5.69182999020257721E-002 ,
   1.64012833417780057E-001 ,
  -4.60707357659298072E-002 ,
   0.00000000000000000E+000 ,
   9.94582995089728472E-001 ,
   1.68625222371761030E-001 ,
  -4.57181445970679598E-002 ,
   0.00000000000000000E+000 ,
   9.99843968517560633E-001 ,
   1.57625551368362565E-001 ,
  -4.51884670613132353E-002 ,
   0.00000000000000000E+000 ,
   5.53698342655706166E-001 ,
   1.41892498682912538E-001 ,
  -4.41957269052505944E-002 ,
   0.00000000000000000E+000 ,
   3.24533102728537637E-001 ,
   1.36996319419204371E-001 ,
  -4.39206826135024042E-002 ,
   0.00000000000000000E+000 ,
   6.55079048247951823E-001 ,
   1.23163222077035797E-001 ,
  -4.39064081298525949E-002 ,
   0.00000000000000000E+000 ,
  -3.09780257819654240E-007 ,
   1.40702878660415531E-001 ,
  -7.29892910862796340E-002 ,
   0.00000000000000000E+000 ,
  -3.02528755079171197E-007 ,
   8.53021850379928726E-001 ,
  -8.73280310928415543E-002 ,
   0.00000000000000000E+000 ,
  -3.77205044608685548E-007 ,
   9.85915805861369732E-001 ,
  -9.34394658744429618E-002 ,
   0.00000000000000000E+000 ,
  -4.23966138270517465E-007 ,
   9.92568858791217812E-001 ,
  -9.39567528834771987E-002 ,
   0.00000000000000000E+000 ,
  -3.87681936275075455E-007 ,
   9.59371476325288852E-001 ,
  -9.03927123269367555E-002 ,
   0.00000000000000000E+000 ,
  -4.33425315664390339E-007 ,
   7.74558003476486401E-001 ,
  -8.43358634528096618E-002 ,
   0.00000000000000000E+000 ,
  -3.33885773792869478E-007 ,
   1.52919339194682563E-001 ,
  -7.46792949204004852E-002 ,
   0.00000000000000000E+000 ,
   1.99143716069671024E-006 ,
   1.29190824889567069E-001 ,
  -5.71517173553623484E-002 ,
   0.00000000000000000E+000 ,
   2.32479325756618053E-003 ,
   1.47350246613140473E-001 ,
  -4.46901487696153774E-002 ,
   0.00000000000000000E+000 ,
   4.30734465955088369E-004 ,
   1.46927376334262866E-001 ,
  -4.48587930348064781E-002 ,
   0.00000000000000000E+000 ,
   3.00806007548567490E-004 ,
   1.66148812253478245E-001 ,
  -4.55303003884323099E-002 ,
   0.00000000000000000E+000 ,
   9.99987980170204960E-001 ,
   1.49264575262972460E-001 ,
  -4.59014649824554116E-002 ,
   0.00000000000000000E+000 ,
   5.22464458945621438E-003 ,
   1.51366207143464632E-001 ,
  -4.61352642221894774E-002 ,
   0.00000000000000000E+000 ,
   1.70031022716277147E-003 ,
   1.63091080925188675E-001 ,
  -4.60671320997184872E-002 ,
   0.00000000000000000E+000 ,
   2.62098695679844956E-003 ,
   1.70081455301098194E-001 ,
  -4.57174151668802431E-002 ,
   0.00000000000000000E+000 ,
   6.16374847817039817E-004 ,
   1.60470919489374975E-001 ,
  -4.53096004736915359E-002 ,
   0.00000000000000000E+000 ,
   2.70047904105155806E-002 ,
   1.41498627187609444E-001 ,
  -4.45852480142622243E-002 ,
   0.00000000000000000E+000 ,
   5.37768263725256004E-002 ,
   1.42327500392045003E-001 ,
  -4.40058395677561040E-002 ,
   0.00000000000000000E+000 ,
   7.58468996224060839E-006 ,
   1.30743372944454234E-001 ,
  -5.79896916078385880E-002 ,
   0.00000000000000000E+000 ,
  -3.55839923626396668E-007 ,
   1.87419099667425010E-001 ,
  -7.70070429177963645E-002 ,
                        NaN ,
  -3.72029964124559059E-007 ,
   8.73619754176741425E-001 ,
  -8.82647428277265889E-002 ,
   0.00000000000000000E+000 ,
  -3.95299381539885649E-007 ,
   9.86897470276159927E-001 ,
  -9.37533330362068096E-002 ,
   0.00000000000000000E+000 ,
   3.09806309836356151E-003 ,
   1.67159754674372968E-001 ,
  -4.57837265252786091E-002 ,
   0.00000000000000000E+000 ,
   2.41749709450225347E-003 ,
   1.63726167404314810E-001 ,
  -4.59942230797383625E-002 ,
   0.00000000000000000E+000 ,
   1.53303624451759185E-001 ,
   1.54642212153054404E-001 ,
  -4.61142419512250365E-002 ,
   0.00000000000000000E+000 ,
   9.96868004870212099E-001 ,
   1.50139856203052591E-001 ,
  -4.59960556930796224E-002 ,
   0.00000000000000000E+000 ,
   1.46541675572554209E-001 ,
   1.48773324671763546E-001 ,
  -4.57872436688070636E-002 ,
   0.00000000000000000E+000 ,
   3.50236103087562756E-001 ,
   1.32781031260206267E-001 ,
  -4.57694028322035151E-002 ,
   0.00000000000000000E+000 ,
   1.76345775159219786E-001 ,
   1.55228740886868249E-001 ,
  -4.57731473895549162E-002 ,
   0.00000000000000000E+000 ,
   3.28660826791672732E-003 ,
   1.63631991060289306E-001 ,
  -4.56399911610353287E-002 ,
   0.00000000000000000E+000 ,
   4.28746547877146514E-004 ,
   1.71940803258760655E-001 ,
  -4.51845611935934241E-002 ,
   0.00000000000000000E+000 ,
   1.04929816759709977E-003 ,
   1.71372232347334119E-001 ,
  -4.45457447796771683E-002 ,
   0.00000000000000000E+000 ,
   2.32277617298384525E-008 ,
   1.60873719284811423E-001 ,
  -5.42584584234857142E-002 ,
   0.00000000000000000E+000 ,
  -2.74799036785040508E-007 ,
   1.66626256387897298E-001 ,
  -6.97639807350494412E-002 ,
   0.00000000000000000E+000 ,
  -3.95682161687219017E-007 ,
   6.22848053581593120E-001 ,
  -8.22556262389308457E-002 ,
                        NaN ,
  -3.44691214989383406E-007 ,
   9.28146417214272268E-001 ,
  -9.01520541326999991E-002 ,
  -4.37499999999999972E-002 ,
  -4.23745888974973812E-007 ,
   9.90549907479649216E-001 ,
  -9.44923521816255219E-002 ,
   0.00000000000000000E+000 ,
  -3.96951932785739246E-007 ,
   9.86482001132789055E-001 ,
  -9.36976763195061652E-002 ,
   0.00000000000000000E+000 ,
  -3.99219197011629970E-007 ,
   9.09564358449613808E-001 ,
  -8.86306783049006092E-002 ,
   0.00000000000000000E+000 ,
  -3.97192243720548332E-007 ,
   6.19041505273273396E-001 ,
  -7.95882717934744410E-002 ,
   0.00000000000000000E+000 ,
  -3.20695579925966210E-007 ,
   2.42223053492593210E-001 ,
  -6.60968156589827743E-002 ,
   0.00000000000000000E+000 ,
   1.42041272765197965E-005 ,
   1.74856065183209536E-001 ,
  -4.94647739543747564E-002 ,
   0.00000000000000000E+000 ,
   1.24470542162903597E-003 ,
   1.72524163749590037E-001 ,
  -4.48800875898720322E-002 ,
   0.00000000000000000E+000 ,
   1.59217260693516917E-002 ,
   1.66350175249248389E-001 ,
  -4.53683928560273120E-002 ,
   0.00000000000000000E+000 ,
   9.99242318828477472E-001 ,
   1.50155535532241008E-001 ,
  -4.58419375911780710E-002 ,
   0.00000000000000000E+000 ,
   4.36761542998992877E-002 ,
   1.58911993329423018E-001 ,
  -4.55292293862050446E-002 ,
   0.00000000000000000E+000 ,
   1.34947629097182300E-002 ,
   1.64814416458489876E-001 ,
  -4.58561662466897488E-002 ,
   0.00000000000000000E+000 ,
   1.72957582771793884E-002 ,
   1.53200468752076657E-001 ,
  -4.58927394120481474E-002 ,
   0.00000000000000000E+000 ,
   2.41934303318791268E-002 ,
   1.51765209279889651E-001 ,
  -4.61091339301499120E-002 ,
   0.00000000000000000E+000 ,
   9.52498691463642633E-001 ,
   1.51969197764871333E-001 ,
  -4.58416195174253666E-002 ,
   0.00000000000000000E+000 ,
  -3.78134270243887827E-007 ,
   9.92170127540294766E-001 ,
  -9.36824276350399637E-002 ,
   0.00000000000000000E+000 ,
  -4.05450309390715894E-007 ,
   9.55203682906115570E-001 ,
  -9.03995466401752712E-002 ,
   0.00000000000000000E+000 ,
  -3.20012484322537893E-007 ,
   8.13979487695726700E-001 ,
  -8.31855205183697349E-002 ,
   0.00000000000000000E+000 ,
  -4.31981221551973960E-007 ,
   4.09975414531075222E-001 ,
  -7.14888825473091877E-002 ,
   0.00000000000000000E+000 ,
   6.22798068033455452E-005 ,
   1.57368524260748321E-001 ,
  -5.26213641019548581E-002 ,
   0.00000000000000000E+000 ,
   4.44135911375308501E-001 ,
   1.54689623889326916E-001 ,
  -4.48189398563801911E-002 ,
   0.00000000000000000E+000 ,
   1.61078443249764829E-002 ,
   1.63501096552467168E-001 ,
  -4.51542064013724931E-002 ,
   0.00000000000000000E+000 ,
   3.17121320417734012E-002 ,
   1.41427163169979636E-001 ,
  -4.56598663031590121E-002 ,
   0.00000000000000000E+000 ,
   1.14074168297026903E-002 ,
   1.43563874997038293E-001 ,
  -4.54855336542087860E-002 ,
   0.00000000000000000E+000 ,
   3.65708383643204071E-001 ,
   1.58949754516972769E-001 ,
  -4.53510399702213574E-002 ,
   0.00000000000000000E+000 ,
   1.12284305496815860E-002 ,
   1.59670475868654321E-001 ,
  -4.49843030666386146E-002 ,
   0.00000000000000000E+000 ,
   4.66334105360371315E-002 ,
   1.62709750552126137E-001 ,
  -4.46769922927393107E-002 ,
   0.00000000000000000E+000 ,
   1.01523129993030646E-005 ,
   1.64799772088514207E-001 ,
  -4.80735502363113035E-002 ,
   0.00000000000000000E+000 ,
  -4.60812253652067008E-007 ,
   2.15368292110032777E-001 ,
  -6.74597465770090110E-002 ,
  -1.00000000000000006E-001 ,
  -3.69549825429842246E-007 ,
   7.53966652557950923E-001 ,
  -8.07196968211093269E-002 ,
   0.00000000000000000E+000 ,
  -4.87962060998175116E-007 ,
   9.35310292393354281E-001 ,
  -8.88806881212730326E-002 ,
  -1.00000000000000006E-001 ,
  -3.76462584171870159E-007 ,
   9.87773491900790668E-001 ,
  -9.36046314596579304E-002 ,
   0.00000000000000000E+000 ,
  -3.89125159092780237E-007 ,
   9.95545022416781888E-001 ,
  -9.38252299291242875E-002 ,
   0.00000000000000000E+000 ,
  -4.44408541669162535E-007 ,
   9.75450580428994019E-001 ,
  -9.19135900918476301E-002 ,
  -4.18073654174804660E-002 ,
  -3.03673418711428878E-007 ,
   8.85921187673898936E-001 ,
  -8.60145807393961070E-002 ,
  -4.18073654174804660E-002 ,
  -3.71426068305097948E-007 ,
   4.89773260169687086E-001 ,
  -7.58731620701175585E-002 ,
   0.00000000000000000E+000 ,
   1.68637476800503673E-005 ,
   1.68668792752251773E-001 ,
  -5.76648409254550687E-002 ,
   0.00000000000000000E+000 ,
   1.25944830881474772E-002 ,
   1.67465646752812197E-001 ,
  -4.48386988861145738E-002 ,
   0.00000000000000000E+000 ,
   1.35052037852525352E-002 ,
   1.71788527971386662E-001 ,
  -4.51560139981618119E-002 ,
   0.00000000000000000E+000 ,
   1.39396160284222925E-002 ,
   1.69370500326476825E-001 ,
  -4.55182980614414548E-002 ,
   0.00000000000000000E+000 ,
   1.33805336251588327E-002 ,
   1.68469135840345147E-001 ,
  -4.57002393700405712E-002 ,
   0.00000000000000000E+000 ,
   3.25907096883544731E-002 ,
   1.67975577436323742E-001 ,
  -4.58324912921773062E-002 ,
   0.00000000000000000E+000 ,
   9.69524959625371260E-003 ,
   1.57734498450343236E-001 ,
  -4.60649699121813000E-002 ,
   0.00000000000000000E+000 ,
   9.74287897521346480E-001 ,
   1.52155003411054562E-001 ,
  -4.58036446409821260E-002 ,
   0.00000000000000000E+000 ,
   2.36336276728811578E-002 ,
   1.54496308078983735E-001 ,
  -4.55215113476621427E-002 ,
   0.00000000000000000E+000 ,
   1.40812236798813235E-002 ,
   1.58061744594636483E-001 ,
  -4.57157677603430221E-002 ,
   0.00000000000000000E+000 ,
   5.61911761779630703E-003 ,
   1.65848698759298752E-001 ,
  -4.55524241222459575E-002 ,
   0.00000000000000000E+000 ,
   2.23600012726056577E-002 ,
   1.49294147145965367E-001 ,
  -4.49106693496897566E-002 ,
   0.00000000000000000E+000 ,
   1.13039251793887949E-002 ,
   1.56322054430827667E-001 ,
  -4.47754478353092553E-002 ,
   0.00000000000000000E+000 ,
   1.47789290593196027E-002 ,
   1.59984940956009375E-001 ,
  -4.70449156706199620E-002 ,
   0.00000000000000000E+000 ,
  -3.56010276590015429E-007 ,
   1.59886128504614283E-001 ,
  -6.80663551027919783E-002 ,
  -1.00000000000000006E-001 ,
  -3.94621159915031685E-007 ,
   7.65369976010108144E-001 ,
  -8.16699751007727570E-002 ,
  -1.00000000000000006E-001 ,
  -3.42747193786817061E-007 ,
   9.49188336960801293E-001 ,
  -8.93619921548383656E-002 ,
  -1.00000000000000006E-001 ,
  -3.80715283670276837E-007 ,
   9.89732684211069302E-001 ,
  -9.37685275571645271E-002 ,
   0.00000000000000000E+000 ,
  -3.92061635467621671E-007 ,
   9.93918702943384136E-001 ,
  -9.44568325909859591E-002 ,
  -4.18073654174804660E-002 ,
  -3.33955580811631802E-007 ,
   9.78553198115228229E-001 ,
  -9.18139322156621557E-002 ,
  -6.18652343749999944E-002 ,
  -3.35298688418243320E-007 ,
   9.27430514540629858E-001 ,
  -8.77516499779892184E-002 ,
  -6.18652343749999944E-002 ,
  -3.93887771386052897E-007 ,
   6.23142664462947971E-001 ,
  -8.15434326854524716E-002 ,
  -4.18073654174804660E-002 ,
  -3.32500346729797106E-007 ,
   1.54224232306798853E-001 ,
  -6.77097586121341993E-002 ,
   0.00000000000000000E+000 ,
   2.25314084713649464E-002 ,
   1.41237425854966098E-001 ,
  -4.47044213399734672E-002 ,
   0.00000000000000000E+000 ,
   1.47721323932101002E-002 ,
   1.71496318146731747E-001 ,
  -4.51162191875265836E-002 ,
   0.00000000000000000E+000 ,
   2.42118594074391402E-002 ,
   1.54119383723053033E-001 ,
  -4.53873445115306959E-002 ,
   0.00000000000000000E+000 ,
   1.77178922984427105E-002 ,
   1.63963972276791881E-001 ,
  -4.55944986428311813E-002 ,
   0.00000000000000000E+000 ,
   2.34809783543906157E-004 ,
   1.71223675151245536E-001 ,
  -4.56675174930055716E-002 ,
   0.00000000000000000E+000 ,
   2.23909608759944062E-001 ,
   1.22353204388030268E-001 ,
  -4.48135281434210234E-002 ,
   0.00000000000000000E+000 ,
   2.70694028389111163E-001 ,
   1.26560203229487883E-001 ,
  -4.45810577798542579E-002 ,
   0.00000000000000000E+000 ,
   1.06284125830589920E-002 ,
   1.38710506732879296E-001 ,
  -4.54944647739126198E-002 ,
   0.00000000000000000E+000 ,
  -3.71790755022224671E-007 ,
   2.05368915473162023E-001 ,
  -7.02383078578620867E-002 ,
  -1.00000000000000006E-001 ,
  -3.65836859648573009E-007 ,
   7.56959136751773509E-001 ,
  -8.28948792478528124E-002 ,
  -1.00000000000000006E-001 ,
  -4.22862444400474306E-007 ,
   9.54893662910359375E-001 ,
  -9.00279084628975435E-002 ,
  -1.00000000000000006E-001 ,
  -3.85719590880966024E-007 ,
   9.91302135295883291E-001 ,
  -9.40724799074646595E-002 ,
   0.00000000000000000E+000 ,
   1.75265485733966074E-002 ,
   1.58947324107194782E-001 ,
  -4.51653600196315480E-002 ,
   0.00000000000000000E+000 ,
   2.33716372196334760E-001 ,
   1.58196111357247399E-001 ,
  -4.53576607268147206E-002 ,
   0.00000000000000000E+000 ,
   1.18986810193175314E-003 ,
   1.68718950402850176E-001 ,
  -4.56103791680603915E-002 ,
   0.00000000000000000E+000 ,
   1.26125794787584921E-003 ,
   1.57962158974968653E-001 ,
  -4.57608288697985074E-002 ,
   0.00000000000000000E+000 ,
   1.98382880394010648E-002 ,
   1.52854982331410011E-001 ,
  -4.54575136599646989E-002 ,
   0.00000000000000000E+000 ,
   2.19845805864704001E-002 ,
   1.68756772873485672E-001 ,
  -4.54062997168065766E-002 ,
   0.00000000000000000E+000 ,
   1.36505370003341519E-002 ,
   1.66609836459952004E-001 ,
  -4.50914863939851293E-002 ,
   0.00000000000000000E+000 ,
   7.69183972027748112E-004 ,
   1.64193915561871767E-001 ,
  -4.48198714281381055E-002 ,
   0.00000000000000000E+000 ,
   1.53065466514305977E-002 ,
   1.51722419436788436E-001 ,
  -4.56381465491543306E-002 ,
   0.00000000000000000E+000 ,
   2.58741939847192417E-004 ,
   1.38038474832597235E-001 ,
  -5.37345964160285613E-002 ,
   0.00000000000000000E+000 ,
  -3.76656787922808757E-007 ,
   1.39917640598152010E-001 ,
  -7.02636656693000489E-002 ,
   0.00000000000000000E+000 ,
  -3.66234572716153472E-007 ,
   6.84038256003307699E-001 ,
  -8.24549520038063005E-002 ,
  -1.00000000000000006E-001 ,
  -3.26579243921146540E-007 ,
   9.41359932280508738E-001 ,
  -8.96332925951314752E-002 ,
  -1.00000000000000006E-001 ,
  -4.05659595656981631E-007 ,
   9.88897487200396719E-001 ,
  -9.37830186761246937E-002 ,
  -4.18073654174804660E-002 ,
  -4.20438484674666962E-007 ,
   9.93553228814540557E-001 ,
  -9.41740507565495960E-002 ,
  -4.18073654174804660E-002 ,
  -4.47713012219621559E-007 ,
   9.65647185875614933E-001 ,
  -9.14635752821426062E-002 ,
  -6.18652343749999944E-002 ,
  -4.02630749971823046E-007 ,
   8.21203231841519776E-001 ,
  -8.55027207121649147E-002 ,
  -6.18652343749999944E-002 ,
  -3.04180187243903036E-007 ,
   2.11431959442663436E-001 ,
  -7.52420520384434882E-002 ,
   0.00000000000000000E+000 ,
   1.22280636790756518E-006 ,
   1.50804147360947743E-001 ,
  -5.91487161818494978E-002 ,
   0.00000000000000000E+000 ,
   1.42217676745550574E-002 ,
   1.62560643566856927E-001 ,
  -4.47690579008938050E-002 ,
   0.00000000000000000E+000 ,
   4.83246729894806683E-003 ,
   1.59017857544434066E-001 ,
  -4.50489371719370660E-002 ,
   0.00000000000000000E+000 ,
   6.01833300653101477E-001 ,
   1.58691539035788615E-001 ,
  -4.49833283888153163E-002 ,
   0.00000000000000000E+000 ,
   1.34027977777589598E-003 ,
   1.70906625015073588E-001 ,
  -4.52055332888956288E-002 ,
   0.00000000000000000E+000 ,
   2.50933250269482974E-003 ,
   1.67734563837533573E-001 ,
  -4.52355155538476522E-002 ,
   0.00000000000000000E+000 ,
   1.76113978179850243E-002 ,
   1.69999560033440522E-001 ,
  -4.53125121579730020E-002 ,
   0.00000000000000000E+000 ,
   1.75044439659167682E-002 ,
   1.73752554450901098E-001 ,
  -4.51430458374052143E-002 ,
   0.00000000000000000E+000 ,
   3.97823532830518911E-001 ,
   1.46101026707291276E-001 ,
  -4.49479554872879855E-002 ,
   0.00000000000000000E+000 ,
   1.87122601556173932E-003 ,
   1.44518205176068087E-001 ,
  -4.47027157638190120E-002 ,
   0.00000000000000000E+000 ,
   1.36481191320969824E-003 ,
   1.65197751066794324E-001 ,
  -4.66675888991014906E-002 ,
   0.00000000000000000E+000 ,
  -1.48836762452293844E-007 ,
   1.76874443183455660E-001 ,
  -6.18801961385250024E-002 ,
   0.00000000000000000E+000 ,
  -3.19632882718820306E-007 ,
   4.40455511033191471E-001 ,
  -7.35081995379220504E-002 ,
   0.00000000000000000E+000 ,
  -3.22203762858710515E-007 ,
   7.95966309439566699E-001 ,
  -8.35603747427033222E-002 ,
  -1.25000000000000007E-002 ,
  -4.84896656426123906E-007 ,
   9.56532554198893825E-001 ,
  -9.00766069480042342E-002 ,
  -1.00000000000000006E-001 ,
  -3.75076940852183131E-007 ,
   9.91389761242143508E-001 ,
  -9.39665765045980539E-002 ,
   0.00000000000000000E+000 ,
  -3.92597241839871342E-007 ,
   9.96757603614078391E-001 ,
  -9.47739122703053077E-002 ,
  -6.18652343749999944E-002 ,
  -3.95475503785363480E-007 ,
   9.82947526783759074E-001 ,
  -9.33255476478355717E-002 ,
  -6.18652343749999944E-002 ,
  -4.37898084376755816E-007 ,
   9.16109565106592472E-001 ,
  -8.89776554017136651E-002 ,
  -8.74999999999999944E-002 ,
  -4.05170322543852086E-007 ,
   6.54664306792823725E-001 ,
  -8.17466673760358919E-002 ,
  -8.74999999999999944E-002 ,
  -3.63077374073281846E-007 ,
   1.63244739633077701E-001 ,
  -7.04595649133978874E-002 ,
   0.00000000000000000E+000 ,
   9.75137262267684402E-004 ,
   1.51726875657441890E-001 ,
  -5.28154065883725543E-002 ,
   0.00000000000000000E+000 ,
   1.36778376145610860E-002 ,
   1.74322986947558378E-001 ,
  -4.49672783761033076E-002 ,
   0.00000000000000000E+000 ,
   2.10180423864288653E-002 ,
   1.42779626781839419E-001 ,
  -4.48212848595261407E-002 ,
   0.00000000000000000E+000 ,
   2.69567429153636038E-004 ,
   1.42025561593007943E-001 ,
  -5.05168098767045173E-002 ,
  -1.25000000000000007E-002 ,
  -2.16103813116256778E-007 ,
   2.28181185889419352E-001 ,
  -6.29228980263231708E-002 ,
   0.00000000000000000E+000 ,
  -4.70906498845885669E-007 ,
   3.04152641612832841E-001 ,
  -7.29228395662851331E-002 ,
   0.00000000000000000E+000 ,
  -3.84690178349567688E-007 ,
   7.24725287871938684E-001 ,
  -8.12992277927654106E-002 ,
   0.00000000000000000E+000 ,
  -3.59922291837171904E-007 ,
   8.98701004483097643E-001 ,
  -8.79149030415591753E-002 ,
  -1.25000000000000007E-002 ,
  -3.97645931201348017E-007 ,
   9.75210100984169936E-001 ,
  -9.24454628630256847E-002 ,
  -7.37903225806451624E-002 ,
  -4.27563253823411838E-007 ,
   9.94815660507166521E-001 ,
  -9.52933344088641304E-002 ,
   0.00000000000000000E+000 ,
   4.95392911256670046E-005 ,
   1.34487737520463196E-001 ,
  -5.63907457727704994E-002 ,
   0.00000000000000000E+000 ,
   4.12373360806518180E-002 ,
   1.34845675867198367E-001 ,
  -4.60102899860698536E-002 ,
   0.00000000000000000E+000 ,
   2.56812746390173941E-003 ,
   1.62819980038129003E-001 ,
  -4.62218128790676114E-002 ,
   0.00000000000000000E+000 ,
   4.15023071117967324E-001 ,
   1.43060624030307532E-001 ,
  -4.48628861218063404E-002 ,
   0.00000000000000000E+000 ,
   1.53039283019144722E-002 ,
   1.67407818966265887E-001 ,
  -4.50070937837223628E-002 ,
  -6.18652343749999944E-002 ,
  -3.52654408310764504E-007 ,
   9.92493691450605064E-001 ,
  -9.48946679225299572E-002 ,
  -6.18652343749999944E-002 ,
  -3.37756542609959838E-007 ,
   9.65718137360990769E-001 ,
  -9.18013177325294055E-002 ,
  -8.74999999999999944E-002 ,
  -4.05515236856056731E-007 ,
   8.62473973594731658E-001 ,
  -8.68261727199425709E-002 ,
  -8.74999999999999944E-002 ,
  -3.53750100270578845E-007 ,
   4.75461641998686735E-001 ,
  -7.93364475286231635E-002 ,
  -8.74999999999999944E-002 ,
  -2.00334187907469081E-007 ,
   2.66538829508279396E-001 ,
  -6.92537184882855289E-002 ,
   0.00000000000000000E+000 ,
   2.37125432395865823E-003 ,
   1.45962834640574413E-001 ,
  -4.79779399168721796E-002 ,
   0.00000000000000000E+000 ,
   2.60171895589301561E-003 ,
   1.34592948647982408E-001 ,
  -5.34875426540332224E-002 ,
   0.00000000000000000E+000 ,
  -2.77452016780041317E-007 ,
   1.42089818327339801E-001 ,
  -6.86081371904319615E-002 ,
  -1.25000000000000007E-002 ,
  -3.80719745885988322E-007 ,
   5.58356304688846672E-001 ,
  -7.79128718055182440E-002 ,
   0.00000000000000000E+000 ,
  -3.57286343581644092E-007 ,
   8.01137803416155037E-001 ,
  -8.43706110638184764E-002 ,
   0.00000000000000000E+000 ,
  -4.03252235345916949E-007 ,
   9.19852279284986696E-001 ,
  -8.92828938996010762E-002 ,
   0.00000000000000000E+000 ,
  -3.71750581152567912E-007 ,
   9.73410304260379777E-001 ,
  -9.29210259009369821E-002 ,
   0.00000000000000000E+000 ,
  -4.37182446546391288E-007 ,
   9.93123050093443926E-001 ,
  -9.54162075890172823E-002 ,
  -8.74999999999999944E-002 ,
  -3.40489407391312301E-007 ,
   9.97001639043053500E-001 ,
  -9.52095692590772119E-002 ,
  -8.74999999999999944E-002 ,
  -3.96637484509024147E-007 ,
   9.87114651422180356E-001 ,
  -9.40073338179331919E-002 ,
  -8.74999999999999944E-002 ,
  -3.88663928016247093E-007 ,
   9.51423528847690991E-001 ,
  -9.06532308951139565E-002 ,
  -8.74999999999999944E-002 ,
  -3.85136615011303042E-007 ,
   8.48512874911602211E-001 ,
  -8.58045411827806082E-002 ,
  -8.74999999999999944E-002 ,
  -4.14056518360324545E-007 ,
   5.89993286856697718E-001 ,
  -7.93408416607470079E-002 ,
  -8.74999999999999944E-002 ,
  -3.29683319336901314E-007 ,
   2.07434364204956589E-001 ,
  -7.51013443012200355E-002 ,
  -8.74999999999999944E-002 ,
  -2.82546021359506582E-007 ,
   1.86170784915364318E-001 ,
  -6.99509026458222938E-002 ,
   0.00000000000000000E+000 ,
  -2.73993624268566087E-007 ,
   1.62227755944498897E-001 ,
  -6.57296458040965703E-002 ,
   0.00000000000000000E+000 ,
   2.75301905546369357E-008 ,
   1.58874638275214475E-001 ,
  -6.12399887057363534E-002 ,
   0.00000000000000000E+000 ,
   9.10844748026384672E-006 ,
   1.50866553176106671E-001 ,
  -5.53807738755077369E-002 ,
   0.00000000000000000E+000 ,
  -3.93991760082686696E-007 ,
   1.46070483297141535E-001 ,
  -6.99048656710817701E-002 ,
   0.00000000000000000E+000 ,
  -3.76725114644472135E-007 ,
   2.56899382362245188E-001 ,
  -7.52205661851003821E-002 ,
   0.00000000000000000E+000 ,
  -3.94705508807803969E-007 ,
   4.97086848009083482E-001 ,
  -8.13193314534750161E-002 ,
   0.00000000000000000E+000 ,
  -3.75979781186594538E-007 ,
   8.41386417104546980E-001 ,
  -8.64188992542597179E-002 ,
   0.00000000000000000E+000 ,
  -4.03550693916148251E-007 ,
   9.44736027842538073E-001 ,
  -9.02753085481978745E-002 ,
   0.00000000000000000E+000 ,
  -4.32450299613667281E-007 ,
   9.79765658487142477E-001 ,
  -9.31631985870049334E-002 ,
   0.00000000000000000E+000 ,
  -3.75746570994907441E-007 ,
   9.93357504111870515E-001 ,
  -9.53671543380229109E-002 ,
   0.00000000000000000E+000 ,
  -3.55520114130584515E-007 ,
   9.98163893151617576E-001 ,
  -9.69411905513569289E-002 ,
  -8.74999999999999944E-002 ,
  -3.40796902016783554E-007 ,
   9.98894507587950509E-001 ,
  -9.68498388799777510E-002 ,
  -8.74999999999999944E-002 ,
  -3.47585402618886794E-007 ,
   9.95491701709016352E-001 ,
  -9.60991890998479370E-002 ,
  -8.74999999999999944E-002 ,
  -4.11881403811007749E-007 ,
   9.84028399872899806E-001 ,
  -9.41339172439302069E-002 ,
  -8.74999999999999944E-002 ,
  -3.72060557563353904E-007 ,
   9.51795342795406230E-001 ,
  -9.14979267897275822E-002 ,
  -8.74999999999999944E-002 ,
  -4.11276160037866563E-007 ,
   8.71964509105319974E-001 ,
  -8.80675909072732715E-002 ,
  -8.74999999999999944E-002 ,
  -4.33084273208231880E-007 ,
   8.55733867095875733E-001 ,
  -8.61934782095993557E-002 ,
  -8.74999999999999944E-002 ,
  -3.62769818901638237E-007 ,
   7.93819018878614724E-001 ,
  -8.35782620080927074E-002 ,
   0.00000000000000000E+000 ,
  -3.67907719720822604E-007 ,
   7.01836525278280998E-001 ,
  -8.11322252244027209E-002 ,
  -3.12500000000000017E-003 ,
  -4.15624799503884075E-007 ,
   5.42203665949371749E-001 ,
  -7.89335355023911278E-002 ,
  -3.12500000000000017E-003 ,
  -3.95425072074503117E-007 ,
   3.92363320322159981E-001 ,
  -7.68380436700053931E-002 ,
   0.00000000000000000E+000 ,
  -3.88935090926406675E-007 ,
   7.93784107095065639E-001 ,
  -7.76025112790477561E-002 ,
   0.00000000000000000E+000 ,
  -3.91090753864913834E-007 ,
   8.35087574441639724E-001 ,
  -8.08742570500228658E-002 ,
   0.00000000000000000E+000 ,
  -3.57676449870561240E-007 ,
   9.01438545103626088E-001 ,
  -8.49112478645111107E-002 ,
   0.00000000000000000E+000 ,
  -3.95797601402899073E-007 ,
   9.55019590323755829E-001 ,
  -8.86874162759360707E-002 ,
   0.00000000000000000E+000 ,
  -4.84447051047628315E-007 ,
   9.83033863352035575E-001 ,
  -9.17361276631072781E-002 ,
   0.00000000000000000E+000 ,
  -5.04695231266772257E-007 ,
   9.93906505517867966E-001 ,
  -9.40728563285088276E-002 ,
  -8.74999999999999944E-002 ,
  -4.54811671910685945E-007 ,
   9.96656325184771763E-001 ,
  -9.50934599303507461E-002 ,
  -8.74999999999999944E-002 ,
  -3.66222302098756252E-007 ,
   9.90449257528643545E-001 ,
  -9.41837146880127318E-002 ,
  -8.74999999999999944E-002 ,
  -3.72274776067929658E-007 ,
   9.77003651798294959E-001 ,
  -9.21023363797677519E-002 ,
  -1.00000000000000006E-001 ,
  -3.46894977185978954E-007 ,
   9.75280252704219808E-001 ,
  -9.22466766631421103E-002 ,
  -1.00000000000000006E-001 ,
  -3.28218461187602273E-007 ,
   9.62638277166255940E-001 ,
  -9.09548905506105121E-002 ,
  -1.00000000000000006E-001 ,
  -3.70679538331941147E-007 ,
   9.47712158377195246E-001 ,
  -8.97407202580261520E-002 ,
   0.00000000000000000E+000 ,
  -4.21438128701076550E-007 ,
   9.30189963964782152E-001 ,
  -8.86985609625546012E-002 ,
   0.00000000000000000E+000 ,
  -4.20779855649750282E-007 ,
   9.24351961896772156E-001 ,
  -8.78436488183562680E-002 ,
   0.00000000000000000E+000 ,
  -3.99237086046242531E-007 ,
   9.25066697815126515E-001 ,
  -8.62922315108263921E-002 ,
   0.00000000000000000E+000 ,
  -4.32354544999867704E-007 ,
   9.37186381578323235E-001 ,
  -8.80059394163053288E-002 ,
   0.00000000000000000E+000 ,
  -4.51249830644569613E-007 ,
   9.61041877656207522E-001 ,
  -9.02383986616734496E-002 ,
   0.00000000000000000E+000 ,
  -4.24635535442103419E-007 ,
   9.81004948124779785E-001 ,
  -9.23986169558514148E-002 ,
   0.00000000000000000E+000 ,
  -4.06663093609952568E-007 ,
   9.92366194043105554E-001 ,
  -9.42976258471838052E-002 ,
   0.00000000000000000E+000 ,
  -3.57473440114596645E-007 ,
   9.97207850426607423E-001 ,
  -9.58543692783851015E-002 ,
  -1.00000000000000006E-001 ,
  -3.42547473158161008E-007 ,
   9.97369681528517127E-001 ,
  -9.53810558494352645E-002 ,
  -1.00000000000000006E-001 ,
  -3.84991067955884848E-007 ,
   9.93954037355984310E-001 ,
  -9.47064749797075361E-002 ,
   0.00000000000000000E+000 ,
  -3.66509551286051791E-007 ,
   9.83202919006241682E-001 ,
  -8.99736780071913461E-002 ,
   0.00000000000000000E+000 ,
  -3.39015961914892556E-007 ,
   9.85643906017490634E-001 ,
  -9.29319875423060687E-002 ,
   0.00000000000000000E+000 ,
  -3.96166270990745271E-007 ,
   9.88058855733242591E-001 ,
  -9.36130091945669568E-002 ,
   0.00000000000000000E+000 ,
  -3.89483596007168002E-007 ,
   9.91860168408662535E-001 ,
  -9.35709431917321616E-002 ,
   0.00000000000000000E+000 ,
  -3.17171053606663190E-007 ,
   9.95091386800049493E-001 ,
  -9.33957080503221293E-002 ,
   0.00000000000000000E+000 ,
  -3.71521149182315815E-007 ,
   9.96702251931350869E-001 ,
  -9.45262240267855797E-002 ,
  -1.00000000000000006E-001 ,
  -4.54106824187828657E-007 ,
   9.96032040592763068E-001 ,
  -9.55443359092377625E-002 ,
  -1.00000000000000006E-001 ,
  -3.93820316472110433E-007 ,
   9.94083196294082039E-001 ,
  -9.48774430421951143E-002 ,
  -1.00000000000000006E-001 ,
  -3.53980238250416093E-007 ,
   9.91992331286513762E-001 ,
  -9.42626262154892536E-002 ,
  -1.00000000000000006E-001 ,
  -3.74123611211096374E-007 ,
   9.89909415368102397E-001 ,
  -9.37519188813014936E-002 ,
   0.00000000000000000E+000 ,
  -4.06405916524280101E-007 ,
   9.89539073712377926E-001 ,
  -9.33676333738862607E-002 ,
   0.00000000000000000E+000 ,
  -3.75805137437553149E-007 ,
   9.93821342293469412E-001 ,
  -9.36109309986539878E-002 ,

255,4
                        NaN ,
   3.98355669460533177E-007 ,
   9.98512493447594629E-001 ,
  -8.94262906302986799E-002 ,
   0.00000000000000000E+000 ,
   4.29400540321728227E-007 ,
   9.91966781888525051E-001 ,
  -8.15978999951542244E-002 ,
   0.00000000000000000E+000 ,
   1.04907542173143532E-006 ,
   9.55866867344909554E-001 ,
  -6.55500719203107596E-002 ,
   0.00000000000000000E+000 ,
   9.78777716371579842E-001 ,
   7.52561694905428125E-001 ,
  -4.27353775407752004E-002 ,
   0.00000000000000000E+000 ,
   9.99976266006892045E-001 ,
   1.49966679116528584E-001 ,
  -4.26027460905275129E-002 ,
   0.00000000000000000E+000 ,
   9.99999625482710153E-001 ,
   1.49392661963398315E-001 ,
  -4.34891980551445900E-002 ,
   0.00000000000000000E+000 ,
   1.00000004841187473E+000 ,
   1.65579870000691659E-001 ,
  -4.34393541673175759E-002 ,
   0.00000000000000000E+000 ,
   1.00000025669875958E+000 ,
   1.70432328556586327E-001 ,
  -4.46772522970720343E-002 ,
   0.00000000000000000E+000 ,
   1.00000028755608805E+000 ,
   1.74207300811213106E-001 ,
  -4.54266762653539879E-002 ,
   0.00000000000000000E+000 ,
   9.99999558291281621E-001 ,
   1.70041140918465450E-001 ,
  -4.57846555563481347E-002 ,
   0.00000000000000000E+000 ,
   9.99740138123450306E-001 ,
   1.68324129749268248E-001 ,
  -4.57797520802926336E-002 ,
   0.00000000000000000E+000 ,
   1.00000039451504019E+000 ,
   1.58370366390693101E-001 ,
  -4.58384893884818817E-002 ,
   0.00000000000000000E+000 ,
   1.00000035148453992E+000 ,
   1.51327413303841224E-001 ,
  -4.58778771429316154E-002 ,
   0.00000000000000000E+000 ,
   9.99998594282527908E-001 ,
   1.65706097005329428E-001 ,
  -4.57436535132178176E-002 ,
   0.00000000000000000E+000 ,
   9.99999437318894624E-001 ,
   1.69948258375760275E-001 ,
  -4.57307587850880742E-002 ,
   0.00000000000000000E+000 ,
   1.00000033200466620E+000 ,
   1.70717532701395863E-001 ,
  -4.51795167608093073E-002 ,
   0.00000000000000000E+000 ,
   1.00000018418852932E+000 ,
   1.70362015505748116E-001 ,
  -4.42217066952934959E-002 ,
   0.00000000000000000E+000 ,
   9.99999335911916809E-001 ,
   1.59260023989153149E-001 ,
  -4.31856813846998727E-002 ,
   0.00000000000000000E+000 ,
   9.99999577413188012E-001 ,
   1.53869402842249786E-001 ,
  -4.33470072882155208E-002 ,
   0.00000000000000000E+000 ,
   9.99981187162082508E-001 ,
   1.76454724837550286E-001 ,
  -4.26522206991600608E-002 ,
   0.00000000000000000E+000 ,
   8.36886573310257398E-001 ,
   8.61923506783958904E-001 ,
  -4.32612739968126839E-002 ,
   0.00000000000000000E+000 ,
   3.35978900380305778E-007 ,
   9.85822979278444644E-001 ,
  -7.26298790887235229E-002 ,
   0.00000000000000000E+000 ,
   3.94584214541247717E-007 ,
   9.98496477558353690E-001 ,
  -8.74162632356704772E-002 ,
   0.00000000000000000E+000 ,
   2.91887468403412652E-007 ,
   9.98922571976498697E-001 ,
  -8.95864447654573653E-002 ,
   0.00000000000000000E+000 ,
   3.82885954727065074E-007 ,
   9.94736853550746702E-001 ,
  -8.20717141893183982E-002 ,
   0.00000000000000000E+000 ,
   4.13474208349261146E-007 ,
   9.75753363153224029E-001 ,
  -6.76154331473789866E-002 ,
   0.00000000000000000E+000 ,
   7.19078558770898102E-001 ,
   9.01530238178109067E-001 ,
  -4.29309591265830612E-002 ,
   0.00000000000000000E+000 ,
   9.94906612768443721E-001 ,
   5.91861422510109536E-001 ,
  -4.25919579846811072E-002 ,
   0.00000000000000000E+000 ,
   9.99757870498067525E-001 ,
   2.31096238514747337E-001 ,
  -4.33543974936639182E-002 ,
   0.00000000000000000E+000 ,
   9.99941820943529236E-001 ,
   1.89022216449782732E-001 ,
  -4.34110200453956263E-002 ,
   0.00000000000000000E+000 ,
   9.99929188931681256E-001 ,
   1.76104325595037969E-001 ,
  -4.47222041547356355E-002 ,
   0.00000000000000000E+000 ,
   1.00000034996412079E+000 ,
   1.51796725843366009E-001 ,
  -4.57214569972888771E-002 ,
   0.00000000000000000E+000 ,
   1.00000007697015358E+000 ,
   1.68183954558794285E-001 ,
  -4.56935272126013370E-002 ,
   0.00000000000000000E+000 ,
   9.89830844553527434E-001 ,
   1.70888095600731565E-001 ,
  -4.56617053666543912E-002 ,
   0.00000000000000000E+000 ,
   9.99881217685004597E-001 ,
   1.75389885250331973E-001 ,
  -4.52100833723560955E-002 ,
   0.00000000000000000E+000 ,
   9.99926548453453523E-001 ,
   1.77338075756571123E-001 ,
  -4.42485244378871961E-002 ,
   0.00000000000000000E+000 ,
   9.99872963004961757E-001 ,
   1.88592902826791919E-001 ,
  -4.30827640306270937E-002 ,
   0.00000000000000000E+000 ,
   9.99806335919160682E-001 ,
   1.90779656526633395E-001 ,
  -4.29751759284468515E-002 ,
   0.00000000000000000E+000 ,
   9.63637230782314669E-001 ,
   5.92198984917069349E-001 ,
  -4.26506145570723152E-002 ,
   0.00000000000000000E+000 ,
   6.08412345730918291E-001 ,
   9.21572961572123317E-001 ,
  -4.43761276934268520E-002 ,
                        NaN ,
   3.45183618814007893E-007 ,
   9.89726642234271536E-001 ,
  -7.37933483776769400E-002 ,
   0.00000000000000000E+000 ,
   3.35511990511401049E-007 ,
   9.98791985682782602E-001 ,
  -8.76306117770954268E-002 ,
   0.00000000000000000E+000 ,
   9.99998710487711939E-001 ,
   1.74150625544294807E-001 ,
  -4.52129630323710244E-002 ,
   0.00000000000000000E+000 ,
   9.99999088769706335E-001 ,
   1.70249154377839051E-001 ,
  -4.55515033561094754E-002 ,
   0.00000000000000000E+000 ,
   9.99999724102554666E-001 ,
   1.67187088951318008E-001 ,
  -4.55968230828814949E-002 ,
   0.00000000000000000E+000 ,
   1.00000027209787556E+000 ,
   1.58322890855264881E-001 ,
  -4.57088672311343619E-002 ,
   0.00000000000000000E+000 ,
   1.00000028257126927E+000 ,
   1.55364148407243829E-001 ,
  -4.53989662347092232E-002 ,
   0.00000000000000000E+000 ,
   1.00000003041842556E+000 ,
   1.62236145771745971E-001 ,
  -4.42900152091156157E-002 ,
   0.00000000000000000E+000 ,
   9.99999928127761839E-001 ,
   1.71037655132468325E-001 ,
  -4.51917527009619291E-002 ,
   0.00000000000000000E+000 ,
   9.99999349191871167E-001 ,
   1.74377556844773463E-001 ,
  -4.49068106620854127E-002 ,
   0.00000000000000000E+000 ,
   9.99987950110484802E-001 ,
   1.78876714331137388E-001 ,
  -4.41860850977349104E-002 ,
   0.00000000000000000E+000 ,
   9.99706963749086075E-001 ,
   2.30431647742413009E-001 ,
  -4.36764279256438015E-002 ,
   0.00000000000000000E+000 ,
   9.84661079541499951E-001 ,
   5.65957315936977845E-001 ,
  -4.29428318479271390E-002 ,
   0.00000000000000000E+000 ,
   8.14518604903026189E-001 ,
   8.58731714280310365E-001 ,
  -4.29712354650861328E-002 ,
   0.00000000000000000E+000 ,
   1.97030621967498511E-006 ,
   9.68395303122290274E-001 ,
  -5.91487258996140977E-002 ,
                        NaN ,
   4.02244490100273205E-007 ,
   9.94753652296194280E-001 ,
  -7.76615960551924750E-002 ,
  -4.37499999999999972E-002 ,
   5.07230371283573970E-007 ,
   9.99275996574122360E-001 ,
  -8.85574065147543138E-002 ,
   0.00000000000000000E+000 ,
   4.05150902125333283E-007 ,
   9.98793555258352006E-001 ,
  -8.70352902456360128E-002 ,
   0.00000000000000000E+000 ,
   4.16384153868709265E-007 ,
   9.91502113218284853E-001 ,
  -7.53898548029789256E-002 ,
   0.00000000000000000E+000 ,
   5.77395885317365217E-007 ,
   9.51610395910571394E-001 ,
  -5.81858253687443996E-002 ,
   0.00000000000000000E+000 ,
   1.90976193562715696E-001 ,
   8.01861586867224085E-001 ,
  -4.49708223528833689E-002 ,
   0.00000000000000000E+000 ,
   9.88867623503813298E-001 ,
   3.91502121906501244E-001 ,
  -4.36693062521137168E-002 ,
   0.00000000000000000E+000 ,
   9.99980301125891424E-001 ,
   1.91291524038151944E-001 ,
  -4.39984437235997963E-002 ,
   0.00000000000000000E+000 ,
   9.99990348891265812E-001 ,
   1.76614827045679684E-001 ,
  -4.47690845263524206E-002 ,
   0.00000000000000000E+000 ,
   1.00000037978644252E+000 ,
   1.52243890489347861E-001 ,
  -4.56789592798516192E-002 ,
   0.00000000000000000E+000 ,
   9.99999622281805833E-001 ,
   1.71174100543337648E-001 ,
  -4.47818740266619844E-002 ,
   0.00000000000000000E+000 ,
   9.99999600905937203E-001 ,
   1.71238298748947193E-001 ,
  -4.54548730223298322E-002 ,
   0.00000000000000000E+000 ,
   9.99691475601856450E-001 ,
   1.70064808678782625E-001 ,
  -4.54442228898047779E-002 ,
   0.00000000000000000E+000 ,
   9.99922827032672101E-001 ,
   1.69380877626863796E-001 ,
  -4.55965849550334645E-002 ,
   0.00000000000000000E+000 ,
   1.00000016043017448E+000 ,
   1.61168237211965631E-001 ,
  -4.54951883634442458E-002 ,
   0.00000000000000000E+000 ,
   5.62068977304941176E-007 ,
   9.98802709277758161E-001 ,
  -8.89201186533642163E-002 ,
   0.00000000000000000E+000 ,
   3.61021255850360502E-007 ,
   9.95175830026574282E-001 ,
  -8.01132663390161232E-002 ,
   0.00000000000000000E+000 ,
   3.50115551912465894E-007 ,
   9.73575618985875635E-001 ,
  -6.68458101462783560E-002 ,
   0.00000000000000000E+000 ,
   3.20326012953014386E-003 ,
   8.78338703173925817E-001 ,
  -5.01028953261504970E-002 ,
   0.00000000000000000E+000 ,
   9.98037908719832556E-001 ,
   4.65367564268051703E-001 ,
  -4.34878102171578768E-002 ,
   0.00000000000000000E+000 ,
   9.99996414633147479E-001 ,
   1.75543019681325491E-001 ,
  -4.34719856978609959E-002 ,
   0.00000000000000000E+000 ,
   9.99993398877331741E-001 ,
   1.75826984272281550E-001 ,
  -4.47630182101435639E-002 ,
   0.00000000000000000E+000 ,
   9.99970181470941410E-001 ,
   1.62120274887087384E-001 ,
  -4.48109650695956221E-002 ,
   0.00000000000000000E+000 ,
   9.99790576768172290E-001 ,
   1.71264759323035892E-001 ,
  -4.48858187189927968E-002 ,
   0.00000000000000000E+000 ,
   9.99999309498597166E-001 ,
   1.71109713727272544E-001 ,
  -4.46199377368624930E-002 ,
   0.00000000000000000E+000 ,
   9.99976381833817207E-001 ,
   1.77130222620149158E-001 ,
  -4.46208016449805428E-002 ,
   0.00000000000000000E+000 ,
   9.99990700131409782E-001 ,
   1.78140602793992991E-001 ,
  -4.32920534612303426E-002 ,
   0.00000000000000000E+000 ,
   9.99251038672003822E-001 ,
   3.75818633434387317E-001 ,
  -4.29546152898230005E-002 ,
   0.00000000000000000E+000 ,
   5.03446410224159591E-001 ,
   8.31363533374251396E-001 ,
  -4.40403241006869645E-002 ,
   0.00000000000000000E+000 ,
   4.05383702243019341E-007 ,
   9.62825067512400712E-001 ,
  -6.28640170229782247E-002 ,
   0.00000000000000000E+000 ,
   5.01218673225226949E-007 ,
   9.92757939271576628E-001 ,
  -7.71685077884395332E-002 ,
   0.00000000000000000E+000 ,
   3.78236408705242938E-007 ,
   9.98825751239139636E-001 ,
  -8.70862780618061327E-002 ,
   0.00000000000000000E+000 ,
   3.58106008330357401E-007 ,
   9.98894919314298413E-001 ,
  -9.06345388563171706E-002 ,
   0.00000000000000000E+000 ,
   3.84901275149873618E-007 ,
   9.97260585287448098E-001 ,
  -8.35969857353812823E-002 ,
   0.00000000000000000E+000 ,
   3.91285184026385240E-007 ,
   9.84715418160698963E-001 ,
  -7.21290572368384342E-002 ,
   0.00000000000000000E+000 ,
   6.47611145461516073E-004 ,
   9.22104427046412156E-001 ,
  -5.34375226387388130E-002 ,
   0.00000000000000000E+000 ,
   9.96640869025005038E-001 ,
   5.92779971856894572E-001 ,
  -4.39883942579721715E-002 ,
   0.00000000000000000E+000 ,
   9.98147239190184221E-001 ,
   1.91115544404392462E-001 ,
  -4.40558871527974225E-002 ,
   0.00000000000000000E+000 ,
   9.99809032340755022E-001 ,
   1.76100475285349195E-001 ,
  -4.47279206816802999E-002 ,
   0.00000000000000000E+000 ,
   9.98942237095322483E-001 ,
   1.74646465874072621E-001 ,
  -4.50595986708087898E-002 ,
   0.00000000000000000E+000 ,
   9.99999186511619453E-001 ,
   1.72093276185052851E-001 ,
  -4.51851494077465249E-002 ,
   0.00000000000000000E+000 ,
   9.99996557125620966E-001 ,
   1.71397049896537479E-001 ,
  -4.53803682380148621E-002 ,
   0.00000000000000000E+000 ,
   9.99998265744443948E-001 ,
   1.72553802169128412E-001 ,
  -4.54799609653250975E-002 ,
   0.00000000000000000E+000 ,
   1.00000033714832259E+000 ,
   1.60962907529065752E-001 ,
  -4.51965691257801075E-002 ,
   0.00000000000000000E+000 ,
   9.99993770758081046E-001 ,
   1.69013327250955248E-001 ,
  -4.52296568793517373E-002 ,
   0.00000000000000000E+000 ,
   9.96222618985774244E-001 ,
   1.86053333592798964E-001 ,
  -4.52892832266861625E-002 ,
   0.00000000000000000E+000 ,
   9.99997589268687093E-001 ,
   1.83854512569786632E-001 ,
  -4.46362394386351780E-002 ,
   0.00000000000000000E+000 ,
   9.99999487893475703E-001 ,
   1.76101442060152047E-001 ,
  -4.41898125700421404E-002 ,
   0.00000000000000000E+000 ,
   9.99931413365101274E-001 ,
   1.80416580911579388E-001 ,
  -4.41457470256928358E-002 ,
   0.00000000000000000E+000 ,
   9.99502132832585488E-001 ,
   2.83857369271188598E-001 ,
  -4.31183376366361740E-002 ,
   0.00000000000000000E+000 ,
   9.40610928296687798E-001 ,
   8.29206694837609337E-001 ,
  -4.29357074218481433E-002 ,
   0.00000000000000000E+000 ,
   3.68367632633326954E-007 ,
   9.67780010150581349E-001 ,
  -6.36631914774438840E-002 ,
   0.00000000000000000E+000 ,
   4.51566683160026121E-007 ,
   9.93833579180602111E-001 ,
  -7.84844295870146952E-002 ,
   0.00000000000000000E+000 ,
   4.51081279961764692E-007 ,
   9.98936857293834968E-001 ,
  -8.75186188206207860E-002 ,
   0.00000000000000000E+000 ,
   4.40370913060068237E-007 ,
   9.99217390376273884E-001 ,
  -8.96315206912417645E-002 ,
   0.00000000000000000E+000 ,
   4.00087321064762022E-007 ,
   9.97042105234192788E-001 ,
  -8.43573653429222914E-002 ,
   0.00000000000000000E+000 ,
   3.92439387461978637E-007 ,
   9.89345225455849464E-001 ,
  -7.64616267403539634E-002 ,
   0.00000000000000000E+000 ,
   3.96291581503411942E-006 ,
   9.62858739921477302E-001 ,
  -5.87719554920923537E-002 ,
   0.00000000000000000E+000 ,
   9.38586047116233058E-001 ,
   8.06533729570894420E-001 ,
  -4.33359732065694905E-002 ,
   0.00000000000000000E+000 ,
   9.99969857623341229E-001 ,
   1.95540646042857785E-001 ,
  -4.31210916934420055E-002 ,
   0.00000000000000000E+000 ,
   9.99941812042890010E-001 ,
   1.79393766066046456E-001 ,
  -4.45492315540193320E-002 ,
   0.00000000000000000E+000 ,
   9.99556031310877668E-001 ,
   1.71521582959719088E-001 ,
  -4.50355778820703476E-002 ,
   0.00000000000000000E+000 ,
   9.99968559048782568E-001 ,
   1.83572597390478071E-001 ,
  -4.49816948324637048E-002 ,
   0.00000000000000000E+000 ,
   9.94623607674121946E-001 ,
   1.85612234572225643E-001 ,
  -4.46624214990569146E-002 ,
   0.00000000000000000E+000 ,
   9.99996244995961625E-001 ,
   1.77465843992187983E-001 ,
  -4.39391150373554112E-002 ,
   0.00000000000000000E+000 ,
   9.99962540832043834E-001 ,
   1.73657091577098077E-001 ,
  -4.35512877795246819E-002 ,
   0.00000000000000000E+000 ,
   9.99951076426011998E-001 ,
   2.35659145341843540E-001 ,
  -4.29428128103146178E-002 ,
   0.00000000000000000E+000 ,
   5.70996973515489392E-001 ,
   8.54210016278686313E-001 ,
  -4.43876479734460413E-002 ,
   0.00000000000000000E+000 ,
   3.68709068993688422E-007 ,
   9.72401482660883776E-001 ,
  -6.40999638029219748E-002 ,
   0.00000000000000000E+000 ,
   3.71774701802545354E-007 ,
   9.94818617490040857E-001 ,
  -7.95098767777484977E-002 ,
  -4.37499999999999972E-002 ,
   4.13952305587051240E-007 ,
   9.99085977381669599E-001 ,
  -8.81176073440413099E-002 ,
   0.00000000000000000E+000 ,
   9.99748935260138305E-001 ,
   1.75239326487596242E-001 ,
  -4.44533169775784345E-002 ,
   0.00000000000000000E+000 ,
   9.99999666333909354E-001 ,
   1.72041864050095861E-001 ,
  -4.44405566947312439E-002 ,
   0.00000000000000000E+000 ,
   9.99992581843691331E-001 ,
   1.74238181633973865E-001 ,
  -4.50089601546420498E-002 ,
   0.00000000000000000E+000 ,
   9.99998251242026015E-001 ,
   1.73906735049623673E-001 ,
  -4.51712223845864083E-002 ,
   0.00000000000000000E+000 ,
   9.99998096488398658E-001 ,
   1.72617364331181689E-001 ,
  -4.49978749657947569E-002 ,
   0.00000000000000000E+000 ,
   9.99969299781072629E-001 ,
   1.74645538009559675E-001 ,
  -4.48115322064780164E-002 ,
   0.00000000000000000E+000 ,
   9.99999463002959055E-001 ,
   1.77873439531985839E-001 ,
  -4.42986551285532298E-002 ,
   0.00000000000000000E+000 ,
   9.99381893182959780E-001 ,
   1.89139500127395971E-001 ,
  -4.41128092982560963E-002 ,
   0.00000000000000000E+000 ,
   9.99937511406543411E-001 ,
   2.44104351397149560E-001 ,
  -4.36780933605389887E-002 ,
   0.00000000000000000E+000 ,
   9.91930403217328838E-001 ,
   4.73855182375203909E-001 ,
  -4.28105753900522162E-002 ,
   0.00000000000000000E+000 ,
   8.96445892835239455E-001 ,
   8.46341227374514782E-001 ,
  -4.28295093895499634E-002 ,
   0.00000000000000000E+000 ,
   4.86684106817377457E-007 ,
   9.68374894459811508E-001 ,
  -6.13642723219475911E-002 ,
   0.00000000000000000E+000 ,
   3.27285583752567524E-007 ,
   9.93816163163774080E-001 ,
  -7.80693604660773061E-002 ,
   0.00000000000000000E+000 ,
   3.37476074720455971E-007 ,
   9.98859346412565130E-001 ,
  -8.72898310430937074E-002 ,
   0.00000000000000000E+000 ,
   3.72069566634768644E-007 ,
   9.99030941864742950E-001 ,
  -8.95673852023651518E-002 ,
   0.00000000000000000E+000 ,
   3.36863473233433504E-007 ,
   9.96475416785582824E-001 ,
  -8.20287312207277491E-002 ,
   0.00000000000000000E+000 ,
   5.50558666603281700E-007 ,
   9.81478522924755237E-001 ,
  -6.85936172706965719E-002 ,
   0.00000000000000000E+000 ,
   4.29283096745200321E-001 ,
   9.08817772679014091E-001 ,
  -4.50069972423230921E-002 ,
   0.00000000000000000E+000 ,
   9.76894108749468026E-001 ,
   6.27227369679788316E-001 ,
  -4.32875712747638960E-002 ,
   0.00000000000000000E+000 ,
   9.99786521537323170E-001 ,
   1.87000070643253163E-001 ,
  -4.40195615577113827E-002 ,
   0.00000000000000000E+000 ,
   9.99719541931931577E-001 ,
   2.14950125926107655E-001 ,
  -4.40350978348438421E-002 ,
   0.00000000000000000E+000 ,
   9.99995894763407223E-001 ,
   1.73750337681661399E-001 ,
  -4.40440458669436666E-002 ,
   0.00000000000000000E+000 ,
   9.99390191195531408E-001 ,
   1.78076150493672786E-001 ,
  -4.45740866671040861E-002 ,
   0.00000000000000000E+000 ,
   9.99997269198865890E-001 ,
   1.75780871579911901E-001 ,
  -4.47347563376235477E-002 ,
   0.00000000000000000E+000 ,
   9.98912858480112020E-001 ,
   1.75404608765510867E-001 ,
  -4.48911529341612173E-002 ,
   0.00000000000000000E+000 ,
   9.98751219160282755E-001 ,
   1.75788937906266013E-001 ,
  -4.48571853615474248E-002 ,
   0.00000000000000000E+000 ,
   9.99999237460605150E-001 ,
   1.75275518143106379E-001 ,
  -4.35804130619022248E-002 ,
   0.00000000000000000E+000 ,
   9.99912447543732541E-001 ,
   2.18189152008596232E-001 ,
  -4.33966668668256256E-002 ,
   0.00000000000000000E+000 ,
   9.96088521791276826E-001 ,
   2.65946206513594074E-001 ,
  -4.34547117364014121E-002 ,
   0.00000000000000000E+000 ,
   7.99637942620467168E-001 ,
   7.06144172944388138E-001 ,
  -4.35725477750606230E-002 ,
   0.00000000000000000E+000 ,
   1.77685628210553451E-003 ,
   8.89939562164091202E-001 ,
  -5.22552340172812435E-002 ,
   0.00000000000000000E+000 ,
   3.60578381978399360E-007 ,
   9.73039134487977742E-001 ,
  -6.72066411696294191E-002 ,
   0.00000000000000000E+000 ,
   3.49956680642015576E-007 ,
   9.94364342719631811E-001 ,
  -8.05233832053629667E-002 ,
   0.00000000000000000E+000 ,
   3.75006434028165807E-007 ,
   9.98918385603983272E-001 ,
  -8.84927317769544364E-002 ,
   0.00000000000000000E+000 ,
   3.44463368084416617E-007 ,
   9.99303875390087359E-001 ,
  -9.16857821637409587E-002 ,
   0.00000000000000000E+000 ,
   4.48315897617161148E-007 ,
   9.98381894123854585E-001 ,
  -8.58993861278710691E-002 ,
   0.00000000000000000E+000 ,
   4.27074906607015819E-007 ,
   9.91823559392969289E-001 ,
  -7.59468139372675571E-002 ,
   0.00000000000000000E+000 ,
   3.72087681779525742E-007 ,
   9.62693494059361443E-001 ,
  -6.02616926142109655E-002 ,
   0.00000000000000000E+000 ,
   8.85569844512558380E-001 ,
   8.50605515696416736E-001 ,
  -4.36577567853131607E-002 ,
   0.00000000000000000E+000 ,
   9.99273000149927815E-001 ,
   4.25375622423333155E-001 ,
  -4.34740953611263276E-002 ,
   0.00000000000000000E+000 ,
   9.99704555248855375E-001 ,
   1.78240004244672068E-001 ,
  -4.46396292903765701E-002 ,
   0.00000000000000000E+000 ,
   9.99975054694574594E-001 ,
   1.78275309264535831E-001 ,
  -4.33522523611913346E-002 ,
   0.00000000000000000E+000 ,
   9.98892006815883859E-001 ,
   4.12755041476187468E-001 ,
  -4.31737191394929165E-002 ,
   0.00000000000000000E+000 ,
   3.45367891729419563E-001 ,
   7.40418529105812517E-001 ,
  -4.49682273531872082E-002 ,
   0.00000000000000000E+000 ,
   1.11909150739125704E-001 ,
   8.90716315313358153E-001 ,
  -4.81994850800051486E-002 ,
   0.00000000000000000E+000 ,
   3.64459864209745216E-007 ,
   9.61097043855861255E-001 ,
  -6.27748907162442582E-002 ,
   0.00000000000000000E+000 ,
   3.84664782613041618E-007 ,
   9.89310663617173791E-001 ,
  -7.42588065708781053E-002 ,
   0.00000000000000000E+000 ,
   3.62174713674818937E-007 ,
   9.97575337243711946E-001 ,
  -8.40186241518488530E-002 ,
   0.00000000000000000E+000 ,
   3.94778102635350827E-007 ,
   9.99515160866246033E-001 ,
  -9.03406472894173335E-002 ,
   0.00000000000000000E+000 ,
   9.99710710876174802E-001 ,
   5.56134112719597673E-001 ,
  -4.27126475065586972E-002 ,
   0.00000000000000000E+000 ,
   9.99987774355098669E-001 ,
   2.50002806244805253E-001 ,
  -4.27289876690200715E-002 ,
   0.00000000000000000E+000 ,
   9.91889010815079741E-001 ,
   2.58623455343143682E-001 ,
  -4.40189434851685560E-002 ,
   0.00000000000000000E+000 ,
   9.99997318122675671E-001 ,
   1.74867317392155330E-001 ,
  -4.36503131591636923E-002 ,
   0.00000000000000000E+000 ,
   9.98975746934187225E-001 ,
   1.80830485873537422E-001 ,
  -4.44391980813677034E-002 ,
   0.00000000000000000E+000 ,
   3.47482216189572409E-007 ,
   9.99321539869228670E-001 ,
  -8.92812293702615750E-002 ,
   0.00000000000000000E+000 ,
   4.37328025044337988E-007 ,
   9.96727830740471110E-001 ,
  -8.22650906262749892E-002 ,
  -1.54663085937499986E-002 ,
   3.76712999262042417E-007 ,
   9.85959622925767332E-001 ,
  -7.13053156955763684E-002 ,
   0.00000000000000000E+000 ,
   1.91888368922223953E-003 ,
   9.47138636920097587E-001 ,
  -5.43400681003757963E-002 ,
   0.00000000000000000E+000 ,
   4.46983009279696628E-002 ,
   8.36185865355406621E-001 ,
  -4.64565964939317802E-002 ,
   0.00000000000000000E+000 ,
   9.99863687888336239E-001 ,
   3.04300728497307049E-001 ,
  -4.35723231140924608E-002 ,
   0.00000000000000000E+000 ,
   9.99822685482214757E-001 ,
   4.51574839993243771E-001 ,
  -4.27761277681337204E-002 ,
   0.00000000000000000E+000 ,
   9.74953969436067047E-001 ,
   8.28755584488541808E-001 ,
  -4.28094295059813362E-002 ,
   0.00000000000000000E+000 ,
   3.81564121889423138E-007 ,
   9.40574929106587465E-001 ,
  -5.51299375579500511E-002 ,
   0.00000000000000000E+000 ,
   3.44565595391778920E-007 ,
   9.78157907138584415E-001 ,
  -6.63275355583669290E-002 ,
   0.00000000000000000E+000 ,
   3.42862060966691805E-007 ,
   9.92791587140297138E-001 ,
  -7.57736708870618975E-002 ,
   0.00000000000000000E+000 ,
   4.01235667648085148E-007 ,
   9.97999060210994604E-001 ,
  -8.35899149781103440E-002 ,
   0.00000000000000000E+000 ,
   3.76198311718344034E-007 ,
   9.99528650852708700E-001 ,
  -8.95227783076265743E-002 ,
   0.00000000000000000E+000 ,
   3.32761690163484677E-007 ,
   9.99429180361333436E-001 ,
  -9.20270037700644805E-002 ,
   0.00000000000000000E+000 ,
   3.79850267405806463E-007 ,
   9.98791558869656426E-001 ,
  -8.71992186031837063E-002 ,
   0.00000000000000000E+000 ,
   3.87048281793819770E-007 ,
   9.95082401330798172E-001 ,
  -7.99282879130737145E-002 ,
   0.00000000000000000E+000 ,
   3.86410831381751583E-007 ,
   9.82621960502830460E-001 ,
  -7.00948606556025949E-002 ,
   0.00000000000000000E+000 ,
   1.21945382406637601E-005 ,
   9.47744668405143487E-001 ,
  -5.76029434638758928E-002 ,
   0.00000000000000000E+000 ,
   5.12193818355022201E-001 ,
   9.08968348515580060E-001 ,
  -4.45419699540939087E-002 ,
   0.00000000000000000E+000 ,
   6.50901952061932354E-001 ,
   8.44879453439178252E-001 ,
  -4.36329678711367130E-002 ,
   0.00000000000000000E+000 ,
   9.79490171776452145E-001 ,
   7.79978091661069906E-001 ,
  -4.38703789458663937E-002 ,
   0.00000000000000000E+000 ,
   9.97169248943554520E-001 ,
   6.81633755648823003E-001 ,
  -4.38965291649547826E-002 ,
   0.00000000000000000E+000 ,
   9.98948265822248826E-001 ,
   5.22244617042759929E-001 ,
  -4.36685980335813698E-002 ,
   0.00000000000000000E+000 ,
   9.48344369370120344E-001 ,
   8.42648165891308865E-001 ,
  -4.34075711282561408E-002 ,
   0.00000000000000000E+000 ,
   2.90328864141448095E-001 ,
   9.09590945985833232E-001 ,
  -4.68980890228324204E-002 ,
   0.00000000000000000E+000 ,
   6.53798212699125813E-004 ,
   9.61433881591625683E-001 ,
  -5.49320009547524593E-002 ,
   0.00000000000000000E+000 ,
   4.15931770863613678E-007 ,
   9.85726358516541445E-001 ,
  -6.94285632623716648E-002 ,
   0.00000000000000000E+000 ,
   3.76395372987231726E-007 ,
   9.94928641679843739E-001 ,
  -7.84611814908380417E-002 ,
   0.00000000000000000E+000 ,
   5.00544152553118319E-007 ,
   9.98340616262309744E-001 ,
  -8.47702356431360854E-002 ,
   0.00000000000000000E+000 ,
   4.18625083141843120E-007 ,
   9.99523958086618869E-001 ,
  -8.95648757735926088E-002 ,
   1.00000000000000000E+000 ,
   4.08392526867017549E-007 ,
   9.99882186874290757E-001 ,
  -9.31077907153380346E-002 ,
   0.00000000000000000E+000 ,
   3.89693207020990989E-007 ,
   9.99861190643550390E-001 ,
  -9.41695694793773935E-002 ,
   0.00000000000000000E+000 ,
   4.76117727872609442E-007 ,
   9.99713946462958969E-001 ,
  -9.09122328784214701E-002 ,
   1.00000000000000000E+000 ,
   3.64352314300125511E-007 ,
   9.98902388499550375E-001 ,
  -8.62011220089133334E-002 ,
   1.00000000000000000E+000 ,
   4.07853520407618194E-007 ,
   9.96357800391090453E-001 ,
  -7.99074628080999189E-002 ,
   1.00000000000000000E+000 ,
   3.48676336487755736E-007 ,
   9.89625650058389983E-001 ,
  -7.19903580386185293E-002 ,
  -6.56249999999999889E-002 ,
   3.80149482398669821E-007 ,
   9.83982769822717596E-001 ,
  -7.07116685177099774E-002 ,
   0.00000000000000000E+000 ,
   3.59963670879853595E-007 ,
   9.73360866158815452E-001 ,
  -6.65110195339560506E-002 ,
   0.00000000000000000E+000 ,
   3.43764277426896300E-007 ,
   9.59879313986618410E-001 ,
  -6.21229668273899360E-002 ,
   0.00000000000000000E+000 ,
   2.20320930595056233E-004 ,
   9.43979053210126984E-001 ,
  -5.63513111556725108E-002 ,
   0.00000000000000000E+000 ,
   2.15293205336059279E-002 ,
   9.25511117242425851E-001 ,
  -5.21380976569965210E-002 ,
   0.00000000000000000E+000 ,
   3.56855212014608595E-007 ,
   9.32469632340516386E-001 ,
  -6.72342706148723740E-002 ,
   0.00000000000000000E+000 ,
   3.81891154999187902E-007 ,
   9.57930412478558924E-001 ,
  -6.95009558709288738E-002 ,
   0.00000000000000000E+000 ,
   4.75501070626612429E-007 ,
   9.79399543693910912E-001 ,
  -7.44470712119663924E-002 ,
   0.00000000000000000E+000 ,
   3.28729817874584207E-007 ,
   9.91717559783123037E-001 ,
  -8.03820335382737644E-002 ,
   0.00000000000000000E+000 ,
   4.71330555603691950E-007 ,
   9.96968014094315902E-001 ,
  -8.56534591100301945E-002 ,
   0.00000000000000000E+000 ,
   3.65859708966995015E-007 ,
   9.98977442547924199E-001 ,
  -8.96820469709112139E-002 ,
   1.00000000000000000E+000 ,
   4.04759063114122994E-007 ,
   9.99399261702584307E-001 ,
  -9.17270542911698405E-002 ,
   1.00000000000000000E+000 ,
   3.75494429532829472E-007 ,
   9.98948421169797207E-001 ,
  -8.83897264750675010E-002 ,
   1.00000000000000000E+000 ,
   4.13839168938881817E-007 ,
   9.97140243750664457E-001 ,
  -8.44188439808394725E-002 ,
   1.00000000000000000E+000 ,
   4.59364318473957920E-007 ,
   9.97374925606697382E-001 ,
  -8.39905586741400700E-002 ,
   1.00000000000000000E+000 ,
   3.81753524258912679E-007 ,
   9.95714481685188613E-001 ,
  -8.15853220907523102E-002 ,
   0.00000000000000000E+000 ,
   3.58694878601614896E-007 ,
   9.93629549796779532E-001 ,
  -7.94236382377256911E-002 ,
   0.00000000000000000E+000 ,
   3.72118147101613170E-007 ,
   9.91407206382144413E-001 ,
  -7.73493401395269758E-002 ,
   0.00000000000000000E+000 ,
   3.65419189609454203E-007 ,
   9.89227748826403075E-001 ,
  -7.66926633201036739E-002 ,
   0.00000000000000000E+000 ,
   3.48219045224861526E-007 ,
   9.84580886787600806E-001 ,
  -7.68595914976975547E-002 ,
   0.00000000000000000E+000 ,
   3.29463355301251325E-007 ,
   9.89871787702914951E-001 ,
  -7.81443205749924319E-002 ,
   0.00000000000000000E+000 ,
   3.83427853252479485E-007 ,
   9.94677144372667188E-001 ,
  -8.13646813136424119E-002 ,
   0.00000000000000000E+000 ,
   4.00706756156383859E-007 ,
   9.97684596640620369E-001 ,
  -8.53085633551335654E-002 ,
   0.00000000000000000E+000 ,
   4.19217030061844778E-007 ,
   9.99115873152557121E-001 ,
  -8.89795580753723336E-002 ,
   0.00000000000000000E+000 ,
   3.43653599276072141E-007 ,
   9.99696391611586410E-001 ,
  -9.19458167955758826E-002 ,
   1.00000000000000000E+000 ,
   4.31431368829742866E-007 ,
   9.99529167442038124E-001 ,
  -9.23049900121181016E-002 ,
   1.00000000000000000E+000 ,
   4.50696334986515843E-007 ,
   9.99253969565535916E-001 ,
  -8.99414398739954574E-002 ,
   0.00000000000000000E+000 ,
   3.59368129059153562E-007 ,
   9.94296664896701210E-001 ,
  -8.59207984069737529E-002 ,
   0.00000000000000000E+000 ,
   2.99910727953920333E-007 ,
   9.98218072032971193E-001 ,
  -8.66073905539937877E-002 ,
   0.00000000000000000E+000 ,
   3.54513114415280226E-007 ,
   9.98730801808543789E-001 ,
  -8.73523293294438119E-002 ,
   0.00000000000000000E+000 ,
   3.04578701522838701E-007 ,
   9.98695263366705888E-001 ,
  -8.88386911507337285E-002 ,
   0.00000000000000000E+000 ,
   3.33916035255311379E-007 ,
   9.98560134241668451E-001 ,
  -9.04807670842883438E-002 ,
   0.00000000000000000E+000 ,
   3.50459305898832026E-007 ,
   9.99238535188633925E-001 ,
  -9.15428921157487863E-002 ,
   1.00000000000000000E+000 ,
   4.11857819353791011E-007 ,
   9.99602089093523438E-001 ,
  -9.11707288088205448E-002 ,
   1.00000000000000000E+000 ,
   3.95547047307072260E-007 ,
   9.99365409013957540E-001 ,
  -8.99780949073293729E-002 ,
   1.00000000000000000E+000 ,
   3.31397838675634304E-007 ,
   9.99079815734555621E-001 ,
  -8.89497341739148711E-002 ,
   1.00000000000000000E+000 ,
   4.35018675388928676E-007 ,
   9.98792221206742492E-001 ,
  -8.80959584032067616E-002 ,
   0.00000000000000000E+000 ,
   4.35307208795796541E-007 ,
   9.98544306903823897E-001 ,
  -8.78892845950082491E-002 ,
   0.00000000000000000E+000 ,
   3.96730917230375992E-007 ,
   9.98734272698924674E-001 ,
  -8.97424192544246241E-002 ,
