1
0
4
0
(63 0
((0,352) (15,383) (0,0))
((0,384) (15,415) (0,0))
((0,416) (15,447) (0,0))
((0,448) (15,479) (0,0))
((0,480) (15,511) (0,0))
((0,512) (15,543) (0,0))
((0,544) (15,575) (0,0))
((0,576) (15,607) (0,0))
((0,608) (15,639) (0,0))
((0,640) (15,671) (0,0))
((16,352) (39,383) (0,0))
((16,384) (39,415) (0,0))
((16,416) (39,447) (0,0))
((16,448) (39,479) (0,0))
((16,480) (39,511) (0,0))
((16,512) (39,543) (0,0))
((16,544) (39,575) (0,0))
((16,576) (39,607) (0,0))
((16,608) (39,639) (0,0))
((16,640) (39,671) (0,0))
((40,360) (71,375) (0,0))
((40,376) (71,407) (0,0))
((40,408) (71,439) (0,0))
((40,440) (71,471) (0,0))
((40,472) (71,503) (0,0))
((40,504) (71,535) (0,0))
((40,536) (71,567) (0,0))
((40,568) (71,599) (0,0))
((40,600) (71,631) (0,0))
((40,632) (71,663) (0,0))
((72,368) (95,399) (0,0))
((72,400) (95,431) (0,0))
((72,432) (95,463) (0,0))
((72,464) (95,495) (0,0))
((72,496) (95,527) (0,0))
((72,528) (95,559) (0,0))
((72,560) (95,591) (0,0))
((72,592) (95,623) (0,0))
((72,624) (95,655) (0,0))
((96,376) (119,391) (0,0))
((96,392) (119,423) (0,0))
((96,424) (119,455) (0,0))
((96,456) (119,487) (0,0))
((96,488) (119,519) (0,0))
((96,520) (119,551) (0,0))
((96,552) (119,583) (0,0))
((96,584) (119,615) (0,0))
((96,616) (119,647) (0,0))
((120,392) (143,407) (0,0))
((120,408) (143,439) (0,0))
((120,440) (143,471) (0,0))
((120,472) (143,503) (0,0))
((120,504) (143,535) (0,0))
((120,536) (143,567) (0,0))
((120,568) (143,599) (0,0))
((120,600) (143,631) (0,0))
((144,424) (159,447) (0,0))
((144,448) (167,463) (0,0))
((144,464) (167,487) (0,0))
((144,488) (175,503) (0,0))
((144,504) (175,535) (0,0))
((144,536) (167,567) (0,0))
((144,568) (159,599) (0,0))
)
63
FabOnDisk: Cell_D_00000 0
FabOnDisk: Cell_D_00000 16469
FabOnDisk: Cell_D_00000 32938
FabOnDisk: Cell_D_00000 49407
FabOnDisk: Cell_D_00000 65876
FabOnDisk: Cell_D_00000 82345
FabOnDisk: Cell_D_00000 98814
FabOnDisk: Cell_D_00000 115283
FabOnDisk: Cell_D_00000 131752
FabOnDisk: Cell_D_00000 148221
FabOnDisk: Cell_D_00000 164690
FabOnDisk: Cell_D_00000 189352
FabOnDisk: Cell_D_00000 214014
FabOnDisk: Cell_D_00000 238676
FabOnDisk: Cell_D_00000 263338
FabOnDisk: Cell_D_00000 288000
FabOnDisk: Cell_D_00000 312662
FabOnDisk: Cell_D_00000 337324
FabOnDisk: Cell_D_00000 361986
FabOnDisk: Cell_D_00000 386648
FabOnDisk: Cell_D_00000 411310
FabOnDisk: Cell_D_00000 427780
FabOnDisk: Cell_D_00000 460634
FabOnDisk: Cell_D_00000 493488
FabOnDisk: Cell_D_00000 526342
FabOnDisk: Cell_D_00000 559196
FabOnDisk: Cell_D_00000 592050
FabOnDisk: Cell_D_00000 624904
FabOnDisk: Cell_D_00000 657758
FabOnDisk: Cell_D_00000 690612
FabOnDisk: Cell_D_00000 723466
FabOnDisk: Cell_D_00000 748128
FabOnDisk: Cell_D_00000 772790
FabOnDisk: Cell_D_00000 797452
FabOnDisk: Cell_D_00000 822114
FabOnDisk: Cell_D_00000 846776
FabOnDisk: Cell_D_00000 871438
FabOnDisk: Cell_D_00000 896100
FabOnDisk: Cell_D_00000 920762
FabOnDisk: Cell_D_00000 945424
FabOnDisk: Cell_D_00000 957799
FabOnDisk: Cell_D_00000 982462
FabOnDisk: Cell_D_00000 1007125
FabOnDisk: Cell_D_00000 1031788
FabOnDisk: Cell_D_00000 1056451
FabOnDisk: Cell_D_00000 1081114
FabOnDisk: Cell_D_00000 1105777
FabOnDisk: Cell_D_00000 1130440
FabOnDisk: Cell_D_00000 1155103
FabOnDisk: Cell_D_00000 1167479
FabOnDisk: Cell_D_00000 1192143
FabOnDisk: Cell_D_00000 1216807
FabOnDisk: Cell_D_00000 1241471
FabOnDisk: Cell_D_00000 1266135
FabOnDisk: Cell_D_00000 1290799
FabOnDisk: Cell_D_00000 1315463
FabOnDisk: Cell_D_00000 1340127
FabOnDisk: Cell_D_00000 1352503
FabOnDisk: Cell_D_00000 1364879
FabOnDisk: Cell_D_00000 1383399
FabOnDisk: Cell_D_00000 1399871
FabOnDisk: Cell_D_00000 1432727
FabOnDisk: Cell_D_00000 1457391

63,4
   0.00000000000000000E+000 ,
  -3.43999079279013239E-007 ,
   9.83531217564390325E-001 ,
  -9.61467919160194223E-002 ,
   0.00000000000000000E+000 ,
  -3.57342840300826002E-007 ,
   6.95442688794697839E-001 ,
  -8.91272273605946824E-002 ,
   0.00000000000000000E+000 ,
   3.07582031187452164E-007 ,
   1.36002717842760829E-001 ,
  -6.88541164144902684E-002 ,
   0.00000000000000000E+000 ,
   1.59869488381709446E-001 ,
   1.17369044943842288E-001 ,
  -4.79436711640382901E-002 ,
   0.00000000000000000E+000 ,
   9.99721884853550180E-001 ,
   1.09882576276477434E-001 ,
  -4.70816878471982669E-002 ,
   0.00000000000000000E+000 ,
   9.99672177237181714E-001 ,
   1.09879151303810582E-001 ,
  -4.71163806492172349E-002 ,
   0.00000000000000000E+000 ,
   1.62193342035488158E-001 ,
   1.17237325477236795E-001 ,
  -4.79222765474387816E-002 ,
   0.00000000000000000E+000 ,
   3.18649141280632569E-007 ,
   1.35922222440260781E-001 ,
  -6.88666419895567344E-002 ,
   0.00000000000000000E+000 ,
  -3.24711220300250236E-007 ,
   6.93669483302986056E-001 ,
  -8.90695404508752842E-002 ,
                        NaN ,
  -3.64717155374827064E-007 ,
   9.83666100021945100E-001 ,
  -9.60710020355990957E-002 ,
   0.00000000000000000E+000 ,
  -3.98949978207181806E-007 ,
   9.84935902053448387E-001 ,
  -9.65377603978314208E-002 ,
   0.00000000000000000E+000 ,
  -3.92496802522444463E-007 ,
   7.66789364654958061E-001 ,
  -9.04599536254323683E-002 ,
   0.00000000000000000E+000 ,
  -3.37301696459214777E-007 ,
   1.55529029537458063E-001 ,
  -7.42404866551800158E-002 ,
   0.00000000000000000E+000 ,
   1.54013740356756856E-001 ,
   1.09949895285573321E-001 ,
  -4.79341523725271071E-002 ,
   0.00000000000000000E+000 ,
   9.99807724087254046E-001 ,
   1.07722606422122405E-001 ,
  -4.68893395450266648E-002 ,
   0.00000000000000000E+000 ,
   9.99774759175579786E-001 ,
   1.07720292043197802E-001 ,
  -4.69080314731379483E-002 ,
   0.00000000000000000E+000 ,
   1.54835460486920012E-001 ,
   1.10043139888962013E-001 ,
  -4.78886816995224701E-002 ,
   0.00000000000000000E+000 ,
  -3.25554658266608606E-007 ,
   1.51167283946594483E-001 ,
  -7.40440217394559425E-002 ,
   0.00000000000000000E+000 ,
  -4.00698265645790400E-007 ,
   7.66666861718114490E-001 ,
  -9.03709447991243447E-002 ,
                        NaN ,
  -3.82903546561341988E-007 ,
   9.85042882970830092E-001 ,
  -9.64575536207337852E-002 ,
  -4.21875000000000028E-002 ,
  -3.82458205186848743E-007 ,
   9.95042131186156364E-001 ,
  -9.67934503422275133E-002 ,
  -4.21875000000000028E-002 ,
  -5.21197666022295269E-007 ,
   9.25025272598036796E-001 ,
  -9.48172027802702128E-002 ,
  -1.00000000000000006E-001 ,
  -3.68665328019971950E-007 ,
   2.38403423874751969E-001 ,
  -8.62360082767126834E-002 ,
   0.00000000000000000E+000 ,
   2.94291460904117488E-006 ,
   1.09316653410156381E-001 ,
  -6.59699349399764101E-002 ,
   0.00000000000000000E+000 ,
   5.63761490155203826E-001 ,
   1.06707495319115955E-001 ,
  -4.61194403715887713E-002 ,
   0.00000000000000000E+000 ,
   7.38107632782826428E-001 ,
   1.05310315202321758E-001 ,
  -4.61199210953499583E-002 ,
   0.00000000000000000E+000 ,
   1.86713420983096928E-001 ,
   1.07460434315768211E-001 ,
  -5.05830317292294204E-002 ,
   0.00000000000000000E+000 ,
  -2.53390760879030436E-007 ,
   1.17250970239144880E-001 ,
  -7.77074502250932747E-002 ,
   0.00000000000000000E+000 ,
  -4.86629841745194457E-007 ,
   7.44203716276760963E-001 ,
  -9.13810975546241883E-002 ,
   0.00000000000000000E+000 ,
  -4.45010747652339085E-007 ,
   9.79642850909974494E-001 ,
  -9.66901221783401238E-002 ,
  -8.74999999999999944E-002 ,
  -3.89572816165250104E-007 ,
   9.85086759259745759E-001 ,
  -9.71720891922797786E-002 ,
  -1.00000000000000006E-001 ,
  -4.15091953626992512E-007 ,
   8.29908870284428501E-001 ,
  -9.29341344693632720E-002 ,
  -1.25000000000000007E-002 ,
  -3.44308220007866070E-007 ,
   1.78669471134206975E-001 ,
  -8.35693739452577494E-002 ,
   0.00000000000000000E+000 ,
   2.29559976149896686E-007 ,
   1.14563663657552939E-001 ,
  -6.81192306230867656E-002 ,
   0.00000000000000000E+000 ,
   2.47129248065722285E-001 ,
   1.05234330487239153E-001 ,
  -5.04221341859901612E-002 ,
   0.00000000000000000E+000 ,
   6.59634492356860778E-008 ,
   1.09502604677016141E-001 ,
  -6.83853749606265354E-002 ,
   0.00000000000000000E+000 ,
  -4.93722521034299530E-007 ,
   1.90434067765339110E-001 ,
  -8.34731400633218074E-002 ,
   0.00000000000000000E+000 ,
  -4.27631071638615824E-007 ,
   8.23915461970925911E-001 ,
  -9.28221036802787808E-002 ,
   0.00000000000000000E+000 ,
  -3.67202482085804924E-007 ,
   9.84852371778754176E-001 ,
  -9.70758066276608128E-002 ,
  -1.00000000000000006E-001 ,
  -3.19408325493640146E-007 ,
   9.97568929316319464E-001 ,
  -9.78057373374750100E-002 ,
  -1.00000000000000006E-001 ,
  -3.97672604134354629E-007 ,
   9.73118985613434795E-001 ,
  -9.66302088668125614E-002 ,
  -8.74999999999999944E-002 ,
  -3.91258975631740477E-007 ,
   8.30702511586277392E-001 ,
  -9.25232212051718267E-002 ,
  -1.25000000000000007E-002 ,
  -3.18502148868062085E-007 ,
   4.50388446336074777E-001 ,
  -8.59144443311071759E-002 ,
  -1.25000000000000007E-002 ,
  -3.13382752594752490E-007 ,
   2.11436207014903288E-001 ,
  -7.87813567456210062E-002 ,
  -1.25000000000000007E-002 ,
  -4.07863485469056608E-007 ,
   2.30831750261767110E-001 ,
  -8.21374329832873923E-002 ,
   0.00000000000000000E+000 ,
  -4.05016820654061387E-007 ,
   6.78228629636711711E-001 ,
  -8.94184613043100956E-002 ,
   0.00000000000000000E+000 ,
  -3.76999733173767047E-007 ,
   9.27201105727678554E-001 ,
  -9.48616920734576957E-002 ,
   0.00000000000000000E+000 ,
  -4.18559072857524012E-007 ,
   9.91302300619479104E-001 ,
  -9.77365736481536906E-002 ,
  -1.00000000000000006E-001 ,
  -3.99757933461883037E-007 ,
   9.98172618476777074E-001 ,
  -9.81158068085550422E-002 ,
  -1.00000000000000006E-001 ,
  -3.76814014792568623E-007 ,
   9.86311458322903012E-001 ,
  -9.72505710850886107E-002 ,
  -8.74999999999999944E-002 ,
  -4.48763901531634637E-007 ,
   9.44624235249239663E-001 ,
  -9.47634645753501481E-002 ,
  -1.25000000000000007E-002 ,
  -4.36691601287382621E-007 ,
   8.86216632564063356E-001 ,
  -9.17470058967847224E-002 ,
  -1.25000000000000007E-002 ,
  -3.61285768117642952E-007 ,
   8.81729981542142882E-001 ,
  -9.04677720515301570E-002 ,
  -1.25000000000000007E-002 ,
  -3.54626602986682901E-007 ,
   9.12095164200408481E-001 ,
  -9.32459247118582468E-002 ,
   0.00000000000000000E+000 ,
  -4.04529165511880034E-007 ,
   9.70267224408732143E-001 ,
  -9.61039339067361192E-002 ,
   0.00000000000000000E+000 ,
  -4.09145640854277879E-007 ,
   9.94609837020297261E-001 ,
  -9.80791370970208604E-002 ,
  -8.74999999999999944E-002 ,
  -3.89404742216096027E-007 ,
   9.97188739095721366E-001 ,
  -9.75436475621302423E-002 ,
  -1.25000000000000007E-002 ,
  -4.10170166132478857E-007 ,
   9.94608981328951369E-001 ,
  -9.71303286044170322E-002 ,
  -1.25000000000000007E-002 ,
  -3.36392863171661304E-007 ,
   9.89551014381723215E-001 ,
  -9.64989918708742261E-002 ,
  -1.25000000000000007E-002 ,
  -4.26147648204992064E-007 ,
   9.87108127736675889E-001 ,
  -9.67128721054019425E-002 ,
  -1.25000000000000007E-002 ,
  -4.43175322421533993E-007 ,
   9.86721589362946960E-001 ,
  -9.66916840113583309E-002 ,
  -4.68750000000000069E-003 ,
  -4.86691422485139016E-007 ,
   9.89532485651690941E-001 ,
  -9.67887872617004541E-002 ,
   0.00000000000000000E+000 ,
  -3.04153160001767502E-007 ,
   9.96026410219526315E-001 ,
  -9.75163875815945325E-002 ,

63,4
   0.00000000000000000E+000 ,
   3.91939291653528241E-007 ,
   9.99205518439057916E-001 ,
  -8.92257109234986107E-002 ,
   0.00000000000000000E+000 ,
   1.02105599262137037E-005 ,
   9.83346291156932506E-001 ,
  -6.75468935437953111E-002 ,
   0.00000000000000000E+000 ,
   9.97775356551361514E-001 ,
   7.40758712265225494E-001 ,
  -4.71131210135174588E-002 ,
   0.00000000000000000E+000 ,
   9.99967637049606228E-001 ,
   1.62744915747938923E-001 ,
  -4.69323666865454625E-002 ,
   0.00000000000000000E+000 ,
   1.00000038588076734E+000 ,
   1.18375002415363334E-001 ,
  -4.66945114247210302E-002 ,
   0.00000000000000000E+000 ,
   1.00000030913775539E+000 ,
   1.18210495522455647E-001 ,
  -4.66971180133640973E-002 ,
   0.00000000000000000E+000 ,
   9.99963359879456948E-001 ,
   1.64068621766495087E-001 ,
  -4.69524271381724992E-002 ,
   0.00000000000000000E+000 ,
   9.97817848543251062E-001 ,
   7.40498840514408729E-001 ,
  -4.71636423813713360E-002 ,
   0.00000000000000000E+000 ,
   1.13923124647326738E-005 ,
   9.83463480182922178E-001 ,
  -6.75580609652123160E-002 ,
                        NaN ,
   4.32101379895727320E-007 ,
   9.99214093665609315E-001 ,
  -8.91748878532651057E-002 ,
   1.56250000000000000E-002 ,
   4.48281951036029312E-007 ,
   9.99440319629006813E-001 ,
  -8.95222197878168952E-002 ,
   1.56250000000000000E-002 ,
   3.55733724019948029E-007 ,
   9.88658176234717967E-001 ,
  -7.00842597988014099E-002 ,
   0.00000000000000000E+000 ,
   7.91223220096354485E-001 ,
   8.47898482309316637E-001 ,
  -4.63881166725267219E-002 ,
   0.00000000000000000E+000 ,
   9.99991627267181937E-001 ,
   1.65465877280326551E-001 ,
  -4.60904855202031172E-002 ,
   0.00000000000000000E+000 ,
   1.00000038697718652E+000 ,
   1.16517427441477847E-001 ,
  -4.61078086882685534E-002 ,
   0.00000000000000000E+000 ,
   1.00000042379358534E+000 ,
   1.16382561334304122E-001 ,
  -4.60524568721125543E-002 ,
   0.00000000000000000E+000 ,
   9.99993242976592978E-001 ,
   1.67937809014386680E-001 ,
  -4.59599998340878071E-002 ,
   2.12199579096527232E-308 ,
   7.40887836662069477E-001 ,
   8.45492460108505761E-001 ,
  -4.61004498011207339E-002 ,
   2.12199579096527232E-308 ,
   3.81846755125254391E-007 ,
   9.88664856881216414E-001 ,
  -7.00939606706244417E-002 ,
                        NaN ,
   3.82984693311307196E-007 ,
   9.99444327560110146E-001 ,
  -8.94614022173206153E-002 ,
   1.56250000000000000E-002 ,
   3.19013912372177223E-007 ,
   9.99521929450845059E-001 ,
  -9.29232185843956310E-002 ,
   1.56250000000000000E-002 ,
   4.07058386700474398E-007 ,
   9.97861010108843760E-001 ,
  -8.04800384294499099E-002 ,
   1.56250000000000000E-002 ,
   3.51226106951330219E-001 ,
   9.67972101548552399E-001 ,
  -4.98236565457119349E-002 ,
   0.00000000000000000E+000 ,
   9.99755000092087620E-001 ,
   6.76737957510093024E-001 ,
  -4.51919259141767560E-002 ,
   0.00000000000000000E+000 ,
   1.00000005453623730E+000 ,
   1.34717441446398883E-001 ,
  -4.51656994130650719E-002 ,
   0.00000000000000000E+000 ,
   1.00000032333954447E+000 ,
   1.20933267838398625E-001 ,
  -4.49175622232715066E-002 ,
   0.00000000000000000E+000 ,
   9.99999248636892824E-001 ,
   2.61442184716251969E-001 ,
  -4.49861412539411740E-002 ,
   0.00000000000000000E+000 ,
   9.78045627592154410E-001 ,
   8.88160092079620100E-001 ,
  -4.52217682469879534E-002 ,
   0.00000000000000000E+000 ,
   4.01880752095540047E-007 ,
   9.91225002891406137E-001 ,
  -6.82868932339703305E-002 ,
   0.00000000000000000E+000 ,
   4.67467951521775652E-007 ,
   9.99521662747080319E-001 ,
  -8.80349995662098733E-002 ,
   1.56250000000000000E-002 ,
   3.81825672715646539E-007 ,
   9.99658072254588803E-001 ,
  -8.96295757487710759E-002 ,
   1.56250000000000000E-002 ,
   4.26887761466792350E-007 ,
   9.94689253529844164E-001 ,
  -7.37098083735021475E-002 ,
   0.00000000000000000E+000 ,
   5.95068947823719885E-001 ,
   9.48923602456595350E-001 ,
  -4.64653558884589174E-002 ,
   0.00000000000000000E+000 ,
   8.77238874564507998E-001 ,
   7.31342056965985199E-001 ,
  -4.50482577319315861E-002 ,
   0.00000000000000000E+000 ,
   9.97420157882325742E-001 ,
   2.55088098842044697E-001 ,
  -4.47011661567487187E-002 ,
   0.00000000000000000E+000 ,
   9.25117652701602289E-001 ,
   7.39145069864176052E-001 ,
  -4.47861922553295516E-002 ,
   0.00000000000000000E+000 ,
   5.22406467456319912E-001 ,
   9.48657956566632876E-001 ,
  -4.68386951787807052E-002 ,
   0.00000000000000000E+000 ,
   3.80864548863926243E-007 ,
   9.94631916506277136E-001 ,
  -7.32646034227398824E-002 ,
   0.00000000000000000E+000 ,
   4.00952857121908993E-007 ,
   9.99657124250327378E-001 ,
  -8.94731012093012701E-002 ,
   1.56250000000000000E-002 ,
   3.86967680775381668E-007 ,
   9.99834132230013495E-001 ,
  -9.46313545866001582E-002 ,
   1.56250000000000000E-002 ,
   3.63540021731057681E-007 ,
   9.99371180137996973E-001 ,
  -8.71387551452966064E-002 ,
   1.56250000000000000E-002 ,
   4.57512967399966087E-007 ,
   9.93836914936581661E-001 ,
  -7.35995101694179171E-002 ,
   0.00000000000000000E+000 ,
   3.54465084787279313E-003 ,
   9.66321040437165046E-001 ,
  -5.71253803094977364E-002 ,
   0.00000000000000000E+000 ,
   4.48216038536933314E-001 ,
   9.02725923503041372E-001 ,
  -4.81303357664712508E-002 ,
   0.00000000000000000E+000 ,
   3.50012369783128774E-001 ,
   9.37853173314676991E-001 ,
  -4.92100564140286259E-002 ,
   0.00000000000000000E+000 ,
   1.54090987738080746E-006 ,
   9.84458644361798640E-001 ,
  -6.55480529434933346E-002 ,
   0.00000000000000000E+000 ,
   4.00373735062271772E-007 ,
   9.97882093033413797E-001 ,
  -8.10506152837467547E-002 ,
   0.00000000000000000E+000 ,
   3.22007473825424820E-007 ,
   9.99833515679129703E-001 ,
  -9.14889230047481183E-002 ,
   0.00000000000000000E+000 ,
   4.14272101777353808E-007 ,
   9.99897679396314687E-001 ,
  -9.51512243102422134E-002 ,
   1.56250000000000000E-002 ,
   4.00963595832701814E-007 ,
   9.99672194393776858E-001 ,
  -8.99428164774138950E-002 ,
   0.00000000000000000E+000 ,
   3.34914235354125082E-007 ,
   9.97804007945713445E-001 ,
  -8.29664423120290567E-002 ,
   0.00000000000000000E+000 ,
   3.85980941238287406E-007 ,
   9.92072395135119134E-001 ,
  -7.74513625382854398E-002 ,
   0.00000000000000000E+000 ,
   4.21929595493136633E-007 ,
   9.88287716039201403E-001 ,
  -7.70721647471392934E-002 ,
   0.00000000000000000E+000 ,
   3.85684077537835656E-007 ,
   9.95474150140016834E-001 ,
  -7.96171587088311677E-002 ,
   0.00000000000000000E+000 ,
   4.26338530456691266E-007 ,
   9.99085945578347179E-001 ,
  -8.65407639655200733E-002 ,
   0.00000000000000000E+000 ,
   5.18067599298697015E-007 ,
   9.99897674678406068E-001 ,
  -9.28380047904893285E-002 ,
   0.00000000000000000E+000 ,
   3.50040573045140864E-007 ,
   9.99783031875037143E-001 ,
  -9.42834077158633543E-002 ,
   0.00000000000000000E+000 ,
   3.10975031987387071E-007 ,
   9.99664833874191472E-001 ,
  -9.28142688661817983E-002 ,
  -1.25000000000000007E-002 ,
   3.91841475522016768E-007 ,
   9.99387633558171951E-001 ,
  -9.08515405486414324E-002 ,
  -1.25000000000000007E-002 ,
   3.30059702965517937E-007 ,
   9.99518834614742113E-001 ,
  -9.01243808848852385E-002 ,
   0.00000000000000000E+000 ,
   3.92808685971410235E-007 ,
   9.99518433315491062E-001 ,
  -8.99983829246576300E-002 ,
   0.00000000000000000E+000 ,
   4.64710187732799252E-007 ,
   9.99537418193553240E-001 ,
  -9.08449946900994065E-002 ,
   0.00000000000000000E+000 ,
   2.86250974395663964E-007 ,
   9.99782367062416188E-001 ,
  -9.35456200747051270E-002 ,
