1
0
4
0
(15 0
((0,432) (23,463) (0,0))
((0,464) (23,495) (0,0))
((0,496) (23,527) (0,0))
((0,528) (23,559) (0,0))
((0,560) (23,591) (0,0))
((24,432) (55,463) (0,0))
((24,464) (55,495) (0,0))
((24,496) (55,527) (0,0))
((24,528) (55,559) (0,0))
((24,560) (55,591) (0,0))
((56,432) (87,463) (0,0))
((56,464) (87,495) (0,0))
((56,496) (87,527) (0,0))
((56,528) (87,559) (0,0))
((56,560) (87,591) (0,0))
)
15
FabOnDisk: Cell_D_00000 0
FabOnDisk: Cell_D_00000 24661
FabOnDisk: Cell_D_00000 49322
FabOnDisk: Cell_D_00000 73983
FabOnDisk: Cell_D_00000 98644
FabOnDisk: Cell_D_00000 123305
FabOnDisk: Cell_D_00000 156159
FabOnDisk: Cell_D_00000 189013
FabOnDisk: Cell_D_00000 221867
FabOnDisk: Cell_D_00000 254721
FabOnDisk: Cell_D_00000 287575
FabOnDisk: Cell_D_00000 320429
FabOnDisk: Cell_D_00000 353283
FabOnDisk: Cell_D_00000 386137
FabOnDisk: Cell_D_00000 418991

15,4
   0.00000000000000000E+000 ,
  -4.21521674203916210E-007 ,
   9.33454431507567017E-001 ,
  -9.85379098023636962E-002 ,
   0.00000000000000000E+000 ,
  -2.15905267798160591E-007 ,
   1.18537463191978956E-001 ,
  -8.83349417605553550E-002 ,
   2.12199579096527232E-308 ,
   9.37432321405405111E-001 ,
   1.19497693117082637E-001 ,
  -5.43092375526499430E-002 ,
   2.12199579096527232E-308 ,
  -4.57699997906920947E-007 ,
   1.19591815634675205E-001 ,
  -8.83621562835606444E-002 ,
   0.00000000000000000E+000 ,
  -3.73055602653640993E-007 ,
   9.33865857224360107E-001 ,
  -9.84421263074949371E-002 ,
  -1.25000000000000007E-002 ,
  -4.00836377414547686E-007 ,
   9.63514924161606001E-001 ,
  -9.94262757361617511E-002 ,
  -1.00000000000000006E-001 ,
  -4.02619101737523561E-007 ,
   1.27911781994474255E-001 ,
  -9.63028652101337590E-002 ,
  -1.25000000000000007E-002 ,
  -2.30264149531437326E-007 ,
   1.23013029358670048E-001 ,
  -8.64470331435722023E-002 ,
   0.00000000000000000E+000 ,
  -4.04761050974442455E-007 ,
   1.28966436532649081E-001 ,
  -9.63115824464763626E-002 ,
   0.00000000000000000E+000 ,
  -3.62728332299227574E-007 ,
   9.63533422998872235E-001 ,
  -9.93839514381451156E-002 ,
  -1.25000000000000007E-002 ,
  -4.56298064994808904E-007 ,
   9.98030615137949217E-001 ,
  -9.98783520879614611E-002 ,
  -1.25000000000000007E-002 ,
  -3.84316174525500333E-007 ,
   9.40819763029494549E-001 ,
  -9.93792909970796640E-002 ,
  -1.25000000000000007E-002 ,
  -4.07709655808734573E-007 ,
   8.98992248346065059E-001 ,
  -9.83859604909385621E-002 ,
   0.00000000000000000E+000 ,
  -4.37186756520408729E-007 ,
   9.40755693325442843E-001 ,
  -9.93751630266129227E-002 ,
   0.00000000000000000E+000 ,
  -4.67179249934476877E-007 ,
   9.98019958966565590E-001 ,
  -9.98685146568371179E-002 ,

15,4
   5.00000000000000000E-001 ,
   3.95766987210472684E-007 ,
   9.99860704077567441E-001 ,
  -8.61528436734964459E-002 ,
   2.12199579096527232E-308 ,
   9.82451186013316047E-001 ,
   9.55476744837994385E-001 ,
  -5.22803322918438118E-002 ,
   2.12199579096527232E-308 ,
   9.99948670941502749E-001 ,
   1.32791037659225175E-001 ,
  -5.31915312192799000E-002 ,
   2.12199579096527232E-308 ,
   9.81786803762936144E-001 ,
   9.55517913930316931E-001 ,
  -5.20536821155502330E-002 ,
   0.00000000000000000E+000 ,
   3.51407052128991995E-007 ,
   9.99861249705658706E-001 ,
  -8.62262608884094145E-002 ,
   5.00000000000000000E-001 ,
   3.93463719978620120E-007 ,
   9.99991527659888857E-001 ,
  -8.92884932520484481E-002 ,
   5.00000000000000000E-001 ,
   9.05222648264814578E-001 ,
   9.97402476407284855E-001 ,
  -5.32533278430820933E-002 ,
   2.12199579096527232E-308 ,
   9.97175815774319685E-001 ,
   9.26750011639398408E-001 ,
  -5.33917067611905660E-002 ,
   2.12199579096527232E-308 ,
   9.06524287051112765E-001 ,
   9.97392687616084128E-001 ,
  -5.30468597239755618E-002 ,
   1.00000000000000000E+000 ,
   3.48616802255940217E-007 ,
   9.99991263726015100E-001 ,
  -8.93095121948096204E-002 ,
   5.00000000000000000E-001 ,
   4.48582694283810925E-007 ,
   1.00000179048272031E+000 ,
  -9.66889316575809954E-002 ,
   5.00000000000000000E-001 ,
   3.92892559391885231E-007 ,
   9.99988749915751152E-001 ,
  -8.76420236421161236E-002 ,
   2.12199579096527232E-308 ,
   5.52772246224250425E-007 ,
   9.99793464405982935E-001 ,
  -8.38623684511651257E-002 ,
   1.00000000000000000E+000 ,
   4.10307602878937405E-007 ,
   9.99988794481119991E-001 ,
  -8.76597396455974093E-002 ,
   1.00000000000000000E+000 ,
   4.50844468591073025E-007 ,
   1.00000068107397411E+000 ,
  -9.66977129461461249E-002 ,
