1
0
4
0
(204 0
((0,192) (23,207) (0,0))
((0,208) (23,239) (0,0))
((0,240) (23,271) (0,0))
((0,272) (23,303) (0,0))
((0,304) (23,335) (0,0))
((0,336) (23,367) (0,0))
((0,368) (23,399) (0,0))
((0,400) (23,431) (0,0))
((0,432) (23,463) (0,0))
((0,464) (23,495) (0,0))
((0,528) (31,543) (0,0))
((0,544) (31,575) (0,0))
((0,576) (31,607) (0,0))
((0,608) (31,639) (0,0))
((0,640) (31,671) (0,0))
((0,672) (31,703) (0,0))
((0,704) (31,735) (0,0))
((0,736) (31,767) (0,0))
((0,768) (31,799) (0,0))
((0,800) (31,831) (0,0))
((24,192) (55,207) (0,0))
((24,208) (55,239) (0,0))
((24,240) (55,271) (0,0))
((24,272) (55,303) (0,0))
((24,304) (55,335) (0,0))
((24,336) (55,367) (0,0))
((24,368) (55,399) (0,0))
((24,400) (55,431) (0,0))
((24,432) (55,463) (0,0))
((24,464) (55,495) (0,0))
((32,528) (63,543) (0,0))
((32,544) (63,575) (0,0))
((32,576) (63,607) (0,0))
((32,608) (63,639) (0,0))
((32,640) (63,671) (0,0))
((32,672) (63,703) (0,0))
((32,704) (63,735) (0,0))
((32,736) (63,767) (0,0))
((32,768) (63,799) (0,0))
((32,800) (63,831) (0,0))
((48,496) (63,527) (0,0))
((56,200) (79,223) (0,0))
((56,224) (79,247) (0,0))
((56,248) (79,271) (0,0))
((56,272) (79,303) (0,0))
((56,304) (79,335) (0,0))
((56,336) (79,367) (0,0))
((56,368) (79,399) (0,0))
((56,400) (79,431) (0,0))
((56,432) (79,463) (0,0))
((56,464) (79,495) (0,0))
((64,496) (95,527) (0,0))
((64,528) (95,543) (0,0))
((64,544) (95,575) (0,0))
((64,576) (95,607) (0,0))
((64,608) (95,639) (0,0))
((64,640) (95,671) (0,0))
((64,672) (95,703) (0,0))
((64,704) (95,735) (0,0))
((64,736) (95,767) (0,0))
((64,768) (95,799) (0,0))
((64,800) (95,831) (0,0))
((80,208) (103,239) (0,0))
((80,240) (103,271) (0,0))
((80,272) (103,303) (0,0))
((80,304) (103,335) (0,0))
((80,336) (103,367) (0,0))
((80,368) (103,399) (0,0))
((80,400) (103,431) (0,0))
((80,432) (103,463) (0,0))
((80,464) (103,495) (0,0))
((96,496) (127,527) (0,0))
((96,528) (127,543) (0,0))
((96,544) (127,575) (0,0))
((96,576) (127,607) (0,0))
((96,608) (127,639) (0,0))
((96,640) (127,671) (0,0))
((96,672) (127,703) (0,0))
((96,704) (127,735) (0,0))
((96,736) (127,767) (0,0))
((96,768) (127,799) (0,0))
((96,800) (127,831) (0,0))
((104,216) (119,239) (0,0))
((104,240) (119,271) (0,0))
((104,272) (119,303) (0,0))
((104,304) (119,335) (0,0))
((104,336) (119,367) (0,0))
((104,368) (119,399) (0,0))
((104,400) (119,431) (0,0))
((104,432) (119,463) (0,0))
((104,464) (119,495) (0,0))
((120,216) (143,239) (0,0))
((120,240) (143,271) (0,0))
((120,272) (143,303) (0,0))
((120,304) (143,335) (0,0))
((120,336) (143,367) (0,0))
((120,368) (143,399) (0,0))
((120,400) (143,431) (0,0))
((120,432) (143,463) (0,0))
((120,464) (143,495) (0,0))
((128,496) (159,527) (0,0))
((128,528) (159,543) (0,0))
((128,544) (159,575) (0,0))
((128,576) (159,607) (0,0))
((128,608) (159,639) (0,0))
((128,640) (159,671) (0,0))
((128,672) (159,703) (0,0))
((128,704) (159,735) (0,0))
((128,736) (159,767) (0,0))
((128,768) (159,799) (0,0))
((128,800) (159,831) (0,0))
((144,232) (175,255) (0,0))
((144,256) (175,279) (0,0))
((144,280) (175,303) (0,0))
((144,304) (175,335) (0,0))
((144,336) (175,367) (0,0))
((144,368) (175,399) (0,0))
((144,400) (175,431) (0,0))
((144,432) (175,463) (0,0))
((144,464) (175,495) (0,0))
((160,496) (191,527) (0,0))
((160,528) (191,543) (0,0))
((160,544) (191,575) (0,0))
((160,576) (191,607) (0,0))
((160,608) (191,639) (0,0))
((160,640) (191,671) (0,0))
((160,672) (191,703) (0,0))
((160,704) (191,735) (0,0))
((160,736) (191,767) (0,0))
((160,768) (191,799) (0,0))
((160,800) (191,831) (0,0))
((176,248) (207,271) (0,0))
((176,272) (207,303) (0,0))
((176,304) (207,335) (0,0))
((176,336) (191,367) (0,0))
((176,368) (191,399) (0,0))
((176,400) (191,431) (0,0))
((176,432) (191,463) (0,0))
((176,464) (191,495) (0,0))
((192,336) (223,367) (0,0))
((192,368) (223,399) (0,0))
((192,400) (223,431) (0,0))
((192,432) (223,463) (0,0))
((192,464) (223,495) (0,0))
((192,496) (223,527) (0,0))
((192,528) (223,543) (0,0))
((192,544) (223,575) (0,0))
((192,576) (223,607) (0,0))
((192,608) (223,639) (0,0))
((192,640) (223,671) (0,0))
((192,672) (223,703) (0,0))
((192,704) (223,735) (0,0))
((192,736) (223,767) (0,0))
((192,768) (223,799) (0,0))
((192,800) (223,831) (0,0))
((208,248) (239,271) (0,0))
((208,272) (239,303) (0,0))
((208,304) (239,335) (0,0))
((224,336) (255,367) (0,0))
((224,368) (255,399) (0,0))
((224,400) (255,431) (0,0))
((224,432) (255,463) (0,0))
((224,464) (255,495) (0,0))
((224,496) (255,527) (0,0))
((224,528) (255,543) (0,0))
((224,544) (255,575) (0,0))
((224,576) (255,607) (0,0))
((224,608) (255,639) (0,0))
((224,640) (255,671) (0,0))
((224,672) (255,703) (0,0))
((224,704) (255,735) (0,0))
((224,736) (255,767) (0,0))
((224,768) (255,799) (0,0))
((224,800) (255,831) (0,0))
((240,248) (271,271) (0,0))
((240,272) (271,303) (0,0))
((240,304) (271,335) (0,0))
((256,336) (287,367) (0,0))
((256,368) (287,399) (0,0))
((256,400) (287,431) (0,0))
((256,432) (287,463) (0,0))
((256,464) (287,495) (0,0))
((256,496) (287,527) (0,0))
((256,528) (287,543) (0,0))
((256,544) (287,575) (0,0))
((256,576) (287,607) (0,0))
((256,608) (287,639) (0,0))
((256,640) (287,671) (0,0))
((256,672) (287,703) (0,0))
((256,704) (287,735) (0,0))
((256,736) (287,767) (0,0))
((256,768) (287,799) (0,0))
((256,800) (287,831) (0,0))
((288,336) (319,367) (0,0))
((288,368) (319,399) (0,0))
((288,400) (319,431) (0,0))
((288,432) (319,463) (0,0))
((288,464) (319,495) (0,0))
((288,496) (319,527) (0,0))
((288,528) (319,543) (0,0))
((288,544) (319,575) (0,0))
((288,576) (311,607) (0,0))
((288,608) (303,623) (0,0))
((288,624) (303,647) (0,0))
)
204
FabOnDisk: Cell_D_00000 0
FabOnDisk: Cell_D_00000 12373
FabOnDisk: Cell_D_00000 37034
FabOnDisk: Cell_D_00000 61695
FabOnDisk: Cell_D_00000 86356
FabOnDisk: Cell_D_00000 111017
FabOnDisk: Cell_D_00000 135678
FabOnDisk: Cell_D_00000 160339
FabOnDisk: Cell_D_00000 185000
FabOnDisk: Cell_D_00000 209661
FabOnDisk: Cell_D_00000 234322
FabOnDisk: Cell_D_00000 250791
FabOnDisk: Cell_D_00000 283644
FabOnDisk: Cell_D_00000 316497
FabOnDisk: Cell_D_00000 349350
FabOnDisk: Cell_D_00000 382203
FabOnDisk: Cell_D_00000 415056
FabOnDisk: Cell_D_00000 447909
FabOnDisk: Cell_D_00000 480762
FabOnDisk: Cell_D_00000 513615
FabOnDisk: Cell_D_00000 546468
FabOnDisk: Cell_D_00000 562938
FabOnDisk: Cell_D_00000 595792
FabOnDisk: Cell_D_00000 628646
FabOnDisk: Cell_D_00000 661500
FabOnDisk: Cell_D_00000 694354
FabOnDisk: Cell_D_00000 727208
FabOnDisk: Cell_D_00000 760062
FabOnDisk: Cell_D_00000 792916
FabOnDisk: Cell_D_00000 825770
FabOnDisk: Cell_D_00000 858624
FabOnDisk: Cell_D_00000 875094
FabOnDisk: Cell_D_00000 907948
FabOnDisk: Cell_D_00000 940802
FabOnDisk: Cell_D_00000 973656
FabOnDisk: Cell_D_00000 1006510
FabOnDisk: Cell_D_00000 1039364
FabOnDisk: Cell_D_00000 1072218
FabOnDisk: Cell_D_00000 1105072
FabOnDisk: Cell_D_00000 1137926
FabOnDisk: Cell_D_00000 1170780
FabOnDisk: Cell_D_00000 1187250
FabOnDisk: Cell_D_00000 1205768
FabOnDisk: Cell_D_00000 1224286
FabOnDisk: Cell_D_00000 1242804
FabOnDisk: Cell_D_00000 1267466
FabOnDisk: Cell_D_00000 1292128
FabOnDisk: Cell_D_00000 1316790
FabOnDisk: Cell_D_00000 1341452
FabOnDisk: Cell_D_00000 1366114
FabOnDisk: Cell_D_00000 1390776
FabOnDisk: Cell_D_00000 1415438
FabOnDisk: Cell_D_00000 1448292
FabOnDisk: Cell_D_00000 1464762
FabOnDisk: Cell_D_00000 1497616
FabOnDisk: Cell_D_00000 1530470
FabOnDisk: Cell_D_00000 1563324
FabOnDisk: Cell_D_00000 1596178
FabOnDisk: Cell_D_00000 1629032
FabOnDisk: Cell_D_00000 1661886
FabOnDisk: Cell_D_00000 1694740
FabOnDisk: Cell_D_00000 1727594
FabOnDisk: Cell_D_00000 1760448
FabOnDisk: Cell_D_00000 1785111
FabOnDisk: Cell_D_00000 1809774
FabOnDisk: Cell_D_00000 1834437
FabOnDisk: Cell_D_00000 1859100
FabOnDisk: Cell_D_00000 1883763
FabOnDisk: Cell_D_00000 1908426
FabOnDisk: Cell_D_00000 1933089
FabOnDisk: Cell_D_00000 1957752
FabOnDisk: Cell_D_00000 1982415
FabOnDisk: Cell_D_00000 2015270
FabOnDisk: Cell_D_00000 2031741
FabOnDisk: Cell_D_00000 2064596
FabOnDisk: Cell_D_00000 2097451
FabOnDisk: Cell_D_00000 2130306
FabOnDisk: Cell_D_00000 2163161
FabOnDisk: Cell_D_00000 2196016
FabOnDisk: Cell_D_00000 2228871
FabOnDisk: Cell_D_00000 2261726
FabOnDisk: Cell_D_00000 2294581
FabOnDisk: Cell_D_00000 2327436
FabOnDisk: Cell_D_00000 2339812
FabOnDisk: Cell_D_00000 2356284
FabOnDisk: Cell_D_00000 2372756
FabOnDisk: Cell_D_00000 2389228
FabOnDisk: Cell_D_00000 2405700
FabOnDisk: Cell_D_00000 2422172
FabOnDisk: Cell_D_00000 2438644
FabOnDisk: Cell_D_00000 2455116
FabOnDisk: Cell_D_00000 2471588
FabOnDisk: Cell_D_00000 2490108
FabOnDisk: Cell_D_00000 2514772
FabOnDisk: Cell_D_00000 2539436
FabOnDisk: Cell_D_00000 2564100
FabOnDisk: Cell_D_00000 2588764
FabOnDisk: Cell_D_00000 2613428
FabOnDisk: Cell_D_00000 2638092
FabOnDisk: Cell_D_00000 2662756
FabOnDisk: Cell_D_00000 2687420
FabOnDisk: Cell_D_00000 2720276
FabOnDisk: Cell_D_00000 2736748
FabOnDisk: Cell_D_00000 2769604
FabOnDisk: Cell_D_00000 2802460
FabOnDisk: Cell_D_00000 2835316
FabOnDisk: Cell_D_00000 2868172
FabOnDisk: Cell_D_00000 2901028
FabOnDisk: Cell_D_00000 2933884
FabOnDisk: Cell_D_00000 2966740
FabOnDisk: Cell_D_00000 2999596
FabOnDisk: Cell_D_00000 3032452
FabOnDisk: Cell_D_00000 3057116
FabOnDisk: Cell_D_00000 3081780
FabOnDisk: Cell_D_00000 3106444
FabOnDisk: Cell_D_00000 3139300
FabOnDisk: Cell_D_00000 3172156
FabOnDisk: Cell_D_00000 3205012
FabOnDisk: Cell_D_00000 3237868
FabOnDisk: Cell_D_00000 3270724
FabOnDisk: Cell_D_00000 3303580
FabOnDisk: Cell_D_00000 3336436
FabOnDisk: Cell_D_00000 3352908
FabOnDisk: Cell_D_00000 3385764
FabOnDisk: Cell_D_00000 3418620
FabOnDisk: Cell_D_00000 3451476
FabOnDisk: Cell_D_00000 3484332
FabOnDisk: Cell_D_00000 3517188
FabOnDisk: Cell_D_00000 3550044
FabOnDisk: Cell_D_00000 3582900
FabOnDisk: Cell_D_00000 3615756
FabOnDisk: Cell_D_00000 3648612
FabOnDisk: Cell_D_00000 3673276
FabOnDisk: Cell_D_00000 3706132
FabOnDisk: Cell_D_00000 3738988
FabOnDisk: Cell_D_00000 3755460
FabOnDisk: Cell_D_00000 3771932
FabOnDisk: Cell_D_00000 3788404
FabOnDisk: Cell_D_00000 3804876
FabOnDisk: Cell_D_00000 3821348
FabOnDisk: Cell_D_00000 3854204
FabOnDisk: Cell_D_00000 3887060
FabOnDisk: Cell_D_00000 3919916
FabOnDisk: Cell_D_00000 3952772
FabOnDisk: Cell_D_00000 3985628
FabOnDisk: Cell_D_00000 4018484
FabOnDisk: Cell_D_00000 4034956
FabOnDisk: Cell_D_00000 4067812
FabOnDisk: Cell_D_00000 4100668
FabOnDisk: Cell_D_00000 4133524
FabOnDisk: Cell_D_00000 4166380
FabOnDisk: Cell_D_00000 4199236
FabOnDisk: Cell_D_00000 4232092
FabOnDisk: Cell_D_00000 4264948
FabOnDisk: Cell_D_00000 4297804
FabOnDisk: Cell_D_00000 4330660
FabOnDisk: Cell_D_00000 4355324
FabOnDisk: Cell_D_00000 4388180
FabOnDisk: Cell_D_00000 4421036
FabOnDisk: Cell_D_00000 4453892
FabOnDisk: Cell_D_00000 4486748
FabOnDisk: Cell_D_00000 4519604
FabOnDisk: Cell_D_00000 4552460
FabOnDisk: Cell_D_00000 4585316
FabOnDisk: Cell_D_00000 4618172
FabOnDisk: Cell_D_00000 4634644
FabOnDisk: Cell_D_00000 4667500
FabOnDisk: Cell_D_00000 4700356
FabOnDisk: Cell_D_00000 4733212
FabOnDisk: Cell_D_00000 4766068
FabOnDisk: Cell_D_00000 4798924
FabOnDisk: Cell_D_00000 4831780
FabOnDisk: Cell_D_00000 4864636
FabOnDisk: Cell_D_00000 4897492
FabOnDisk: Cell_D_00000 4930348
FabOnDisk: Cell_D_00000 4955012
FabOnDisk: Cell_D_00000 4987868
FabOnDisk: Cell_D_00000 5020724
FabOnDisk: Cell_D_00000 5053580
FabOnDisk: Cell_D_00000 5086436
FabOnDisk: Cell_D_00000 5119292
FabOnDisk: Cell_D_00000 5152148
FabOnDisk: Cell_D_00000 5185004
FabOnDisk: Cell_D_00000 5217860
FabOnDisk: Cell_D_00000 5234332
FabOnDisk: Cell_D_00000 5267188
FabOnDisk: Cell_D_00000 5300044
FabOnDisk: Cell_D_00000 5332900
FabOnDisk: Cell_D_00000 5365756
FabOnDisk: Cell_D_00000 5398612
FabOnDisk: Cell_D_00000 5431468
FabOnDisk: Cell_D_00000 5464324
FabOnDisk: Cell_D_00000 5497180
FabOnDisk: Cell_D_00000 5530036
FabOnDisk: Cell_D_00000 5562892
FabOnDisk: Cell_D_00000 5595748
FabOnDisk: Cell_D_00000 5628604
FabOnDisk: Cell_D_00000 5661460
FabOnDisk: Cell_D_00000 5694316
FabOnDisk: Cell_D_00000 5727172
FabOnDisk: Cell_D_00000 5743644
FabOnDisk: Cell_D_00000 5776500
FabOnDisk: Cell_D_00000 5801164
FabOnDisk: Cell_D_00000 5809444

204,4
   0.00000000000000000E+000 ,
  -3.14910898344362443E-007 ,
   9.94719238823418950E-001 ,
  -9.34419669478468162E-002 ,
   0.00000000000000000E+000 ,
  -3.69645284362310267E-007 ,
   9.45730278761066190E-001 ,
  -9.08679454361038252E-002 ,
   0.00000000000000000E+000 ,
  -3.48693887558301226E-007 ,
   3.25779862534046005E-001 ,
  -8.10756241356008350E-002 ,
   0.00000000000000000E+000 ,
   3.04825460687685966E-005 ,
   1.23617771811389124E-001 ,
  -5.96285466668709865E-002 ,
   0.00000000000000000E+000 ,
   2.54855664408743687E-001 ,
   1.25720626549907760E-001 ,
  -4.39694848912806496E-002 ,
   0.00000000000000000E+000 ,
   5.20735455046041240E-001 ,
   1.46218223899881344E-001 ,
  -4.49168449222960356E-002 ,
   0.00000000000000000E+000 ,
   8.32005749064782307E-001 ,
   1.60974296321606924E-001 ,
  -4.56798545454897356E-002 ,
   0.00000000000000000E+000 ,
   3.52177671974352527E-002 ,
   1.65978157028389167E-001 ,
  -4.62075423101805521E-002 ,
   0.00000000000000000E+000 ,
   5.84277422689317288E-003 ,
   1.51478361563049280E-001 ,
  -4.64858742366240224E-002 ,
   0.00000000000000000E+000 ,
   4.31588631850125859E-001 ,
   1.45414717740994431E-001 ,
  -4.62505939083884474E-002 ,
   0.00000000000000000E+000 ,
   9.99979634684185936E-001 ,
   1.45495159255417311E-001 ,
  -4.62075880236375441E-002 ,
   0.00000000000000000E+000 ,
   7.97688520060260177E-003 ,
   1.48158765281886928E-001 ,
  -4.64392117191458481E-002 ,
   0.00000000000000000E+000 ,
   1.80068696226162684E-003 ,
   1.62790541287880591E-001 ,
  -4.63654111565639099E-002 ,
   0.00000000000000000E+000 ,
   5.15583403601966011E-003 ,
   1.65403967492846304E-001 ,
  -4.59023542357177572E-002 ,
   0.00000000000000000E+000 ,
   8.39366385089568984E-002 ,
   1.53500226153475000E-001 ,
  -4.54629597496969892E-002 ,
   0.00000000000000000E+000 ,
   2.61205758577695957E-001 ,
   1.32888363291945616E-001 ,
  -4.46385876723755584E-002 ,
   0.00000000000000000E+000 ,
   3.31994167357225062E-002 ,
   1.24667036496141220E-001 ,
  -5.00382272860053767E-002 ,
   0.00000000000000000E+000 ,
  -3.19709522125687204E-007 ,
   1.30225574589445142E-001 ,
  -7.37004026271760176E-002 ,
   0.00000000000000000E+000 ,
  -3.56307420376026358E-007 ,
   8.15333865317346973E-001 ,
  -8.71712520662758089E-002 ,
                        NaN ,
  -4.29619720675641225E-007 ,
   9.82957109130691897E-001 ,
  -9.34589022891895299E-002 ,
   0.00000000000000000E+000 ,
  -3.94327875205528341E-007 ,
   9.95343944029745908E-001 ,
  -9.40476687427032887E-002 ,
   0.00000000000000000E+000 ,
  -3.75267666443588086E-007 ,
   9.56532971943381716E-001 ,
  -9.18699362157018168E-002 ,
   0.00000000000000000E+000 ,
  -3.67626770373376305E-007 ,
   6.37222815275027776E-001 ,
  -8.44061199186824235E-002 ,
   0.00000000000000000E+000 ,
  -3.02736550855275691E-007 ,
   1.47826139879781882E-001 ,
  -7.12598456731161067E-002 ,
   0.00000000000000000E+000 ,
   1.17940532738812663E-007 ,
   1.41900201008610727E-001 ,
  -5.46476783894963361E-002 ,
   0.00000000000000000E+000 ,
   3.21815030497150467E-004 ,
   1.57353404412900744E-001 ,
  -4.50077023405895879E-002 ,
   0.00000000000000000E+000 ,
   3.46482429026713414E-004 ,
   1.66839193590362006E-001 ,
  -4.56855328874453404E-002 ,
   0.00000000000000000E+000 ,
   1.84001915718905542E-003 ,
   1.64396458051201400E-001 ,
  -4.61686831389017602E-002 ,
   0.00000000000000000E+000 ,
   1.98821308520193358E-003 ,
   1.53110877420040092E-001 ,
  -4.65166119232037142E-002 ,
   0.00000000000000000E+000 ,
   9.67112789451800792E-001 ,
   1.46114127184247738E-001 ,
  -4.62649530565501579E-002 ,
   0.00000000000000000E+000 ,
   9.83687048366159944E-001 ,
   1.46422695041777795E-001 ,
  -4.61471607620695390E-002 ,
   0.00000000000000000E+000 ,
   3.96973380656834574E-001 ,
   1.43200777247074001E-001 ,
  -4.62553479083118099E-002 ,
   0.00000000000000000E+000 ,
   2.88916169752357135E-003 ,
   1.54337132192152338E-001 ,
  -4.62609593214743237E-002 ,
   0.00000000000000000E+000 ,
   3.18513676054015416E-003 ,
   1.61241059152177402E-001 ,
  -4.58584462682485108E-002 ,
   0.00000000000000000E+000 ,
   4.91201521099566413E-004 ,
   1.70351263857106777E-001 ,
  -4.54057297297035672E-002 ,
   0.00000000000000000E+000 ,
   3.93373073938891105E-005 ,
   1.61871824656554281E-001 ,
  -4.99951142506288373E-002 ,
   0.00000000000000000E+000 ,
  -3.52315002132928476E-007 ,
   1.67579389069679702E-001 ,
  -6.57103988827114072E-002 ,
   0.00000000000000000E+000 ,
  -3.99572980672446468E-007 ,
   3.93015160555375165E-001 ,
  -7.99514783647559402E-002 ,
                        NaN ,
  -3.60469632797586168E-007 ,
   8.92803156563854117E-001 ,
  -8.92141128292845698E-002 ,
   0.00000000000000000E+000 ,
  -4.27696108126656905E-007 ,
   9.87085557838162320E-001 ,
  -9.42046258136596676E-002 ,
   0.00000000000000000E+000 ,
   9.99363838476683308E-001 ,
   1.46711570983974360E-001 ,
  -4.61312183447652735E-002 ,
   0.00000000000000000E+000 ,
  -3.42120159814441862E-007 ,
   9.91811102028372304E-001 ,
  -9.38587592156270439E-002 ,
   0.00000000000000000E+000 ,
  -3.45482525122172692E-007 ,
   9.64902973939330777E-001 ,
  -9.03643932666882838E-002 ,
   0.00000000000000000E+000 ,
  -4.38689176726940611E-007 ,
   8.74337201938520048E-001 ,
  -8.47657970757748347E-002 ,
   0.00000000000000000E+000 ,
  -3.28625202625961700E-007 ,
   5.61675352301111874E-001 ,
  -7.64498103749997465E-002 ,
   0.00000000000000000E+000 ,
  -1.73300482208977446E-008 ,
   1.47537819783111035E-001 ,
  -5.97299256737232956E-002 ,
   0.00000000000000000E+000 ,
   2.16666265289212935E-002 ,
   1.44766529614635653E-001 ,
  -4.49091916154115631E-002 ,
   0.00000000000000000E+000 ,
   2.60069469794160735E-001 ,
   1.56673964204532862E-001 ,
  -4.54630517214544005E-002 ,
   0.00000000000000000E+000 ,
   7.36260501907564202E-001 ,
   1.56833868711314856E-001 ,
  -4.59291485506322927E-002 ,
   0.00000000000000000E+000 ,
   2.50459425709235635E-002 ,
   1.49711003354329186E-001 ,
  -4.61229578667853718E-002 ,
   0.00000000000000000E+000 ,
   3.59039285375263306E-002 ,
   1.48209673971737038E-001 ,
  -4.63045577067450129E-002 ,
   0.00000000000000000E+000 ,
   9.46313523055418271E-001 ,
   1.48764743650663972E-001 ,
  -4.60995302810205121E-002 ,
   0.00000000000000000E+000 ,
   3.79154253339238703E-002 ,
   1.49475614038822147E-001 ,
  -4.60063187924772687E-002 ,
   0.00000000000000000E+000 ,
   8.46532639614266669E-002 ,
   1.42819314437072742E-001 ,
  -4.59392363521952049E-002 ,
   0.00000000000000000E+000 ,
   1.54907923973155170E-002 ,
   1.53790843760780949E-001 ,
  -4.56896512136303543E-002 ,
   0.00000000000000000E+000 ,
   1.62265275943003669E-002 ,
   1.53011969862616642E-001 ,
  -4.54229663103492692E-002 ,
   0.00000000000000000E+000 ,
   1.42438650634750877E-002 ,
   1.58586472471708068E-001 ,
  -4.50976438862282364E-002 ,
   0.00000000000000000E+000 ,
   1.05032059066604953E-004 ,
   1.53474590359477053E-001 ,
  -5.13517617232163229E-002 ,
   0.00000000000000000E+000 ,
  -3.40358373742867468E-007 ,
   4.11043534191134929E-001 ,
  -7.30153592324252615E-002 ,
   0.00000000000000000E+000 ,
  -4.24671849640170813E-007 ,
   8.03034881473815743E-001 ,
  -8.45602930970055094E-002 ,
   0.00000000000000000E+000 ,
  -4.02652777768079773E-007 ,
   9.56173639640429340E-001 ,
  -9.13443746803356271E-002 ,
   0.00000000000000000E+000 ,
  -4.78284673279835045E-007 ,
   9.93115763689369602E-001 ,
  -9.51770836388950298E-002 ,
   0.00000000000000000E+000 ,
  -4.21101448000488729E-007 ,
   9.87513920302740988E-001 ,
  -9.39238765943998799E-002 ,
   0.00000000000000000E+000 ,
  -4.96504641332449559E-007 ,
   9.30439765868774971E-001 ,
  -8.91213586721602419E-002 ,
   0.00000000000000000E+000 ,
  -3.71797766405280625E-007 ,
   6.74394203365420886E-001 ,
  -8.04635726425456110E-002 ,
   0.00000000000000000E+000 ,
  -2.05397334988928188E-007 ,
   1.47264701343570836E-001 ,
  -6.52798586507676304E-002 ,
   0.00000000000000000E+000 ,
   1.61425149216040051E-002 ,
   1.41540676723587555E-001 ,
  -4.49801533219636035E-002 ,
   0.00000000000000000E+000 ,
   1.70066223154522189E-002 ,
   1.57011563314746333E-001 ,
  -4.53561680193817346E-002 ,
   0.00000000000000000E+000 ,
   1.48041931562707466E-002 ,
   1.57032582679754451E-001 ,
  -4.59324983823402519E-002 ,
   0.00000000000000000E+000 ,
   1.50713001014036157E-002 ,
   1.62076453201621923E-001 ,
  -4.61613894164407609E-002 ,
   0.00000000000000000E+000 ,
   1.25654908583406767E-002 ,
   1.55969429653606356E-001 ,
  -4.63570176478464852E-002 ,
   0.00000000000000000E+000 ,
   3.64189174907585733E-001 ,
   1.38642851593389710E-001 ,
  -4.59873746009735115E-002 ,
   0.00000000000000000E+000 ,
   6.31687744509902505E-001 ,
   1.51346323638284569E-001 ,
  -4.56773489555875462E-002 ,
   0.00000000000000000E+000 ,
   2.14573315695698805E-002 ,
   1.52779468441412797E-001 ,
  -4.57575062323768711E-002 ,
   0.00000000000000000E+000 ,
   8.26902761428324382E-004 ,
   1.64909749488406171E-001 ,
  -4.58023020991359942E-002 ,
   0.00000000000000000E+000 ,
   2.86202678362649510E-001 ,
   1.42736015408566758E-001 ,
  -4.51478825492267685E-002 ,
   0.00000000000000000E+000 ,
   1.51650705573013449E-002 ,
   1.43679143730262693E-001 ,
  -4.50110813376167068E-002 ,
   0.00000000000000000E+000 ,
   1.49156400311373344E-009 ,
   1.48830516269614577E-001 ,
  -6.32174580031297922E-002 ,
   0.00000000000000000E+000 ,
  -3.40535238692664940E-007 ,
   4.20721071715095651E-001 ,
  -7.93624606314855263E-002 ,
   0.00000000000000000E+000 ,
  -4.87841834296877360E-007 ,
   8.99506405623542449E-001 ,
  -8.82821014626589823E-002 ,
  -1.00000000000000006E-001 ,
  -4.05004616570018183E-007 ,
   9.80336719435017656E-001 ,
  -9.32624673282886202E-002 ,
  -1.00000000000000006E-001 ,
  -3.94530259428110105E-007 ,
   9.96700501924401849E-001 ,
  -9.61439272956795543E-002 ,
   0.00000000000000000E+000 ,
  -4.08768630950417799E-007 ,
   9.92861743281369336E-001 ,
  -9.37606994886538425E-002 ,
  -4.18073654174804660E-002 ,
  -3.26195215619685442E-007 ,
   9.58522329884167967E-001 ,
  -9.04400959163122603E-002 ,
   0.00000000000000000E+000 ,
  -4.59392596950900289E-007 ,
   7.78305258826219593E-001 ,
  -8.29030105308229681E-002 ,
   0.00000000000000000E+000 ,
  -3.17353281590167410E-007 ,
   1.86092980598045771E-001 ,
  -6.95237301163291882E-002 ,
   0.00000000000000000E+000 ,
   3.75453056318342249E-003 ,
   1.67026462173080231E-001 ,
  -4.85127765849171985E-002 ,
   0.00000000000000000E+000 ,
   4.61425690909550226E-002 ,
   1.69084672694452709E-001 ,
  -4.53652286251615272E-002 ,
   0.00000000000000000E+000 ,
   1.50539307407641532E-002 ,
   1.66132881663098420E-001 ,
  -4.57737653503144451E-002 ,
   0.00000000000000000E+000 ,
   1.31375935104786040E-001 ,
   1.65985248893917831E-001 ,
  -4.59910436146700949E-002 ,
   0.00000000000000000E+000 ,
   1.08170098657459565E-002 ,
   1.55717319701410339E-001 ,
  -4.60763964996205311E-002 ,
  -4.18073654174804660E-002 ,
  -3.77039018801685640E-007 ,
   9.95172853008640890E-001 ,
  -9.48897262558594523E-002 ,
  -8.74999999999999944E-002 ,
  -4.42176023758799834E-007 ,
   9.71552623211326960E-001 ,
  -9.22529164695607140E-002 ,
  -8.74999999999999944E-002 ,
  -3.66724382922729692E-007 ,
   8.46287916874349899E-001 ,
  -8.63561463099661725E-002 ,
  -8.74999999999999944E-002 ,
  -3.02708313734719724E-007 ,
   3.18821032432662022E-001 ,
  -7.58325218874600221E-002 ,
   0.00000000000000000E+000 ,
   6.87778699959805395E-004 ,
   1.45246290638893411E-001 ,
  -5.59513574891020923E-002 ,
   0.00000000000000000E+000 ,
   1.82587310886403731E-002 ,
   1.66344765030258024E-001 ,
  -4.53195511869278686E-002 ,
   0.00000000000000000E+000 ,
   1.81641119839031188E-002 ,
   1.47200625436795213E-001 ,
  -4.55125652298958364E-002 ,
   0.00000000000000000E+000 ,
   4.97869723485209158E-003 ,
   1.57854899429239137E-001 ,
  -4.58319285835353876E-002 ,
   0.00000000000000000E+000 ,
   4.34753898133194774E-003 ,
   1.54798489598167138E-001 ,
  -4.58904332414484112E-002 ,
   0.00000000000000000E+000 ,
   2.66316839059682897E-002 ,
   1.38610848414506438E-001 ,
  -4.53602094068650957E-002 ,
   0.00000000000000000E+000 ,
   2.67032557190874757E-002 ,
   1.51643078852531865E-001 ,
  -4.54756788853799554E-002 ,
   0.00000000000000000E+000 ,
   2.45418463666005754E-002 ,
   1.64086150845403150E-001 ,
  -4.53949595822162738E-002 ,
   0.00000000000000000E+000 ,
   3.05167540364159248E-004 ,
   1.64447797173801508E-001 ,
  -4.53588397881795821E-002 ,
   0.00000000000000000E+000 ,
   1.55978481684942972E-003 ,
   1.42161065911774631E-001 ,
  -4.47625444933941949E-002 ,
   0.00000000000000000E+000 ,
   5.93002258226197622E-007 ,
   1.41471574666324568E-001 ,
  -5.98864848054491763E-002 ,
   0.00000000000000000E+000 ,
  -3.67485376735090316E-007 ,
   1.47790339302298679E-001 ,
  -7.47102337434388114E-002 ,
   0.00000000000000000E+000 ,
  -4.02123312714776376E-007 ,
   7.38543033563419105E-001 ,
  -8.51991842142895139E-002 ,
  -1.00000000000000006E-001 ,
  -3.81913099042665766E-007 ,
   9.50842447109934930E-001 ,
  -9.13806788785789109E-002 ,
  -1.00000000000000006E-001 ,
  -4.66279290231203025E-007 ,
   9.91024926310629550E-001 ,
  -9.49300027948065256E-002 ,
  -1.00000000000000006E-001 ,
  -4.99567452651887714E-007 ,
   9.98504661534196258E-001 ,
  -9.70607193592014361E-002 ,
  -6.18652343749999944E-002 ,
  -4.20624326429955340E-007 ,
   9.93795549051205374E-001 ,
  -9.50261971607430367E-002 ,
  -8.74999999999999944E-002 ,
  -4.19724225414087808E-007 ,
   9.77200028851905378E-001 ,
  -9.26402612432589978E-002 ,
  -8.74999999999999944E-002 ,
  -3.68824922277270680E-007 ,
   9.19307734433546742E-001 ,
  -8.89942930133162113E-002 ,
  -8.74999999999999944E-002 ,
  -4.66559847534104028E-007 ,
   5.50476712554577752E-001 ,
  -8.35559297364974474E-002 ,
  -8.74999999999999944E-002 ,
  -3.52639895745496146E-007 ,
   1.75168879295971497E-001 ,
  -7.23504464395386127E-002 ,
   0.00000000000000000E+000 ,
   3.39380607903534259E-003 ,
   1.58731091672654812E-001 ,
  -5.44601175829941553E-002 ,
   0.00000000000000000E+000 ,
   1.21825713087564246E-002 ,
   1.46631248253579705E-001 ,
  -4.60191708339602601E-002 ,
   0.00000000000000000E+000 ,
   1.31880754887370448E-003 ,
   1.55875545187314363E-001 ,
  -4.55048487863533441E-002 ,
   0.00000000000000000E+000 ,
   1.25642848476074389E-003 ,
   1.61105598599513150E-001 ,
  -4.55460567723655133E-002 ,
   0.00000000000000000E+000 ,
   2.09900347796210564E-002 ,
   1.64517331790465793E-001 ,
  -4.53351575166143841E-002 ,
   0.00000000000000000E+000 ,
   2.30159402925531990E-002 ,
   1.72384305517473024E-001 ,
  -4.52810101408954724E-002 ,
   0.00000000000000000E+000 ,
   2.00449941126608945E-002 ,
   1.38990114295036188E-001 ,
  -4.51872555847787558E-002 ,
   0.00000000000000000E+000 ,
   1.05809185630644344E-003 ,
   1.37900122793455315E-001 ,
  -5.16634575575127541E-002 ,
   0.00000000000000000E+000 ,
  -3.15737810548341221E-007 ,
   1.71739064825835119E-001 ,
  -6.51095529948590018E-002 ,
   0.00000000000000000E+000 ,
  -3.90728191824682085E-007 ,
   2.19242306754582672E-001 ,
  -7.54048792466764234E-002 ,
   0.00000000000000000E+000 ,
  -4.26031590218858551E-007 ,
   6.65031986742153580E-001 ,
  -8.38981130231374744E-002 ,
   0.00000000000000000E+000 ,
  -4.66176106347295121E-007 ,
   9.07567873504879441E-001 ,
  -9.00456880051546810E-002 ,
  -1.00000000000000006E-001 ,
  -3.86041562618656542E-007 ,
   9.80931104262417031E-001 ,
  -9.39584853257057762E-002 ,
  -1.00000000000000006E-001 ,
  -4.52003867782063584E-007 ,
   9.96429354381332177E-001 ,
  -9.63655421761712011E-002 ,
  -1.00000000000000006E-001 ,
  -4.42950167372822666E-007 ,
   9.99396486821266361E-001 ,
  -9.78581037101912687E-002 ,
  -6.18652343749999944E-002 ,
  -4.24559330341601019E-007 ,
   9.94729408438329021E-001 ,
  -9.55301850503367106E-002 ,
  -6.18652343749999944E-002 ,
  -3.82125029202181644E-007 ,
   9.73136985163682855E-001 ,
  -9.35211071637948588E-002 ,
  -8.74999999999999944E-002 ,
  -3.83304198414250283E-007 ,
   8.80416471404994017E-001 ,
  -8.93774567854242474E-002 ,
  -8.74999999999999944E-002 ,
  -3.68437503912460343E-007 ,
   5.08313679253926232E-001 ,
  -7.81607071466398906E-002 ,
   0.00000000000000000E+000 ,
  -4.26546359909111613E-008 ,
   2.27605181224034198E-001 ,
  -6.56493806130519636E-002 ,
   0.00000000000000000E+000 ,
   4.85710643970150603E-003 ,
   1.35118062443897818E-001 ,
  -5.12704473915955444E-002 ,
   0.00000000000000000E+000 ,
   2.94860607158613057E-003 ,
   1.48714043898297371E-001 ,
  -4.49527245616753723E-002 ,
   0.00000000000000000E+000 ,
   1.33125921666523955E-001 ,
   1.53522186600286964E-001 ,
  -4.50104144414804619E-002 ,
  -8.74999999999999944E-002 ,
  -3.15230878974906924E-007 ,
   7.79274434636520463E-001 ,
  -8.67752045836807512E-002 ,
  -8.74999999999999944E-002 ,
  -4.23739359657035634E-007 ,
   4.27100736995312480E-001 ,
  -8.00662058749470329E-002 ,
  -8.74999999999999944E-002 ,
  -2.66515551371619124E-007 ,
   1.39218887591958634E-001 ,
  -7.12883426629798422E-002 ,
   0.00000000000000000E+000 ,
  -2.02373788176462805E-007 ,
   1.48697692159602601E-001 ,
  -6.25645481892306149E-002 ,
   0.00000000000000000E+000 ,
   1.29501149167954538E-003 ,
   1.35204768241174611E-001 ,
  -5.41746648468510242E-002 ,
   0.00000000000000000E+000 ,
   1.20792042244661450E-003 ,
   1.55438948218204004E-001 ,
  -4.98545204588545302E-002 ,
   0.00000000000000000E+000 ,
   1.25149588351765428E-001 ,
   1.53121180880345265E-001 ,
  -4.85062065469347575E-002 ,
   0.00000000000000000E+000 ,
   7.41967494130660061E-005 ,
   1.36664791650321804E-001 ,
  -5.61353596413159336E-002 ,
   0.00000000000000000E+000 ,
  -2.81116042595850416E-007 ,
   1.36394218063200928E-001 ,
  -6.90019207948365521E-002 ,
  -1.25000000000000007E-002 ,
  -3.49992931166283067E-007 ,
   4.68656089734309722E-001 ,
  -7.83688298095534253E-002 ,
   0.00000000000000000E+000 ,
  -3.89874892020378548E-007 ,
   7.89052256546265096E-001 ,
  -8.49665590087789052E-002 ,
   0.00000000000000000E+000 ,
  -3.67900405373397050E-007 ,
   9.18029158819070878E-001 ,
  -8.99468700449834041E-002 ,
   0.00000000000000000E+000 ,
  -4.21249977834494066E-007 ,
   9.75282684965145141E-001 ,
  -9.35349318364944032E-002 ,
   0.00000000000000000E+000 ,
  -3.64706459522938350E-007 ,
   9.94151257182085746E-001 ,
  -9.59370080837260997E-002 ,
   0.00000000000000000E+000 ,
  -3.98952839775048948E-007 ,
   9.98825351680768359E-001 ,
  -9.75079024032613206E-002 ,
   0.00000000000000000E+000 ,
  -3.91717584222294096E-007 ,
   9.99792654496721944E-001 ,
  -9.85079077445572687E-002 ,
  -8.74999999999999944E-002 ,
  -4.62794200002962781E-007 ,
   9.98440073378187964E-001 ,
  -9.70179850256219778E-002 ,
  -8.74999999999999944E-002 ,
  -3.72076017498579618E-007 ,
   9.92645145565096754E-001 ,
  -9.57813511135916229E-002 ,
  -8.74999999999999944E-002 ,
  -4.41616929981989738E-007 ,
   9.70094958243876704E-001 ,
  -9.33587427693166189E-002 ,
  -8.74999999999999944E-002 ,
  -3.66821470035574627E-007 ,
   9.52760755262592518E-001 ,
  -9.21385202315013474E-002 ,
  -8.74999999999999944E-002 ,
  -3.59004121286271453E-007 ,
   8.65715417828816447E-001 ,
  -8.86494625343533654E-002 ,
  -8.74999999999999944E-002 ,
  -3.89703814606787424E-007 ,
   7.23576574861969135E-001 ,
  -8.44099899903567596E-002 ,
  -8.74999999999999944E-002 ,
  -3.94293919130784740E-007 ,
   5.11913772940635337E-001 ,
  -8.00268329572585008E-002 ,
  -3.28124999999999944E-002 ,
  -5.12262148064337942E-007 ,
   2.59752550323767373E-001 ,
  -7.60541786036492140E-002 ,
  -1.25000000000000007E-002 ,
  -3.25834761647594605E-007 ,
   2.00225596794362110E-001 ,
  -7.35974129676650463E-002 ,
  -1.25000000000000007E-002 ,
  -3.87421327340684123E-007 ,
   1.98135771873439032E-001 ,
  -7.42409660108135500E-002 ,
  -1.25000000000000007E-002 ,
  -5.90084787165536021E-007 ,
   3.37720738771975004E-001 ,
  -7.78931548031332049E-002 ,
   0.00000000000000000E+000 ,
  -3.57377809556883063E-007 ,
   5.65637370910837878E-001 ,
  -8.27736468218664978E-002 ,
  -1.25000000000000007E-002 ,
  -3.78934937771599986E-007 ,
   8.42278298278670956E-001 ,
  -8.73677178543894872E-002 ,
   0.00000000000000000E+000 ,
  -3.72299825257477071E-007 ,
   9.46358750366826262E-001 ,
  -9.10192816270780497E-002 ,
   0.00000000000000000E+000 ,
  -4.03655276567667895E-007 ,
   9.81223800822910053E-001 ,
  -9.38058846147378500E-002 ,
   0.00000000000000000E+000 ,
  -3.12751568080653592E-007 ,
   9.94195464344171609E-001 ,
  -9.58887766044792533E-002 ,
   0.00000000000000000E+000 ,
  -3.85392304555825169E-007 ,
   9.98508997468543158E-001 ,
  -9.73567908440163832E-002 ,
   0.00000000000000000E+000 ,
  -5.59371512321717504E-007 ,
   9.99677357827674973E-001 ,
  -9.83511914551057354E-002 ,
   0.00000000000000000E+000 ,
  -4.68731582392394058E-007 ,
   9.99939894232085624E-001 ,
  -9.89980020934290439E-002 ,
  -8.74999999999999944E-002 ,
  -4.08288707872964894E-007 ,
   9.99607009906591681E-001 ,
  -9.80878002964483270E-002 ,
  -8.74999999999999944E-002 ,
  -4.46923067425520808E-007 ,
   9.98258226919196856E-001 ,
  -9.73263749570752040E-002 ,
  -8.74999999999999944E-002 ,
  -4.43220686413173534E-007 ,
   9.93399733982432198E-001 ,
  -9.58900451915516705E-002 ,
  -8.74999999999999944E-002 ,
  -4.11821615314797439E-007 ,
   9.90945749918794805E-001 ,
  -9.53426247858136372E-002 ,
  -8.74999999999999944E-002 ,
  -4.10039735167207086E-007 ,
   9.77132782309748982E-001 ,
  -9.35579813881127903E-002 ,
  -8.74999999999999944E-002 ,
  -4.10848273361876865E-007 ,
   9.53949935206383492E-001 ,
  -9.15596555076522711E-002 ,
  -8.74999999999999944E-002 ,
  -4.67290100287091219E-007 ,
   9.20503485080356065E-001 ,
  -8.94754956523518274E-002 ,
  -3.28124999999999944E-002 ,
  -3.63646505784321518E-007 ,
   8.92721467595937845E-001 ,
  -8.76925166420389618E-002 ,
  -1.25000000000000007E-002 ,
  -3.60245495872783255E-007 ,
   8.88355705776589066E-001 ,
  -8.67229130515671104E-002 ,
  -1.25000000000000007E-002 ,
  -4.08510994033050910E-007 ,
   8.90634465649842277E-001 ,
  -8.71436633204546729E-002 ,
   0.00000000000000000E+000 ,
  -3.78089964700353835E-007 ,
   9.02755019446066398E-001 ,
  -8.86115197312214303E-002 ,
   0.00000000000000000E+000 ,
  -4.37231120483479198E-007 ,
   9.38447458119105571E-001 ,
  -9.06906269276158000E-002 ,
   0.00000000000000000E+000 ,
  -3.78312889797586766E-007 ,
   9.70782173938062876E-001 ,
  -9.27935829725359818E-002 ,
   0.00000000000000000E+000 ,
  -3.58262488467894441E-007 ,
   9.88836200451701397E-001 ,
  -9.46751698831072575E-002 ,
   0.00000000000000000E+000 ,
  -3.79884994751387729E-007 ,
   9.96108930018564265E-001 ,
  -9.62352537504898714E-002 ,
   0.00000000000000000E+000 ,
  -4.97334215989400667E-007 ,
   9.98779095431939878E-001 ,
  -9.74513450954728883E-002 ,
   0.00000000000000000E+000 ,
  -5.40184662675273493E-007 ,
   9.99670233552605536E-001 ,
  -9.83335773710664329E-002 ,
   0.00000000000000000E+000 ,
  -4.59123522017696175E-007 ,
   9.99924395043939152E-001 ,
  -9.89465620911222088E-002 ,
   0.00000000000000000E+000 ,
  -4.37478902969395603E-007 ,
   9.99985378440105377E-001 ,
  -9.93511703574846694E-002 ,
  -8.74999999999999944E-002 ,
  -3.79081719998399977E-007 ,
   9.98484302486152608E-001 ,
  -9.72790050175005444E-002 ,
  -8.74999999999999944E-002 ,
  -4.57007205133511887E-007 ,
   9.96414662138852436E-001 ,
  -9.63168694737498443E-002 ,
  -1.00000000000000006E-001 ,
  -3.81358112896883644E-007 ,
   9.93003914854586389E-001 ,
  -9.52962978603253130E-002 ,
  -1.00000000000000006E-001 ,
  -4.64923645942254589E-007 ,
   9.88660110955360216E-001 ,
  -9.42686042633186921E-002 ,
   0.00000000000000000E+000 ,
  -3.82812741836889690E-007 ,
   9.85448184719447839E-001 ,
  -9.34438121217707057E-002 ,
   0.00000000000000000E+000 ,
  -3.89842643755680293E-007 ,
   9.85047192837980479E-001 ,
  -9.30131762337279427E-002 ,
   0.00000000000000000E+000 ,
  -4.02906646085310785E-007 ,
   9.85644790485923350E-001 ,
  -9.31943774818525944E-002 ,
   0.00000000000000000E+000 ,
  -3.85861869734958411E-007 ,
   9.87069186899099948E-001 ,
  -9.38469932688774100E-002 ,
   0.00000000000000000E+000 ,
  -4.86287993795693613E-007 ,
   9.91320854538019880E-001 ,
  -9.39946333806214035E-002 ,
   0.00000000000000000E+000 ,
  -3.48685034921101498E-007 ,
   9.95440578266494458E-001 ,
  -9.37980525776649365E-002 ,
   0.00000000000000000E+000 ,
  -4.31957888448509742E-007 ,
   9.96957383994679369E-001 ,
  -9.49074089070687243E-002 ,

204,4
   0.00000000000000000E+000 ,
   2.62533951690562557E-007 ,
   9.98367259052321376E-001 ,
  -9.08231996340074094E-002 ,
   0.00000000000000000E+000 ,
   3.95902885100885622E-007 ,
   9.94955499197562987E-001 ,
  -8.05168845189214860E-002 ,
   0.00000000000000000E+000 ,
   1.00737178331133853E-001 ,
   9.52631120037562340E-001 ,
  -5.19793114572317458E-002 ,
   0.00000000000000000E+000 ,
   9.99484756221079684E-001 ,
   6.01061383690807305E-001 ,
  -4.28504447831623281E-002 ,
   0.00000000000000000E+000 ,
   9.99995650067963537E-001 ,
   1.55541128907564691E-001 ,
  -4.28475458391440536E-002 ,
   0.00000000000000000E+000 ,
   1.00000036602781939E+000 ,
   1.67344942137204605E-001 ,
  -4.38330762171554311E-002 ,
   0.00000000000000000E+000 ,
   1.00000033645066777E+000 ,
   1.71330242861182369E-001 ,
  -4.49160415249388392E-002 ,
   0.00000000000000000E+000 ,
   1.00000016292501215E+000 ,
   1.69453889524276674E-001 ,
  -4.56676402017847857E-002 ,
   0.00000000000000000E+000 ,
   9.99978237618447952E-001 ,
   1.67483680148663217E-001 ,
  -4.60729989272203877E-002 ,
   0.00000000000000000E+000 ,
   1.00000035503192186E+000 ,
   1.55392476741467611E-001 ,
  -4.60357612369656916E-002 ,
   0.00000000000000000E+000 ,
   1.00000031691122060E+000 ,
   1.49185982056563943E-001 ,
  -4.61197963576471942E-002 ,
   0.00000000000000000E+000 ,
   9.99999410609733852E-001 ,
   1.67081245958999064E-001 ,
  -4.59941206568744224E-002 ,
   0.00000000000000000E+000 ,
   9.99999472647249976E-001 ,
   1.69579946041030022E-001 ,
  -4.58759915715419020E-002 ,
   0.00000000000000000E+000 ,
   1.00000015071550163E+000 ,
   1.75058229154886058E-001 ,
  -4.52694222851086139E-002 ,
   0.00000000000000000E+000 ,
   1.00000024774695695E+000 ,
   1.75367972734612410E-001 ,
  -4.43870022025904254E-002 ,
   0.00000000000000000E+000 ,
   9.99998623096082229E-001 ,
   1.75035275871101570E-001 ,
  -4.34969907672990291E-002 ,
   0.00000000000000000E+000 ,
   9.99995520157121009E-001 ,
   3.43919425014359459E-001 ,
  -4.30189664038992600E-002 ,
   0.00000000000000000E+000 ,
   9.22461114637277646E-001 ,
   8.82740562821565766E-001 ,
  -4.31180503137663582E-002 ,
   0.00000000000000000E+000 ,
   4.13006899424895488E-007 ,
   9.85955612160362094E-001 ,
  -7.01411691776289148E-002 ,
                        NaN ,
   4.42920631083788457E-007 ,
   9.98462256436724926E-001 ,
  -8.66336905132181617E-002 ,
   0.00000000000000000E+000 ,
   3.73648497422871208E-007 ,
   9.98902176545310660E-001 ,
  -9.10863336119023120E-002 ,
   0.00000000000000000E+000 ,
   4.88387908670863888E-007 ,
   9.96823285174971763E-001 ,
  -8.16023882888055468E-002 ,
   0.00000000000000000E+000 ,
   7.24409387502361669E-006 ,
   9.76151037704163893E-001 ,
  -6.09882320182583010E-002 ,
   0.00000000000000000E+000 ,
   8.15343470465101250E-001 ,
   8.64344662521184914E-001 ,
  -4.28964126954064218E-002 ,
   0.00000000000000000E+000 ,
   9.96637352956283196E-001 ,
   5.40185547651325204E-001 ,
  -4.29064799412535169E-002 ,
   0.00000000000000000E+000 ,
   9.98757224093006268E-001 ,
   2.03736180756465129E-001 ,
  -4.40200233028694918E-002 ,
   0.00000000000000000E+000 ,
   9.97502802632844743E-001 ,
   1.76836587424216762E-001 ,
  -4.49039824929045248E-002 ,
   0.00000000000000000E+000 ,
   9.99968029457314667E-001 ,
   1.70988847240275160E-001 ,
  -4.54925471928907116E-002 ,
   0.00000000000000000E+000 ,
   9.99999568757468871E-001 ,
   1.67906195774317230E-001 ,
  -4.59432691589970119E-002 ,
   0.00000000000000000E+000 ,
   1.00000032143316764E+000 ,
   1.56123250894890681E-001 ,
  -4.60169101023418306E-002 ,
   0.00000000000000000E+000 ,
   1.00000034279426786E+000 ,
   1.50106576453803070E-001 ,
  -4.58364198039568835E-002 ,
   0.00000000000000000E+000 ,
   1.00000013641424634E+000 ,
   1.64843755393250746E-001 ,
  -4.53440548254338202E-002 ,
   0.00000000000000000E+000 ,
   9.99999700314667894E-001 ,
   1.69825810095552393E-001 ,
  -4.54533770703676315E-002 ,
   0.00000000000000000E+000 ,
   9.99997822615479648E-001 ,
   1.74909318798537411E-001 ,
  -4.50946718536032742E-002 ,
   0.00000000000000000E+000 ,
   9.99922289227269334E-001 ,
   1.81775553073432933E-001 ,
  -4.43467659345490248E-002 ,
   0.00000000000000000E+000 ,
   9.96502421268956384E-001 ,
   4.03203998850068024E-001 ,
  -4.38740103342068755E-002 ,
   0.00000000000000000E+000 ,
   7.74158232577946803E-001 ,
   7.89529721134066054E-001 ,
  -4.32723202520769665E-002 ,
   0.00000000000000000E+000 ,
   9.42079176962242956E-003 ,
   9.52502823558793232E-001 ,
  -5.15383852598501543E-002 ,
                        NaN ,
   4.18026979961369099E-007 ,
   9.92514637351598505E-001 ,
  -7.44790766721905445E-002 ,
   0.00000000000000000E+000 ,
   3.98466398009390105E-007 ,
   9.99035547658402634E-001 ,
  -8.75003930734601088E-002 ,
   0.00000000000000000E+000 ,
   1.00000032760901325E+000 ,
   1.49332556351631673E-001 ,
  -4.60135400510790910E-002 ,
   0.00000000000000000E+000 ,
   3.01696235423569211E-007 ,
   9.98806731713812845E-001 ,
  -8.90406046927774281E-002 ,
   0.00000000000000000E+000 ,
   3.24442902276743297E-007 ,
   9.94703518172654455E-001 ,
  -8.21794675300306088E-002 ,
   0.00000000000000000E+000 ,
   3.34438587053870057E-007 ,
   9.78801117526003961E-001 ,
  -7.20163427644059384E-002 ,
   0.00000000000000000E+000 ,
   3.98940752930217008E-007 ,
   9.25263469587026322E-001 ,
  -5.54288018661748538E-002 ,
   0.00000000000000000E+000 ,
   9.84911357711948821E-001 ,
   6.54439209215232576E-001 ,
  -4.32205518753169121E-002 ,
   0.00000000000000000E+000 ,
   9.99993723657422673E-001 ,
   2.01677009215004172E-001 ,
  -4.32645460636662677E-002 ,
   0.00000000000000000E+000 ,
   9.99989156887597819E-001 ,
   1.74413817251917291E-001 ,
  -4.48201785225410682E-002 ,
   0.00000000000000000E+000 ,
   9.99999513224118619E-001 ,
   1.68091761468841416E-001 ,
  -4.49540285482335558E-002 ,
   0.00000000000000000E+000 ,
   9.99992314284303130E-001 ,
   1.67916391674873461E-001 ,
  -4.56219235571855009E-002 ,
   0.00000000000000000E+000 ,
   9.99995773220541340E-001 ,
   1.63600873929925755E-001 ,
  -4.58880342409026948E-002 ,
   0.00000000000000000E+000 ,
   1.00000018802638402E+000 ,
   1.59401355365019592E-001 ,
  -4.56966985276554688E-002 ,
   0.00000000000000000E+000 ,
   9.99966604376512413E-001 ,
   1.53745919918506030E-001 ,
  -4.55537028899926227E-002 ,
   0.00000000000000000E+000 ,
   9.99926681063023293E-001 ,
   1.69221669990362839E-001 ,
  -4.52797408612537131E-002 ,
   0.00000000000000000E+000 ,
   9.99999791676274175E-001 ,
   1.70195287167797665E-001 ,
  -4.51736149580676746E-002 ,
   0.00000000000000000E+000 ,
   9.99997399618493210E-001 ,
   1.73694855275800336E-001 ,
  -4.47113644085537568E-002 ,
   0.00000000000000000E+000 ,
   9.99987359504650786E-001 ,
   1.76866743772725959E-001 ,
  -4.40385990592645910E-002 ,
   0.00000000000000000E+000 ,
   9.97723061431917024E-001 ,
   4.33172452729260138E-001 ,
  -4.34441741493772002E-002 ,
   0.00000000000000000E+000 ,
   1.11304346622725162E-002 ,
   8.92326049185544590E-001 ,
  -5.05955160797268849E-002 ,
   0.00000000000000000E+000 ,
   3.84800395241484496E-007 ,
   9.78771681705688068E-001 ,
  -6.64883564921658343E-002 ,
   0.00000000000000000E+000 ,
   4.12001030030701094E-007 ,
   9.96418164719294230E-001 ,
  -8.04748168141156267E-002 ,
   0.00000000000000000E+000 ,
   4.03220931129710730E-007 ,
   9.99491212526045225E-001 ,
  -8.94853476003346499E-002 ,
   0.00000000000000000E+000 ,
   3.76691675876506102E-007 ,
   9.98833175081086377E-001 ,
  -8.72541823045649284E-002 ,
   0.00000000000000000E+000 ,
   4.01967903775910246E-007 ,
   9.92262052666032957E-001 ,
  -7.70415750106420022E-002 ,
   0.00000000000000000E+000 ,
   3.81135740978413252E-007 ,
   9.55272670350906461E-001 ,
  -6.05982231966969084E-002 ,
   0.00000000000000000E+000 ,
   9.33510872928701052E-001 ,
   7.61665538163227240E-001 ,
  -4.31620687701374378E-002 ,
   0.00000000000000000E+000 ,
   9.99952956135747306E-001 ,
   1.82007572087628189E-001 ,
  -4.31338346673744294E-002 ,
   0.00000000000000000E+000 ,
   9.98875248968619123E-001 ,
   1.75564572279173686E-001 ,
  -4.48462719185062364E-002 ,
   0.00000000000000000E+000 ,
   9.99880912363537266E-001 ,
   1.71574794023691302E-001 ,
  -4.49199678334435554E-002 ,
   0.00000000000000000E+000 ,
   9.99910451215970775E-001 ,
   1.69614387706691183E-001 ,
  -4.57610617432359090E-002 ,
   0.00000000000000000E+000 ,
   9.99850211473684136E-001 ,
   1.68193530015652237E-001 ,
  -4.58616687743681542E-002 ,
   0.00000000000000000E+000 ,
   1.00000014297899109E+000 ,
   1.59275516746310741E-001 ,
  -4.44741867818130646E-002 ,
   0.00000000000000000E+000 ,
   9.99992088513060651E-001 ,
   1.63160292755665903E-001 ,
  -4.50512165961620553E-002 ,
   0.00000000000000000E+000 ,
   9.99289007653129446E-001 ,
   1.82756639756327943E-001 ,
  -4.53200757451742570E-002 ,
   0.00000000000000000E+000 ,
   9.99963867257996242E-001 ,
   1.86890111584480906E-001 ,
  -4.47226189793855436E-002 ,
   0.00000000000000000E+000 ,
   9.99999068695139326E-001 ,
   1.73426790232112021E-001 ,
  -4.36153447358525875E-002 ,
   0.00000000000000000E+000 ,
   9.99838397162857495E-001 ,
   1.84660024914065579E-001 ,
  -4.35859269949831901E-002 ,
   0.00000000000000000E+000 ,
   9.83237526672006479E-001 ,
   7.17734806660722091E-001 ,
  -4.36531584246507218E-002 ,
   0.00000000000000000E+000 ,
   9.86955958858195918E-003 ,
   9.46848608666437053E-001 ,
  -5.22246290092126947E-002 ,
   0.00000000000000000E+000 ,
   3.90473259126358779E-007 ,
   9.90274730167349682E-001 ,
  -7.36733163429648258E-002 ,
   0.00000000000000000E+000 ,
   3.63095155531135202E-007 ,
   9.98373695693605900E-001 ,
  -8.49585048972217871E-002 ,
   0.00000000000000000E+000 ,
   4.01789422879379568E-007 ,
   9.99760704627381869E-001 ,
  -9.15625682451209205E-002 ,
   0.00000000000000000E+000 ,
   4.23424425104574979E-007 ,
   9.98709729091695864E-001 ,
  -8.94058905614419364E-002 ,
   0.00000000000000000E+000 ,
   4.87211516264934568E-007 ,
   9.94759063092163331E-001 ,
  -8.09686851425148596E-002 ,
   0.00000000000000000E+000 ,
   3.54534798270617683E-007 ,
   9.69223660379977092E-001 ,
  -6.61633765900548620E-002 ,
   0.00000000000000000E+000 ,
   7.02127364468581150E-001 ,
   8.34188864441058553E-001 ,
  -4.43322764072231063E-002 ,
   0.00000000000000000E+000 ,
   9.99431092569452506E-001 ,
   3.02275487912856355E-001 ,
  -4.43496863378038050E-002 ,
   0.00000000000000000E+000 ,
   9.99814620488833627E-001 ,
   1.75252400461505503E-001 ,
  -4.47980287579756650E-002 ,
   0.00000000000000000E+000 ,
   9.99790539251418253E-001 ,
   1.72844580304372941E-001 ,
  -4.53370899574257399E-002 ,
   0.00000000000000000E+000 ,
   9.99995669216118488E-001 ,
   1.69205057664595010E-001 ,
  -4.55385429333600711E-002 ,
   0.00000000000000000E+000 ,
   9.99978577855579753E-001 ,
   1.69406132138620852E-001 ,
  -4.54502454365977790E-002 ,
   0.00000000000000000E+000 ,
   3.67849571561196313E-007 ,
   9.99315456024285953E-001 ,
  -9.06927904591040140E-002 ,
   0.00000000000000000E+000 ,
   4.22391572633877580E-007 ,
   9.97242540746739015E-001 ,
  -8.33605720919900206E-002 ,
   0.00000000000000000E+000 ,
   4.07965712805522591E-007 ,
   9.83860927854133482E-001 ,
  -7.03373214270603675E-002 ,
   0.00000000000000000E+000 ,
   6.83897887418242478E-002 ,
   9.12399853515565629E-001 ,
  -4.92427358504975987E-002 ,
   0.00000000000000000E+000 ,
   9.99860660164767490E-001 ,
   5.06465972650996799E-001 ,
  -4.36744691566215773E-002 ,
   0.00000000000000000E+000 ,
   9.99860237860657253E-001 ,
   1.86327045844027234E-001 ,
  -4.46898181586547483E-002 ,
   0.00000000000000000E+000 ,
   9.99996336332734104E-001 ,
   1.73025407311785867E-001 ,
  -4.45329678814261401E-002 ,
   0.00000000000000000E+000 ,
   9.99999114425395352E-001 ,
   1.72083809411347266E-001 ,
  -4.50264363185222394E-002 ,
   0.00000000000000000E+000 ,
   9.99987971795389563E-001 ,
   1.73886213987454463E-001 ,
  -4.51957091141817618E-002 ,
   0.00000000000000000E+000 ,
   9.99766867592905228E-001 ,
   1.72080438386014611E-001 ,
  -4.44137312549483590E-002 ,
   0.00000000000000000E+000 ,
   9.90444735864526971E-001 ,
   1.73240457330981312E-001 ,
  -4.50019948923949115E-002 ,
   0.00000000000000000E+000 ,
   9.99998706207374966E-001 ,
   1.78777260771614488E-001 ,
  -4.44594862589531153E-002 ,
   0.00000000000000000E+000 ,
   9.99964535537350541E-001 ,
   2.10610989730668524E-001 ,
  -4.42273987334265012E-002 ,
   0.00000000000000000E+000 ,
   9.99911539493642310E-001 ,
   2.15017448640229397E-001 ,
  -4.29931740502065771E-002 ,
   0.00000000000000000E+000 ,
   9.85667519984849916E-001 ,
   6.39219498017816079E-001 ,
  -4.31776913424647205E-002 ,
   0.00000000000000000E+000 ,
   9.39431613119237729E-001 ,
   8.99287768900590700E-001 ,
  -4.34112154636722147E-002 ,
   0.00000000000000000E+000 ,
   4.00437099118127601E-007 ,
   9.79253602028926307E-001 ,
  -6.42448899246653854E-002 ,
   0.00000000000000000E+000 ,
   3.47981148910687690E-007 ,
   9.96110963769159419E-001 ,
  -7.99279349368739733E-002 ,
   0.00000000000000000E+000 ,
   3.54989239646686332E-007 ,
   9.99340885898819753E-001 ,
  -8.85962800214896012E-002 ,
   0.00000000000000000E+000 ,
   4.28438882273308638E-007 ,
   9.99900849895721033E-001 ,
  -9.34319388375851878E-002 ,
   0.00000000000000000E+000 ,
   3.55806541308159063E-007 ,
   9.99349885654211123E-001 ,
  -8.99980009151284399E-002 ,
   0.00000000000000000E+000 ,
   6.03791377778245191E-007 ,
   9.97546101970018362E-001 ,
  -8.46870020218500330E-002 ,
   0.00000000000000000E+000 ,
   3.61404805153728122E-007 ,
   9.91272346807472782E-001 ,
  -7.65236007424872772E-002 ,
   0.00000000000000000E+000 ,
   1.64162196305559866E-004 ,
   9.70690396387029253E-001 ,
  -5.74118495984244567E-002 ,
   0.00000000000000000E+000 ,
   7.52695655202163527E-001 ,
   8.69801034880043900E-001 ,
  -4.42469491411705343E-002 ,
   0.00000000000000000E+000 ,
   9.98745895636128034E-001 ,
   4.57736836373284328E-001 ,
  -4.43250348548445763E-002 ,
   0.00000000000000000E+000 ,
   9.99987296734857090E-001 ,
   2.27009477294933759E-001 ,
  -4.41884742079963755E-002 ,
   0.00000000000000000E+000 ,
   9.99988276833107759E-001 ,
   1.78618043848682184E-001 ,
  -4.43706577107269504E-002 ,
   0.00000000000000000E+000 ,
   9.99987493836725916E-001 ,
   1.76927340484016510E-001 ,
  -4.48889179438938038E-002 ,
   0.00000000000000000E+000 ,
   9.98904124631788681E-001 ,
   1.75875511245401323E-001 ,
  -4.46780294450147761E-002 ,
   0.00000000000000000E+000 ,
   9.99204152452856431E-001 ,
   1.76849032281228363E-001 ,
  -4.48762627095991920E-002 ,
   0.00000000000000000E+000 ,
   9.99998653410393068E-001 ,
   1.77938047342648176E-001 ,
  -4.33835305955583214E-002 ,
   0.00000000000000000E+000 ,
   9.99978594513755814E-001 ,
   4.34047067093022487E-001 ,
  -4.30489773174203422E-002 ,
   0.00000000000000000E+000 ,
   8.06016059508317340E-001 ,
   7.74311949084049211E-001 ,
  -4.32670498993767347E-002 ,
   0.00000000000000000E+000 ,
   4.38802782819970094E-001 ,
   9.11399279214366476E-001 ,
  -4.48212230215475071E-002 ,
   0.00000000000000000E+000 ,
   3.24789179284767737E-007 ,
   9.73089480161894227E-001 ,
  -6.09578326317215466E-002 ,
   0.00000000000000000E+000 ,
   4.09239934980410463E-007 ,
   9.93613788281692334E-001 ,
  -7.54469272971348970E-002 ,
   0.00000000000000000E+000 ,
   3.88191334236428448E-007 ,
   9.98713437433875195E-001 ,
  -8.56103212760085941E-002 ,
   0.00000000000000000E+000 ,
   4.12139045881374376E-007 ,
   9.99772610236124404E-001 ,
  -9.16088459604342958E-002 ,
   0.00000000000000000E+000 ,
   4.25108723939475899E-007 ,
   9.99964853823646083E-001 ,
  -9.50613487547305597E-002 ,
   0.00000000000000000E+000 ,
   3.36132632166434720E-007 ,
   9.99509044118744194E-001 ,
  -9.06652494724631552E-002 ,
   0.00000000000000000E+000 ,
   3.54951000862526940E-007 ,
   9.98291354433342604E-001 ,
  -8.40414940036736668E-002 ,
   0.00000000000000000E+000 ,
   4.50534030707477605E-007 ,
   9.91961705420651763E-001 ,
  -7.31741525436864770E-002 ,
   0.00000000000000000E+000 ,
   7.54453778875895727E-004 ,
   9.33823844548492876E-001 ,
  -5.60109194931376481E-002 ,
   0.00000000000000000E+000 ,
   4.05159208123089032E-001 ,
   7.59615035761788904E-001 ,
  -4.60647592527986954E-002 ,
   0.00000000000000000E+000 ,
   9.99897834430986343E-001 ,
   3.88673136737543834E-001 ,
  -4.31801067893491514E-002 ,
   0.00000000000000000E+000 ,
   9.99891081136272009E-001 ,
   2.00567278477655375E-001 ,
  -4.37569339185418446E-002 ,
   0.00000000000000000E+000 ,
   9.99993036526428680E-001 ,
   1.77557676275854975E-001 ,
  -4.42636976766334761E-002 ,
   0.00000000000000000E+000 ,
   3.64694795465838311E-007 ,
   9.84416851368053680E-001 ,
  -6.66775483799279256E-002 ,
   0.00000000000000000E+000 ,
   1.41498601856287240E-003 ,
   9.48629306836797914E-001 ,
  -5.24516549657879569E-002 ,
   0.00000000000000000E+000 ,
   9.75575279678589702E-001 ,
   8.53967356093864427E-001 ,
  -4.31802747991386210E-002 ,
   0.00000000000000000E+000 ,
   9.77910738269084145E-001 ,
   7.04066373012618874E-001 ,
  -4.35711035792434656E-002 ,
   0.00000000000000000E+000 ,
   9.99819952340479379E-001 ,
   4.72193666066089035E-001 ,
  -4.32795287287146627E-002 ,
   0.00000000000000000E+000 ,
   9.98901222417178491E-001 ,
   3.46032753473514532E-001 ,
  -4.40442818752113663E-002 ,
   0.00000000000000000E+000 ,
   9.99394952601374675E-001 ,
   2.89581180947787731E-001 ,
  -4.41429475570328939E-002 ,
   0.00000000000000000E+000 ,
   9.99120848390673943E-001 ,
   5.26873275315472678E-001 ,
  -4.30766480308599278E-002 ,
   0.00000000000000000E+000 ,
   9.74209247019532376E-001 ,
   8.28712801303523872E-001 ,
  -4.29345255589718630E-002 ,
   0.00000000000000000E+000 ,
   2.94810849512960904E-004 ,
   9.42011421901989832E-001 ,
  -5.27579222672239848E-002 ,
   0.00000000000000000E+000 ,
   4.07789869521668615E-007 ,
   9.79631915008213339E-001 ,
  -6.59561489847637489E-002 ,
   0.00000000000000000E+000 ,
   4.05671304903183050E-007 ,
   9.93670756455762416E-001 ,
  -7.60737178089285343E-002 ,
   0.00000000000000000E+000 ,
   4.48505728878451251E-007 ,
   9.98367943452033835E-001 ,
  -8.43602628457080783E-002 ,
   0.00000000000000000E+000 ,
   4.09678790674512246E-007 ,
   9.99645864013201435E-001 ,
  -9.03294010405452930E-002 ,
   0.00000000000000000E+000 ,
   4.19858269416761197E-007 ,
   9.99933810049127403E-001 ,
  -9.41233022998927554E-002 ,
   0.00000000000000000E+000 ,
   4.72731479375734488E-007 ,
   9.99989287806974603E-001 ,
  -9.64635426633755622E-002 ,
   0.00000000000000000E+000 ,
   3.26965420128209585E-007 ,
   9.99870994427333737E-001 ,
  -9.37017354631975302E-002 ,
   0.00000000000000000E+000 ,
   4.52603032174367135E-007 ,
   9.99568198752954995E-001 ,
  -8.96852165155585940E-002 ,
  -1.54663085937499986E-002 ,
   3.91851301122091871E-007 ,
   9.98091644594847338E-001 ,
  -8.34468076121566288E-002 ,
   1.00000000000000000E+000 ,
   4.25046957606909255E-007 ,
   9.96780724512534855E-001 ,
  -8.06482871473659102E-002 ,
   1.00000000000000000E+000 ,
   3.41047640597658734E-007 ,
   9.90132374961913864E-001 ,
  -7.21321991450572103E-002 ,
   0.00000000000000000E+000 ,
   3.77949292544700728E-007 ,
   9.75178528540471601E-001 ,
  -6.35004616896251567E-002 ,
   0.00000000000000000E+000 ,
   3.47265925720364435E-004 ,
   9.50313422484928561E-001 ,
  -5.54366366147670403E-002 ,
   0.00000000000000000E+000 ,
   2.69477343969550864E-001 ,
   9.14422076916859949E-001 ,
  -4.77047845592355052E-002 ,
   0.00000000000000000E+000 ,
   5.79585878746194272E-001 ,
   8.85509988380866586E-001 ,
  -4.53453201441872539E-002 ,
   0.00000000000000000E+000 ,
   5.85344973406851987E-001 ,
   8.95364624406095655E-001 ,
  -4.51303715470313116E-002 ,
   0.00000000000000000E+000 ,
   4.17422318745214183E-002 ,
   9.33418079055054695E-001 ,
  -5.00120787648082737E-002 ,
   0.00000000000000000E+000 ,
   1.34005127333567493E-004 ,
   9.68226725499934271E-001 ,
  -5.74604260616358373E-002 ,
   0.00000000000000000E+000 ,
   4.17782903712030687E-007 ,
   9.87859023651948553E-001 ,
  -6.98720277952481761E-002 ,
   0.00000000000000000E+000 ,
   3.81278120988008657E-007 ,
   9.95762562289147612E-001 ,
  -7.89416439012903537E-002 ,
   0.00000000000000000E+000 ,
   3.54867693000692605E-007 ,
   9.98665941472006269E-001 ,
  -8.53743862871391285E-002 ,
   0.00000000000000000E+000 ,
   4.01288378043629457E-007 ,
   9.99638376810649487E-001 ,
  -9.02254560847686599E-002 ,
   0.00000000000000000E+000 ,
   6.05634454130774702E-007 ,
   9.99916810253108967E-001 ,
  -9.37122853008246631E-002 ,
   0.00000000000000000E+000 ,
   5.04314706161598182E-007 ,
   9.99983753476288428E-001 ,
  -9.60484514416855562E-002 ,
   0.00000000000000000E+000 ,
   4.29739186847436129E-007 ,
   9.99998388243695135E-001 ,
  -9.75761887213543594E-002 ,
   0.00000000000000000E+000 ,
   3.98312606181049853E-007 ,
   9.99971196459692457E-001 ,
  -9.58980126122154219E-002 ,
   0.00000000000000000E+000 ,
   4.30867552165524591E-007 ,
   9.99906681483908932E-001 ,
  -9.35463720777124225E-002 ,
   1.00000000000000000E+000 ,
   4.85312288365698148E-007 ,
   9.99609054474532299E-001 ,
  -9.00849922067772924E-002 ,
   1.00000000000000000E+000 ,
   4.08503512800845901E-007 ,
   9.99422937116990928E-001 ,
  -8.89735066471739056E-002 ,
   1.00000000000000000E+000 ,
   4.18026330024275984E-007 ,
   9.98345644264757581E-001 ,
  -8.48473916582997145E-002 ,
   0.00000000000000000E+000 ,
   4.82064308169044827E-007 ,
   9.96104565128963615E-001 ,
  -8.05545218930224932E-002 ,
   0.00000000000000000E+000 ,
   4.30081952479827949E-007 ,
   9.92433362244328543E-001 ,
  -7.66596931517915248E-002 ,
   0.00000000000000000E+000 ,
   3.58357784071628914E-007 ,
   9.87791073051824120E-001 ,
  -7.41992716193803636E-002 ,
   0.00000000000000000E+000 ,
   3.89253070112129785E-007 ,
   9.84634075957328547E-001 ,
  -7.36803486843465166E-002 ,
   0.00000000000000000E+000 ,
   3.72475701919071492E-007 ,
   9.86106131387367246E-001 ,
  -7.40419340747170279E-002 ,
   0.00000000000000000E+000 ,
   4.59637524576927240E-007 ,
   9.90614561780333247E-001 ,
  -7.48921600786657260E-002 ,
   0.00000000000000000E+000 ,
   3.79750908356550003E-007 ,
   9.95044733723635000E-001 ,
  -7.84971834999834001E-002 ,
   0.00000000000000000E+000 ,
   3.86618377698264255E-007 ,
   9.97882710947927354E-001 ,
  -8.32600099133099097E-002 ,
   0.00000000000000000E+000 ,
   4.12749741727767320E-007 ,
   9.99220280953026507E-001 ,
  -8.77185687191853330E-002 ,
   0.00000000000000000E+000 ,
   3.83685558840482891E-007 ,
   9.99747240352664712E-001 ,
  -9.12660068795272117E-002 ,
   0.00000000000000000E+000 ,
   4.25351585621565865E-007 ,
   9.99929082554185222E-001 ,
  -9.39754984349816802E-002 ,
   0.00000000000000000E+000 ,
   4.55474393077939884E-007 ,
   9.99983047453644414E-001 ,
  -9.60017963115970124E-002 ,
   0.00000000000000000E+000 ,
   4.36512455643086995E-007 ,
   9.99996519939278072E-001 ,
  -9.74309152863622602E-002 ,
   1.00000000000000000E+000 ,
   3.78627460551771179E-007 ,
   1.00000153340811115E+000 ,
  -9.83977920383300453E-002 ,
   1.00000000000000000E+000 ,
   4.08248021792643308E-007 ,
   9.99909268683141228E-001 ,
  -9.37290575564407868E-002 ,
   1.00000000000000000E+000 ,
   3.78336709274411687E-007 ,
   9.99751042120172295E-001 ,
  -9.17836887578941524E-002 ,
   1.00000000000000000E+000 ,
   5.22601644705388408E-007 ,
   9.99438147545431255E-001 ,
  -8.97441920847898006E-002 ,
   1.00000000000000000E+000 ,
   4.05644476192651459E-007 ,
   9.98948279396253969E-001 ,
  -8.79891537300465654E-002 ,
   0.00000000000000000E+000 ,
   3.68782399523679937E-007 ,
   9.98379224661636977E-001 ,
  -8.69599178535924999E-002 ,
   0.00000000000000000E+000 ,
   4.52581881873714473E-007 ,
   9.98023756040140486E-001 ,
  -8.67436476133352924E-002 ,
   0.00000000000000000E+000 ,
   4.05570047149333083E-007 ,
   9.98198998791467895E-001 ,
  -8.70226618256234180E-002 ,
   0.00000000000000000E+000 ,
   3.73049532101038449E-007 ,
   9.98738023444258216E-001 ,
  -8.74424062412321318E-002 ,
   0.00000000000000000E+000 ,
   4.59498091539619613E-007 ,
   9.98838495761382394E-001 ,
  -8.88914508577759582E-002 ,
   0.00000000000000000E+000 ,
   3.14374174265311077E-007 ,
   9.98707687134104849E-001 ,
  -9.09274207149061292E-002 ,
   0.00000000000000000E+000 ,
   3.26121575458211215E-007 ,
   9.99329065880484424E-001 ,
  -9.19622230058010498E-002 ,
