1
0
4
0
(6 0
((0,216) (15,231) (0,0))
((0,232) (15,263) (0,0))
((0,264) (15,295) (0,0))
((16,216) (39,231) (0,0))
((16,232) (39,263) (0,0))
((16,264) (39,295) (0,0))
)
6
FabOnDisk: Cell_D_00000 0
FabOnDisk: Cell_D_00000 8277
FabOnDisk: Cell_D_00000 24746
FabOnDisk: Cell_D_00000 41215
FabOnDisk: Cell_D_00000 53589
FabOnDisk: Cell_D_00000 78251

6,4
   0.00000000000000000E+000 ,
  -1.94795787230309834E-007 ,
   9.96016778289271154E-001 ,
  -9.98710726626876044E-002 ,
  -1.00000000000000006E-001 ,
  -1.90950255791963733E-007 ,
   1.38350898609660933E-001 ,
  -9.71570180272472300E-002 ,
   0.00000000000000000E+000 ,
  -2.58994708973562938E-007 ,
   1.53327018827020684E-001 ,
  -9.98512145938886680E-002 ,
  -1.25000000000000007E-002 ,
  -2.39034799912986779E-007 ,
   9.99435842040139910E-001 ,
  -9.99936652185719477E-002 ,
  -1.00000000000000006E-001 ,
  -2.03071142589918470E-007 ,
   2.72259159250629046E-001 ,
  -9.99061563947121617E-002 ,
   0.00000000000000000E+000 ,
  -1.99596106360975872E-007 ,
   7.70775735945118612E-001 ,
  -9.99926811647749852E-002 ,

6,4
   1.00000000000000000E+000 ,
   2.82054109734779208E-007 ,
   1.00000080214542852E+000 ,
  -9.55813852644167294E-002 ,
   1.00000000000000000E+000 ,
   9.99615136642498792E-001 ,
   9.98824842737480845E-001 ,
  -5.49839429853219708E-002 ,
   2.12199579096527232E-308 ,
   7.65602910901965972E-001 ,
   1.00000015782467688E+000 ,
  -5.52035152979272609E-002 ,
   1.00000000000000000E+000 ,
   2.44435677571591093E-007 ,
   1.00000059677098241E+000 ,
  -9.77988770216554337E-002 ,
   1.00000000000000000E+000 ,
   2.96512792377230383E-001 ,
   1.00000008108831206E+000 ,
  -6.25744416319276853E-002 ,
   1.00000000000000000E+000 ,
   1.56662510580387132E-005 ,
   1.00000046215465410E+000 ,
  -7.82466688768057306E-002 ,
