1
0
4
0
(128 0
((0,280) (23,295) (0,0))
((0,296) (23,327) (0,0))
((0,328) (23,359) (0,0))
((0,360) (23,391) (0,0))
((0,392) (23,423) (0,0))
((0,424) (23,455) (0,0))
((0,456) (23,487) (0,0))
((0,488) (23,519) (0,0))
((0,520) (23,551) (0,0))
((0,552) (23,583) (0,0))
((0,584) (23,615) (0,0))
((0,616) (23,647) (0,0))
((0,648) (23,679) (0,0))
((0,680) (23,711) (0,0))
((0,712) (23,743) (0,0))
((24,280) (47,295) (0,0))
((24,296) (47,327) (0,0))
((24,328) (47,359) (0,0))
((24,360) (47,391) (0,0))
((24,392) (47,423) (0,0))
((24,424) (47,455) (0,0))
((24,456) (47,487) (0,0))
((24,488) (47,519) (0,0))
((24,520) (47,551) (0,0))
((24,552) (47,583) (0,0))
((24,584) (47,615) (0,0))
((24,616) (47,647) (0,0))
((24,648) (47,679) (0,0))
((24,680) (47,711) (0,0))
((24,712) (47,743) (0,0))
((48,280) (71,295) (0,0))
((48,296) (71,327) (0,0))
((48,328) (71,359) (0,0))
((48,360) (71,391) (0,0))
((48,392) (71,423) (0,0))
((48,424) (71,455) (0,0))
((48,456) (71,487) (0,0))
((48,488) (71,519) (0,0))
((48,520) (71,551) (0,0))
((48,552) (71,583) (0,0))
((48,584) (71,615) (0,0))
((48,616) (71,647) (0,0))
((48,648) (71,679) (0,0))
((48,680) (71,711) (0,0))
((48,712) (71,743) (0,0))
((72,296) (95,311) (0,0))
((72,312) (95,343) (0,0))
((72,344) (95,375) (0,0))
((72,376) (95,407) (0,0))
((72,408) (95,439) (0,0))
((72,440) (95,471) (0,0))
((72,472) (95,503) (0,0))
((72,504) (95,535) (0,0))
((72,536) (95,567) (0,0))
((72,568) (95,599) (0,0))
((72,600) (95,631) (0,0))
((72,632) (95,663) (0,0))
((72,664) (95,695) (0,0))
((72,696) (95,727) (0,0))
((96,304) (119,335) (0,0))
((96,336) (119,367) (0,0))
((96,368) (119,399) (0,0))
((96,400) (119,431) (0,0))
((96,432) (119,463) (0,0))
((96,464) (119,495) (0,0))
((96,496) (119,527) (0,0))
((96,528) (119,559) (0,0))
((96,560) (119,591) (0,0))
((96,592) (119,623) (0,0))
((96,624) (119,655) (0,0))
((96,656) (119,687) (0,0))
((96,688) (119,719) (0,0))
((120,312) (143,327) (0,0))
((120,328) (143,359) (0,0))
((120,360) (143,391) (0,0))
((120,392) (151,415) (0,0))
((120,416) (135,439) (0,0))
((120,440) (135,463) (0,0))
((120,464) (135,487) (0,0))
((120,488) (135,519) (0,0))
((120,520) (135,551) (0,0))
((120,552) (135,583) (0,0))
((120,584) (135,615) (0,0))
((120,616) (135,647) (0,0))
((120,648) (135,679) (0,0))
((120,680) (135,711) (0,0))
((136,416) (167,439) (0,0))
((136,440) (167,463) (0,0))
((136,464) (167,487) (0,0))
((136,488) (167,519) (0,0))
((136,520) (167,551) (0,0))
((136,552) (167,583) (0,0))
((136,584) (167,615) (0,0))
((136,616) (167,647) (0,0))
((136,648) (167,679) (0,0))
((136,680) (167,711) (0,0))
((144,312) (175,327) (0,0))
((144,328) (175,359) (0,0))
((144,360) (175,391) (0,0))
((152,392) (183,415) (0,0))
((168,416) (199,439) (0,0))
((168,440) (199,463) (0,0))
((168,464) (199,487) (0,0))
((168,488) (199,519) (0,0))
((168,520) (199,551) (0,0))
((168,552) (199,583) (0,0))
((168,584) (199,615) (0,0))
((168,616) (199,647) (0,0))
((168,648) (199,679) (0,0))
((168,680) (199,711) (0,0))
((176,312) (207,327) (0,0))
((176,328) (207,359) (0,0))
((176,360) (207,391) (0,0))
((184,392) (215,415) (0,0))
((200,416) (215,439) (0,0))
((200,440) (215,471) (0,0))
((200,472) (215,503) (0,0))
((200,504) (215,535) (0,0))
((200,536) (215,567) (0,0))
((200,568) (215,599) (0,0))
((200,600) (215,631) (0,0))
((216,416) (239,439) (0,0))
((216,440) (239,471) (0,0))
((216,472) (239,503) (0,0))
((216,504) (239,535) (0,0))
((216,536) (239,567) (0,0))
((216,568) (239,599) (0,0))
((216,600) (239,631) (0,0))
)
128
FabOnDisk: Cell_D_00000 0
FabOnDisk: Cell_D_00000 12373
FabOnDisk: Cell_D_00000 37034
FabOnDisk: Cell_D_00000 61695
FabOnDisk: Cell_D_00000 86356
FabOnDisk: Cell_D_00000 111017
FabOnDisk: Cell_D_00000 135678
FabOnDisk: Cell_D_00000 160339
FabOnDisk: Cell_D_00000 185000
FabOnDisk: Cell_D_00000 209661
FabOnDisk: Cell_D_00000 234322
FabOnDisk: Cell_D_00000 258983
FabOnDisk: Cell_D_00000 283644
FabOnDisk: Cell_D_00000 308305
FabOnDisk: Cell_D_00000 332966
FabOnDisk: Cell_D_00000 357627
FabOnDisk: Cell_D_00000 370001
FabOnDisk: Cell_D_00000 394663
FabOnDisk: Cell_D_00000 419325
FabOnDisk: Cell_D_00000 443987
FabOnDisk: Cell_D_00000 468649
FabOnDisk: Cell_D_00000 493311
FabOnDisk: Cell_D_00000 517973
FabOnDisk: Cell_D_00000 542635
FabOnDisk: Cell_D_00000 567297
FabOnDisk: Cell_D_00000 591959
FabOnDisk: Cell_D_00000 616621
FabOnDisk: Cell_D_00000 641283
FabOnDisk: Cell_D_00000 665945
FabOnDisk: Cell_D_00000 690607
FabOnDisk: Cell_D_00000 715269
FabOnDisk: Cell_D_00000 727643
FabOnDisk: Cell_D_00000 752305
FabOnDisk: Cell_D_00000 776967
FabOnDisk: Cell_D_00000 801629
FabOnDisk: Cell_D_00000 826291
FabOnDisk: Cell_D_00000 850953
FabOnDisk: Cell_D_00000 875615
FabOnDisk: Cell_D_00000 900277
FabOnDisk: Cell_D_00000 924939
FabOnDisk: Cell_D_00000 949601
FabOnDisk: Cell_D_00000 974263
FabOnDisk: Cell_D_00000 998925
FabOnDisk: Cell_D_00000 1023587
FabOnDisk: Cell_D_00000 1048249
FabOnDisk: Cell_D_00000 1072911
FabOnDisk: Cell_D_00000 1085285
FabOnDisk: Cell_D_00000 1109947
FabOnDisk: Cell_D_00000 1134609
FabOnDisk: Cell_D_00000 1159271
FabOnDisk: Cell_D_00000 1183933
FabOnDisk: Cell_D_00000 1208595
FabOnDisk: Cell_D_00000 1233257
FabOnDisk: Cell_D_00000 1257919
FabOnDisk: Cell_D_00000 1282581
FabOnDisk: Cell_D_00000 1307243
FabOnDisk: Cell_D_00000 1331905
FabOnDisk: Cell_D_00000 1356567
FabOnDisk: Cell_D_00000 1381229
FabOnDisk: Cell_D_00000 1405891
FabOnDisk: Cell_D_00000 1430554
FabOnDisk: Cell_D_00000 1455217
FabOnDisk: Cell_D_00000 1479880
FabOnDisk: Cell_D_00000 1504543
FabOnDisk: Cell_D_00000 1529206
FabOnDisk: Cell_D_00000 1553869
FabOnDisk: Cell_D_00000 1578532
FabOnDisk: Cell_D_00000 1603195
FabOnDisk: Cell_D_00000 1627858
FabOnDisk: Cell_D_00000 1652521
FabOnDisk: Cell_D_00000 1677184
FabOnDisk: Cell_D_00000 1701847
FabOnDisk: Cell_D_00000 1726510
FabOnDisk: Cell_D_00000 1738886
FabOnDisk: Cell_D_00000 1763550
FabOnDisk: Cell_D_00000 1788214
FabOnDisk: Cell_D_00000 1812878
FabOnDisk: Cell_D_00000 1825254
FabOnDisk: Cell_D_00000 1837630
FabOnDisk: Cell_D_00000 1850006
FabOnDisk: Cell_D_00000 1866478
FabOnDisk: Cell_D_00000 1882950
FabOnDisk: Cell_D_00000 1899422
FabOnDisk: Cell_D_00000 1915894
FabOnDisk: Cell_D_00000 1932366
FabOnDisk: Cell_D_00000 1948838
FabOnDisk: Cell_D_00000 1965310
FabOnDisk: Cell_D_00000 1989974
FabOnDisk: Cell_D_00000 2014638
FabOnDisk: Cell_D_00000 2039302
FabOnDisk: Cell_D_00000 2072158
FabOnDisk: Cell_D_00000 2105014
FabOnDisk: Cell_D_00000 2137870
FabOnDisk: Cell_D_00000 2170726
FabOnDisk: Cell_D_00000 2203582
FabOnDisk: Cell_D_00000 2236438
FabOnDisk: Cell_D_00000 2269294
FabOnDisk: Cell_D_00000 2285766
FabOnDisk: Cell_D_00000 2318622
FabOnDisk: Cell_D_00000 2351478
FabOnDisk: Cell_D_00000 2376142
FabOnDisk: Cell_D_00000 2400806
FabOnDisk: Cell_D_00000 2425470
FabOnDisk: Cell_D_00000 2450134
FabOnDisk: Cell_D_00000 2482990
FabOnDisk: Cell_D_00000 2515846
FabOnDisk: Cell_D_00000 2548702
FabOnDisk: Cell_D_00000 2581558
FabOnDisk: Cell_D_00000 2614414
FabOnDisk: Cell_D_00000 2647270
FabOnDisk: Cell_D_00000 2680126
FabOnDisk: Cell_D_00000 2696598
FabOnDisk: Cell_D_00000 2729454
FabOnDisk: Cell_D_00000 2762310
FabOnDisk: Cell_D_00000 2786974
FabOnDisk: Cell_D_00000 2799350
FabOnDisk: Cell_D_00000 2815822
FabOnDisk: Cell_D_00000 2832294
FabOnDisk: Cell_D_00000 2848766
FabOnDisk: Cell_D_00000 2865238
FabOnDisk: Cell_D_00000 2881710
FabOnDisk: Cell_D_00000 2898182
FabOnDisk: Cell_D_00000 2916702
FabOnDisk: Cell_D_00000 2941366
FabOnDisk: Cell_D_00000 2966030
FabOnDisk: Cell_D_00000 2990694
FabOnDisk: Cell_D_00000 3015358
FabOnDisk: Cell_D_00000 3040022

128,4
   0.00000000000000000E+000 ,
  -3.45333880533064544E-007 ,
   9.96472990356360833E-001 ,
  -9.49744980202471972E-002 ,
   0.00000000000000000E+000 ,
  -3.71962236735694293E-007 ,
   9.55533113077626117E-001 ,
  -9.25455330145648902E-002 ,
   0.00000000000000000E+000 ,
  -3.78225915172923335E-007 ,
   3.82783442089097425E-001 ,
  -8.29159528161158149E-002 ,
   0.00000000000000000E+000 ,
   5.86248240820154717E-006 ,
   1.24697797667423241E-001 ,
  -6.13801646420376185E-002 ,
   0.00000000000000000E+000 ,
   2.86786004750794354E-001 ,
   1.27241960047880076E-001 ,
  -4.62915270465335399E-002 ,
   0.00000000000000000E+000 ,
   1.79366269468737224E-002 ,
   1.54610921832116915E-001 ,
  -4.73297592443919848E-002 ,
   0.00000000000000000E+000 ,
   3.28989673336087668E-002 ,
   1.30284003932326836E-001 ,
  -4.71041402287864161E-002 ,
   0.00000000000000000E+000 ,
   9.99999649509513366E-001 ,
   1.25129866062350381E-001 ,
  -4.67075744068676316E-002 ,
   0.00000000000000000E+000 ,
   9.71206059191922377E-001 ,
   1.25820387546338397E-001 ,
  -4.67884693276823527E-002 ,
   0.00000000000000000E+000 ,
   1.21085361398784973E-002 ,
   1.39807918077084398E-001 ,
  -4.72882587217098582E-002 ,
   0.00000000000000000E+000 ,
   9.71635684254367610E-003 ,
   1.45084094980592299E-001 ,
  -4.67106583059514399E-002 ,
   0.00000000000000000E+000 ,
   2.76866189037251631E-001 ,
   1.24629086041468815E-001 ,
  -4.68974394755068066E-002 ,
   0.00000000000000000E+000 ,
  -3.64180317795590685E-007 ,
   1.29390630291447539E-001 ,
  -7.37211691380765533E-002 ,
   0.00000000000000000E+000 ,
  -4.40045568195333358E-007 ,
   8.35377458066894452E-001 ,
  -8.85795091732575618E-002 ,
                        NaN ,
  -4.16215187992599915E-007 ,
   9.87106116680189327E-001 ,
  -9.48454498911771582E-002 ,
   0.00000000000000000E+000 ,
  -3.47101539785318235E-007 ,
   9.96898481830064909E-001 ,
  -9.53979337136635908E-002 ,
   0.00000000000000000E+000 ,
  -4.51787359924473569E-007 ,
   9.63885518021125320E-001 ,
  -9.32346756501678531E-002 ,
   0.00000000000000000E+000 ,
  -4.48719961287770578E-007 ,
   6.68152697434673981E-001 ,
  -8.50859121910449157E-002 ,
   0.00000000000000000E+000 ,
  -2.96357770982525818E-007 ,
   1.53310548702442040E-001 ,
  -6.85810825612070407E-002 ,
   0.00000000000000000E+000 ,
   4.77253047428599902E-003 ,
   1.52797842999506078E-001 ,
  -4.68998740995930641E-002 ,
   0.00000000000000000E+000 ,
   2.74447249326482869E-003 ,
   1.34590535673148298E-001 ,
  -4.73496918290131005E-002 ,
   0.00000000000000000E+000 ,
   9.00070759942752874E-001 ,
   1.30161026348792647E-001 ,
  -4.69883261917055858E-002 ,
   0.00000000000000000E+000 ,
   9.99999558857204596E-001 ,
   1.25298257529220858E-001 ,
  -4.67435275284101975E-002 ,
   0.00000000000000000E+000 ,
   9.98718112538842018E-001 ,
   1.25877620753083286E-001 ,
  -4.67886534819968100E-002 ,
   0.00000000000000000E+000 ,
   1.16847785432736568E-002 ,
   1.35452339250048043E-001 ,
  -4.72570862528886512E-002 ,
   0.00000000000000000E+000 ,
   2.66373810497265657E-003 ,
   1.47788805292765807E-001 ,
  -4.67083557852498513E-002 ,
   0.00000000000000000E+000 ,
   2.53380803143301024E-006 ,
   1.55675992411142800E-001 ,
  -5.68898831387344844E-002 ,
   0.00000000000000000E+000 ,
  -4.02852756975025531E-007 ,
   2.71451891314317628E-001 ,
  -7.79507426480519072E-002 ,
   0.00000000000000000E+000 ,
  -3.76078488981233179E-007 ,
   8.82016566186795359E-001 ,
  -8.98124207964949850E-002 ,
                        NaN ,
  -4.12130598251976444E-007 ,
   9.89001229030366025E-001 ,
  -9.52813037160459286E-002 ,
   0.00000000000000000E+000 ,
  -3.99429970263261461E-007 ,
   9.97788582468864038E-001 ,
  -9.60317022699156975E-002 ,
   0.00000000000000000E+000 ,
  -4.05078701095686107E-007 ,
   9.76860663558049791E-001 ,
  -9.42298930265534768E-002 ,
   0.00000000000000000E+000 ,
  -5.40010676478845930E-007 ,
   8.19514636332620117E-001 ,
  -8.76300475759180658E-002 ,
   0.00000000000000000E+000 ,
  -2.85753980663927730E-007 ,
   1.65264655449668618E-001 ,
  -7.38762525023478056E-002 ,
   0.00000000000000000E+000 ,
   4.39591121832909160E-001 ,
   1.29506125285860224E-001 ,
  -4.59054184823681349E-002 ,
   0.00000000000000000E+000 ,
   2.57513241253514158E-001 ,
   1.40124269947306507E-001 ,
  -4.68071820732928121E-002 ,
   0.00000000000000000E+000 ,
   1.81236567258851955E-001 ,
   1.32138203713071112E-001 ,
  -4.68801472688952711E-002 ,
   0.00000000000000000E+000 ,
   1.99764004880348622E-001 ,
   1.27828425243460247E-001 ,
  -4.68894250572212817E-002 ,
   0.00000000000000000E+000 ,
   3.42832377915695263E-001 ,
   1.28170301524588276E-001 ,
  -4.71115136975079479E-002 ,
   0.00000000000000000E+000 ,
   1.28563798908071042E-001 ,
   1.35595452126409971E-001 ,
  -4.69261906024395492E-002 ,
   0.00000000000000000E+000 ,
   4.75937567573886944E-001 ,
   1.27350164687514755E-001 ,
  -4.62640490701455853E-002 ,
   0.00000000000000000E+000 ,
   2.19469824584721021E-006 ,
   1.29734485401215349E-001 ,
  -6.24746026107558181E-002 ,
   0.00000000000000000E+000 ,
  -3.34235064184205945E-007 ,
   5.75359964496534260E-001 ,
  -8.19039086988239823E-002 ,
   0.00000000000000000E+000 ,
  -3.82596894432993191E-007 ,
   9.31724508947788133E-001 ,
  -9.14226749628700569E-002 ,
   0.00000000000000000E+000 ,
  -4.20719964651174260E-007 ,
   9.92524975128530551E-001 ,
  -9.59252329171669943E-002 ,
   0.00000000000000000E+000 ,
  -3.94447674050429345E-007 ,
   9.95607162171741611E-001 ,
  -9.53093683950046455E-002 ,
   0.00000000000000000E+000 ,
  -3.74375847519439690E-007 ,
   9.60080761202934063E-001 ,
  -9.32864821935923821E-002 ,
   0.00000000000000000E+000 ,
  -3.51993401899026867E-007 ,
   6.83152987468400474E-001 ,
  -8.60120965301392898E-002 ,
  -1.00000000000000006E-001 ,
  -1.73025178897681639E-007 ,
   1.48586387194726499E-001 ,
  -7.16725454727060729E-002 ,
   0.00000000000000000E+000 ,
   3.01062637844995706E-002 ,
   1.31175836348017660E-001 ,
  -4.64196554879309081E-002 ,
   0.00000000000000000E+000 ,
   3.01031761552236626E-002 ,
   1.48364819770348572E-001 ,
  -4.67736236025984090E-002 ,
   0.00000000000000000E+000 ,
   3.69940971004919586E-002 ,
   1.33893654769882520E-001 ,
  -4.71400327364707508E-002 ,
   0.00000000000000000E+000 ,
   1.71434353354171093E-001 ,
   1.30077285061188236E-001 ,
  -4.71367075152929957E-002 ,
   0.00000000000000000E+000 ,
   7.39220610926157179E-002 ,
   1.36467765824043241E-001 ,
  -4.71115477738845781E-002 ,
   0.00000000000000000E+000 ,
   4.04931698645816171E-002 ,
   1.29934051415948937E-001 ,
  -4.68418171144745418E-002 ,
   0.00000000000000000E+000 ,
   2.20864631022352418E-005 ,
   1.27124268371721694E-001 ,
  -6.04865269812477485E-002 ,
   0.00000000000000000E+000 ,
  -2.82730270602458131E-007 ,
   2.38643890476541359E-001 ,
  -8.00489700452857861E-002 ,
   0.00000000000000000E+000 ,
  -3.92351201569848038E-007 ,
   8.87924078011552154E-001 ,
  -9.02176999164142207E-002 ,
   0.00000000000000000E+000 ,
  -4.32796220527599628E-007 ,
   9.86268154682408360E-001 ,
  -9.51828321373366093E-002 ,
   0.00000000000000000E+000 ,
  -4.52854834669535440E-007 ,
   9.87968935131945059E-001 ,
  -9.57255102270761632E-002 ,
   0.00000000000000000E+000 ,
  -4.60618863301926809E-007 ,
   9.07988166791023121E-001 ,
  -9.14179072761080597E-002 ,
  -1.00000000000000006E-001 ,
  -3.89232553262635266E-007 ,
   4.47172853029570716E-001 ,
  -8.30866224538743675E-002 ,
  -1.00000000000000006E-001 ,
  -3.15236179490843965E-007 ,
   1.52926092494526322E-001 ,
  -6.87207269808227383E-002 ,
   0.00000000000000000E+000 ,
   1.33427142312087854E-001 ,
   1.34053445448503922E-001 ,
  -4.64102840784799964E-002 ,
   0.00000000000000000E+000 ,
   2.38391973096824181E-002 ,
   1.24526897712086415E-001 ,
  -4.67650467711019022E-002 ,
   0.00000000000000000E+000 ,
   3.03680688101643115E-001 ,
   1.22216015939184644E-001 ,
  -4.64537894429935261E-002 ,
   0.00000000000000000E+000 ,
   5.28935336346293555E-002 ,
   1.25500005417066240E-001 ,
  -4.69126706142540470E-002 ,
   0.00000000000000000E+000 ,
   2.17673208810160561E-006 ,
   1.52463796435502202E-001 ,
  -5.74361747564886421E-002 ,
   0.00000000000000000E+000 ,
  -1.19510684896918274E-007 ,
   1.41356168645727143E-001 ,
  -7.02080785784912204E-002 ,
   0.00000000000000000E+000 ,
  -4.07214302153492263E-007 ,
   4.23911317013453137E-001 ,
  -8.33780997807114649E-002 ,
   0.00000000000000000E+000 ,
  -3.55084597767174708E-007 ,
   9.07725862510515236E-001 ,
  -9.14049739026530639E-002 ,
   0.00000000000000000E+000 ,
  -3.70564439855733789E-007 ,
   9.87827909815605087E-001 ,
  -9.56065918343431131E-002 ,
  -4.17968749999999972E-002 ,
  -3.19511578175536607E-007 ,
   9.96957611050925507E-001 ,
  -9.63067453113278793E-002 ,
   0.00000000000000000E+000 ,
  -3.70659114776705734E-007 ,
   9.77349512975797641E-001 ,
  -9.48822615179310824E-002 ,
  -1.00000000000000006E-001 ,
  -3.77603143750943689E-007 ,
   8.70999253150335551E-001 ,
  -9.02379651860427123E-002 ,
  -1.00000000000000006E-001 ,
  -3.94854486839212702E-007 ,
   5.82596609693855960E-001 ,
  -8.47323622475527893E-002 ,
   0.00000000000000000E+000 ,
  -2.03738873269270303E-007 ,
   1.44684425396509581E-001 ,
  -6.85039669643280474E-002 ,
   0.00000000000000000E+000 ,
   1.35979293806013138E-003 ,
   1.36747751703350739E-001 ,
  -5.41141957704236592E-002 ,
   0.00000000000000000E+000 ,
   1.81133379325262639E-003 ,
   1.23790338733834174E-001 ,
  -5.07978269878702968E-002 ,
   0.00000000000000000E+000 ,
   4.35764989569163153E-001 ,
   1.18346905516937342E-001 ,
  -4.60299808507442093E-002 ,
   0.00000000000000000E+000 ,
   3.99088108486411797E-001 ,
   1.26050825621219942E-001 ,
  -4.61864549916637113E-002 ,
   0.00000000000000000E+000 ,
  -1.12918655229610475E-007 ,
   1.46189177799843806E-001 ,
  -6.42859946787372599E-002 ,
   0.00000000000000000E+000 ,
  -3.80890283685408194E-007 ,
   4.87123340457869147E-001 ,
  -7.55973377898163240E-002 ,
   0.00000000000000000E+000 ,
  -3.74028781030575712E-007 ,
   7.63320822486694528E-001 ,
  -8.52979789454627602E-002 ,
   0.00000000000000000E+000 ,
  -3.65613903415006571E-007 ,
   9.45368895951845811E-001 ,
  -9.20110218214700570E-002 ,
   0.00000000000000000E+000 ,
  -3.27112427502537433E-007 ,
   9.91400243842251561E-001 ,
  -9.57880511668067203E-002 ,
  -6.83593750000000000E-002 ,
  -3.54519530223375098E-007 ,
   4.57779950950100045E-001 ,
  -8.40511176417743783E-002 ,
  -1.25000000000000007E-002 ,
  -3.65028995315436381E-007 ,
   3.46453687626138096E-001 ,
  -7.87756636729402965E-002 ,
   0.00000000000000000E+000 ,
  -3.30644327107943947E-007 ,
   1.56026355847920212E-001 ,
  -7.38734400623260040E-002 ,
  -9.37500000000000139E-003 ,
  -1.87037477670949481E-007 ,
   1.33941326410748685E-001 ,
  -6.95457260784556330E-002 ,
  -9.37500000000000139E-003 ,
  -3.38674694367302955E-007 ,
   1.40258964448703033E-001 ,
  -7.32770972814614091E-002 ,
   0.00000000000000000E+000 ,
  -3.71671098832045180E-007 ,
   1.74967705031113807E-001 ,
  -8.05477648069983648E-002 ,
   0.00000000000000000E+000 ,
  -4.46591764776959100E-007 ,
   7.30550088091381999E-001 ,
  -8.69037186177007842E-002 ,
   0.00000000000000000E+000 ,
  -4.69183148910234636E-007 ,
   9.00638014315502833E-001 ,
  -9.18411778919659971E-002 ,
   0.00000000000000000E+000 ,
  -3.75991520674255830E-007 ,
   9.74699614631524325E-001 ,
  -9.53028683640659985E-002 ,
   0.00000000000000000E+000 ,
  -4.33449605291162656E-007 ,
   9.95672328017154995E-001 ,
  -9.73928152339914727E-002 ,
  -8.74999999999999944E-002 ,
  -3.34385400986595556E-007 ,
   9.98889429494980829E-001 ,
  -9.77500507971423294E-002 ,
  -8.74999999999999944E-002 ,
  -4.39452996778079697E-007 ,
   9.92341005304452906E-001 ,
  -9.69490670294596707E-002 ,
  -8.74999999999999944E-002 ,
  -3.97734826094736226E-007 ,
   9.58876936472253694E-001 ,
  -9.44906542193697518E-002 ,
  -8.74999999999999944E-002 ,
  -3.99143779094698028E-007 ,
   9.20020439570799264E-001 ,
  -9.19960609473970126E-002 ,
  -8.74999999999999944E-002 ,
  -3.64007712636022641E-007 ,
   9.33128423654575823E-001 ,
  -9.21844633126231716E-002 ,
  -8.74999999999999944E-002 ,
  -3.47194266799154189E-007 ,
   8.81505810915676591E-001 ,
  -8.99483225412355120E-002 ,
  -1.25000000000000007E-002 ,
  -4.24974087023884875E-007 ,
   8.13401180300979298E-001 ,
  -8.78085542281415304E-002 ,
  -1.25000000000000007E-002 ,
  -4.42907452419713040E-007 ,
   7.86498853036813994E-001 ,
  -8.62820454718569996E-002 ,
  -1.25000000000000007E-002 ,
  -4.44714262028115477E-007 ,
   7.94475941110334705E-001 ,
  -8.75327612889779949E-002 ,
  -1.25000000000000007E-002 ,
  -4.09609093174238137E-007 ,
   8.67848685102483031E-001 ,
  -9.03550420280170158E-002 ,
  -1.25000000000000007E-002 ,
  -3.84751606207969938E-007 ,
   9.45797703590186778E-001 ,
  -9.32289941821192597E-002 ,
   0.00000000000000000E+000 ,
  -4.43535985434535532E-007 ,
   9.81908257088708658E-001 ,
  -9.55783833631252827E-002 ,
   0.00000000000000000E+000 ,
  -3.70578639124862622E-007 ,
   9.95271712255849095E-001 ,
  -9.73484428669682544E-002 ,
   0.00000000000000000E+000 ,
  -4.29078837719466865E-007 ,
   9.99107362054121650E-001 ,
  -9.84923686053734149E-002 ,
  -8.74999999999999944E-002 ,
  -3.59075911684551329E-007 ,
   9.99774315382340295E-001 ,
  -9.87087680182541644E-002 ,
  -8.74999999999999944E-002 ,
  -3.97336513012181115E-007 ,
   9.98569812495911480E-001 ,
  -9.82608085265179731E-002 ,
  -8.74999999999999944E-002 ,
  -3.66352522940567604E-007 ,
   9.93095285432722852E-001 ,
  -9.69899978405257407E-002 ,
  -8.74999999999999944E-002 ,
  -3.54801231420929522E-007 ,
   9.88832186636434018E-001 ,
  -9.58822309944555862E-002 ,
  -8.74999999999999944E-002 ,
  -3.26725476702869649E-007 ,
   9.91638507374451361E-001 ,
  -9.45216799401546598E-002 ,
  -8.74999999999999944E-002 ,
  -3.97204322026490947E-007 ,
   9.82880675924776570E-001 ,
  -9.30957790874551994E-002 ,
  -1.25000000000000007E-002 ,
  -3.96751482625146822E-007 ,
   9.76052146326039760E-001 ,
  -9.13705874299024778E-002 ,
  -1.25000000000000007E-002 ,
  -4.00067974501466339E-007 ,
   9.75756648594889864E-001 ,
  -9.08634534426305401E-002 ,
  -1.25000000000000007E-002 ,
  -3.92577381529764066E-007 ,
   9.79131454395381406E-001 ,
  -9.23189460181218918E-002 ,
  -1.25000000000000007E-002 ,
  -3.74215997475569570E-007 ,
   9.88200870880253213E-001 ,
  -9.42316180834559119E-002 ,
   0.00000000000000000E+000 ,
  -3.61175230933382732E-007 ,
   9.95244973145769429E-001 ,
  -9.60128611817281929E-002 ,
  -8.74999999999999944E-002 ,
  -2.80144638035378828E-007 ,
   9.97227240663340342E-001 ,
  -9.67808463118287055E-002 ,
  -8.74999999999999944E-002 ,
  -3.39990843754137365E-007 ,
   9.94475104001666277E-001 ,
  -9.60083856335656322E-002 ,
  -1.25000000000000007E-002 ,
  -3.33232316281752762E-007 ,
   9.92430632202926155E-001 ,
  -9.51062426653047494E-002 ,
  -1.25000000000000007E-002 ,
  -4.21262624796029114E-007 ,
   9.92334041714078352E-001 ,
  -9.48389677320037316E-002 ,
  -1.25000000000000007E-002 ,
  -3.65606510673958806E-007 ,
   9.93293637284240694E-001 ,
  -9.55800703536478224E-002 ,
  -1.25000000000000007E-002 ,
  -4.52349806716209114E-007 ,
   9.96049729470866896E-001 ,
  -9.65833805591704703E-002 ,
   0.00000000000000000E+000 ,
  -3.82174016543236689E-007 ,
   9.98344622259935255E-001 ,
  -9.75986738481342125E-002 ,

128,4
   0.00000000000000000E+000 ,
   4.32539461030243243E-007 ,
   9.99054889006093849E-001 ,
  -9.25328447039613922E-002 ,
   0.00000000000000000E+000 ,
   3.83160822567714213E-007 ,
   9.96609921860042602E-001 ,
  -8.25320037667496564E-002 ,
   0.00000000000000000E+000 ,
   3.59300616488569882E-002 ,
   9.60498662826441918E-001 ,
  -5.45672032802960102E-002 ,
   0.00000000000000000E+000 ,
   9.99448535847487052E-001 ,
   6.36034669850039758E-001 ,
  -4.39682427178889682E-002 ,
   0.00000000000000000E+000 ,
   9.99999711508810507E-001 ,
   1.67397321981807456E-001 ,
  -4.42224209275781585E-002 ,
   0.00000000000000000E+000 ,
   9.99997704679933652E-001 ,
   1.73048716369101241E-001 ,
  -4.60720032011397926E-002 ,
   0.00000000000000000E+000 ,
   9.99999965873869523E-001 ,
   1.57112217829852352E-001 ,
  -4.66879406458308097E-002 ,
   0.00000000000000000E+000 ,
   1.00000037103340178E+000 ,
   1.30383798932493244E-001 ,
  -4.66769796190862132E-002 ,
   0.00000000000000000E+000 ,
   1.00000041922406302E+000 ,
   1.40406855775319778E-001 ,
  -4.66787206165353921E-002 ,
   0.00000000000000000E+000 ,
   9.99860899552821314E-001 ,
   1.70932578015974085E-001 ,
  -4.65444979644842258E-002 ,
   0.00000000000000000E+000 ,
   9.99999689057804342E-001 ,
   1.68175813305955990E-001 ,
  -4.51739028144309065E-002 ,
   0.00000000000000000E+000 ,
   9.99998303694201951E-001 ,
   2.37176825809975456E-001 ,
  -4.37444352610031964E-002 ,
   0.00000000000000000E+000 ,
   9.31481812516206653E-001 ,
   8.70555104681243863E-001 ,
  -4.38151676027528150E-002 ,
   0.00000000000000000E+000 ,
   3.77676851767276897E-007 ,
   9.87975939388511692E-001 ,
  -7.21185246805649965E-002 ,
                        NaN ,
   4.78477288817681181E-007 ,
   9.99042065239818755E-001 ,
  -8.84732111385148762E-002 ,
   0.00000000000000000E+000 ,
   3.48819800365196070E-007 ,
   9.99301021981457094E-001 ,
  -9.27559018724840173E-002 ,
   2.59399414062500000E-003 ,
   4.12095949248750879E-007 ,
   9.97570199284863568E-001 ,
  -8.34420225370175878E-002 ,
   2.59399414062500000E-003 ,
   1.36597875147588114E-006 ,
   9.74680675306361377E-001 ,
  -6.26667824689907949E-002 ,
   2.59399414062500000E-003 ,
   8.88002745136185712E-001 ,
   8.05119013391307314E-001 ,
  -4.43618388295868443E-002 ,
   0.00000000000000000E+000 ,
   9.91471730817434671E-001 ,
   2.37951491662197978E-001 ,
  -4.45866650186790975E-002 ,
   0.00000000000000000E+000 ,
   9.99855177947763130E-001 ,
   1.73748833271646613E-001 ,
  -4.59723142952261632E-002 ,
   0.00000000000000000E+000 ,
   1.00000037960235022E+000 ,
   1.52936557278142482E-001 ,
  -4.64281107602074403E-002 ,
   0.00000000000000000E+000 ,
   1.00000035472157012E+000 ,
   1.31649068911287775E-001 ,
  -4.66615434871428467E-002 ,
   0.00000000000000000E+000 ,
   1.00000036255462765E+000 ,
   1.38808261991814702E-001 ,
  -4.66921267702506415E-002 ,
   0.00000000000000000E+000 ,
   9.99999609829462677E-001 ,
   1.70647359061073839E-001 ,
  -4.63054316844720079E-002 ,
   0.00000000000000000E+000 ,
   9.98999791147294203E-001 ,
   1.77857820712986697E-001 ,
  -4.53213989274854623E-002 ,
   0.00000000000000000E+000 ,
   9.30739289548358495E-001 ,
   5.50379484786236439E-001 ,
  -4.42391375055378594E-002 ,
   0.00000000000000000E+000 ,
   1.40061280816404204E-001 ,
   9.25613112959860596E-001 ,
  -4.82885876041410922E-002 ,
   0.00000000000000000E+000 ,
   4.25612060918344829E-007 ,
   9.91800513155351560E-001 ,
  -7.45739443071198882E-002 ,
                        NaN ,
   3.30359023214299499E-007 ,
   9.99291957376811091E-001 ,
  -8.89139437989608233E-002 ,
   0.00000000000000000E+000 ,
   4.28169708052410536E-007 ,
   9.99560283314773756E-001 ,
  -9.34350833686925647E-002 ,
   0.00000000000000000E+000 ,
   3.84073740008371794E-007 ,
   9.98507693998632040E-001 ,
  -8.55507304093901244E-002 ,
   6.34765625000000000E-003 ,
   4.22871385926104289E-007 ,
   9.85105286065803720E-001 ,
  -6.94766934495730654E-002 ,
   2.59399414062500000E-003 ,
   7.41370889734375704E-001 ,
   8.76608594792848472E-001 ,
  -4.44517886726293818E-002 ,
   0.00000000000000000E+000 ,
   9.99961023276165317E-001 ,
   2.03471309103250897E-001 ,
  -4.41604255044272531E-002 ,
   0.00000000000000000E+000 ,
   9.99995012995433696E-001 ,
   1.58822093163720618E-001 ,
  -4.54804928279066920E-002 ,
   0.00000000000000000E+000 ,
   9.99999458804184616E-001 ,
   1.57323067387500598E-001 ,
  -4.62655824051916575E-002 ,
   0.00000000000000000E+000 ,
   1.00000023413824080E+000 ,
   1.43884289873250637E-001 ,
  -4.66674180680261078E-002 ,
   0.00000000000000000E+000 ,
   1.00000024641539720E+000 ,
   1.41757781012348344E-001 ,
  -4.67500872953348426E-002 ,
   0.00000000000000000E+000 ,
   9.99996739077384955E-001 ,
   1.46346355685103041E-001 ,
  -4.60746889068443383E-002 ,
   0.00000000000000000E+000 ,
   9.99997559023932503E-001 ,
   1.57952592453948854E-001 ,
  -4.45457239239455058E-002 ,
   0.00000000000000000E+000 ,
   9.97364207654090618E-001 ,
   6.64933833906999894E-001 ,
  -4.39925015689738505E-002 ,
   0.00000000000000000E+000 ,
   1.69549321941946564E-005 ,
   9.56171035853124351E-001 ,
  -5.78365236651013984E-002 ,
   0.00000000000000000E+000 ,
   4.23544112622957667E-007 ,
   9.95091806534322387E-001 ,
  -7.86130044502011960E-002 ,
   0.00000000000000000E+000 ,
   5.05553901506024193E-007 ,
   9.99554361932661006E-001 ,
  -9.01157120917911170E-002 ,
   0.00000000000000000E+000 ,
   3.13206382249600534E-007 ,
   9.99202933809993366E-001 ,
  -9.18606281153007548E-002 ,
   7.81250000000000000E-003 ,
   3.89521331816321194E-007 ,
   9.97457592732623244E-001 ,
  -8.25920738164431650E-002 ,
   1.56250000000000000E-002 ,
   1.36148669809920665E-006 ,
   9.77513437466255408E-001 ,
  -6.34189862362699169E-002 ,
   1.56250000000000000E-002 ,
   7.05703956096772833E-001 ,
   8.38345173197398874E-001 ,
  -4.45306806892349430E-002 ,
   0.00000000000000000E+000 ,
   9.99465006336229922E-001 ,
   2.04008600049395167E-001 ,
  -4.46087764991570102E-002 ,
   0.00000000000000000E+000 ,
   9.99752282776244505E-001 ,
   1.66619394377080537E-001 ,
  -4.60889133831477033E-002 ,
   0.00000000000000000E+000 ,
   9.99995386105022588E-001 ,
   1.60821211436527250E-001 ,
  -4.63901949453936827E-002 ,
   0.00000000000000000E+000 ,
   9.99999071293354524E-001 ,
   1.42343120595555428E-001 ,
  -4.63755697441192993E-002 ,
   0.00000000000000000E+000 ,
   9.99688800222682583E-001 ,
   1.53319078534077863E-001 ,
  -4.64037835730534767E-002 ,
   0.00000000000000000E+000 ,
   9.99845622942705847E-001 ,
   1.80560310371532612E-001 ,
  -4.49308798824364017E-002 ,
   0.00000000000000000E+000 ,
   9.96817910607195046E-001 ,
   5.99008944093359808E-001 ,
  -4.42636642868773703E-002 ,
   0.00000000000000000E+000 ,
   3.23853681383457770E-001 ,
   9.37621161486455024E-001 ,
  -4.76468193454918851E-002 ,
   0.00000000000000000E+000 ,
   4.46544827509270897E-007 ,
   9.92152703553602189E-001 ,
  -7.48229784967014422E-002 ,
   0.00000000000000000E+000 ,
   3.94674957431739901E-007 ,
   9.99189174919551393E-001 ,
  -8.79434173414366527E-002 ,
   7.81250000000000000E-003 ,
   3.97588903261835612E-007 ,
   9.99351435463080251E-001 ,
  -8.87470366697489521E-002 ,
   1.56250000000000000E-002 ,
   3.74827011226259109E-007 ,
   9.94299049683333158E-001 ,
  -7.69681784136128505E-002 ,
   1.56250000000000000E-002 ,
   3.93783472546705478E-003 ,
   9.60303750704063930E-001 ,
  -5.51657052941901399E-002 ,
   0.00000000000000000E+000 ,
   8.80082230269959687E-001 ,
   7.91006084992612601E-001 ,
  -4.49506828188587990E-002 ,
   0.00000000000000000E+000 ,
   9.99891460699037227E-001 ,
   1.77557471424168500E-001 ,
  -4.45644778527728019E-002 ,
   0.00000000000000000E+000 ,
   9.99956168974364012E-001 ,
   1.80379499248479014E-001 ,
  -4.52827758692090285E-002 ,
   0.00000000000000000E+000 ,
   9.99994152016616566E-001 ,
   1.39536427559611959E-001 ,
  -4.53392050356096060E-002 ,
   0.00000000000000000E+000 ,
   9.99253490346081241E-001 ,
   1.86037805947395968E-001 ,
  -4.57681400240627576E-002 ,
   0.00000000000000000E+000 ,
   9.98075777349102911E-001 ,
   5.43602428360327794E-001 ,
  -4.57584640801343007E-002 ,
   0.00000000000000000E+000 ,
   9.21568771886218108E-001 ,
   8.09299828383923892E-001 ,
  -4.44787668101962186E-002 ,
   0.00000000000000000E+000 ,
   6.99741571545527130E-003 ,
   9.60880075721349591E-001 ,
  -5.46961030158241365E-002 ,
   0.00000000000000000E+000 ,
   3.72289272950200673E-007 ,
   9.94247539885166121E-001 ,
  -7.70702795108256927E-002 ,
   0.00000000000000000E+000 ,
   3.91314175807624136E-007 ,
   9.99340287692400242E-001 ,
  -8.86819745726247499E-002 ,
   7.81250000000000000E-003 ,
   3.93065576498427913E-007 ,
   9.99568468538178379E-001 ,
  -9.30566882530767941E-002 ,
   7.81250000000000000E-003 ,
   3.72154540257994495E-007 ,
   9.98760849474280343E-001 ,
  -8.61788352144430420E-002 ,
   7.81250000000000000E-003 ,
   3.55550681306009882E-007 ,
   9.91497134605633712E-001 ,
  -7.39267476593746670E-002 ,
   7.81250000000000000E-003 ,
   3.63164887673774514E-005 ,
   9.70097133444675630E-001 ,
  -5.95555358229397439E-002 ,
   0.00000000000000000E+000 ,
   7.63433090546110193E-001 ,
   7.81284813769424269E-001 ,
  -4.45618742731049219E-002 ,
   0.00000000000000000E+000 ,
   9.69074411976289740E-001 ,
   4.01525831200648331E-001 ,
  -4.45570636378349039E-002 ,
   0.00000000000000000E+000 ,
   9.92337808928595799E-001 ,
   3.39146831184191921E-001 ,
  -4.43367364240154355E-002 ,
   0.00000000000000000E+000 ,
   9.96900399044838403E-001 ,
   1.51199417280138970E-001 ,
  -4.42759775458829649E-002 ,
   0.00000000000000000E+000 ,
   9.96891142889871906E-001 ,
   1.76950441250794843E-001 ,
  -4.48395953174229728E-002 ,
   0.00000000000000000E+000 ,
   9.60606597505661242E-001 ,
   7.09639822279984567E-001 ,
  -4.52739307655736223E-002 ,
   0.00000000000000000E+000 ,
   8.39408174862065891E-005 ,
   8.91544183817122304E-001 ,
  -5.55177129818863468E-002 ,
   0.00000000000000000E+000 ,
   3.65137804902245917E-007 ,
   9.72057895359163759E-001 ,
  -6.75654206636382010E-002 ,
   0.00000000000000000E+000 ,
   3.81560978132953981E-007 ,
   9.95191826276461966E-001 ,
  -8.12612183025793744E-002 ,
   0.00000000000000000E+000 ,
   3.86049641054683879E-007 ,
   9.99384584055344805E-001 ,
  -9.01794221200267476E-002 ,
   7.81250000000000000E-003 ,
   4.06355021738024572E-003 ,
   9.66397815106763591E-001 ,
  -5.58582838790484051E-002 ,
   7.81250000000000000E-003 ,
   4.74160962065136721E-002 ,
   9.26802974083440811E-001 ,
  -5.16502657011549612E-002 ,
   0.00000000000000000E+000 ,
   6.85064946677773845E-001 ,
   8.71319645714556223E-001 ,
  -4.45115028713648081E-002 ,
   0.00000000000000000E+000 ,
   8.69173970340193058E-001 ,
   7.97951010629353918E-001 ,
  -4.42707860506902570E-002 ,
   0.00000000000000000E+000 ,
   8.60586292775270434E-001 ,
   8.56320398890175305E-001 ,
  -4.47842824021713742E-002 ,
   0.00000000000000000E+000 ,
   6.86419462996615937E-001 ,
   9.40805143364025875E-001 ,
  -4.56779617236930668E-002 ,
   0.00000000000000000E+000 ,
   4.37489396956559351E-007 ,
   9.80154627636859344E-001 ,
  -6.52912898030760386E-002 ,
   0.00000000000000000E+000 ,
   4.18659057511213803E-007 ,
   9.94764195208835966E-001 ,
  -7.63914315762808799E-002 ,
   0.00000000000000000E+000 ,
   3.96944702734526341E-007 ,
   9.99003434521851474E-001 ,
  -8.58166882263748931E-002 ,
   0.00000000000000000E+000 ,
   6.11289745162452070E-007 ,
   9.99860569162804858E-001 ,
  -9.22926184804071237E-002 ,
   0.00000000000000000E+000 ,
   4.12172524948995929E-007 ,
   9.99908529172920613E-001 ,
  -9.50623434608399015E-002 ,
   3.90625000000000000E-003 ,
   3.88812391363784600E-007 ,
   9.99746525684585330E-001 ,
  -9.05894629174566063E-002 ,
   7.81250000000000000E-003 ,
   3.63772263620902928E-007 ,
   9.98404000331055141E-001 ,
  -8.28761876559803851E-002 ,
   7.81250000000000000E-003 ,
   3.98546419122316228E-007 ,
   9.95271966326912394E-001 ,
  -7.82168115358606447E-002 ,
   7.81250000000000000E-003 ,
   4.44922869443517166E-007 ,
   9.95630867961023514E-001 ,
  -7.94694208171164845E-002 ,
   0.00000000000000000E+000 ,
   4.56530087021655268E-007 ,
   9.90807911996311241E-001 ,
  -7.46607997440722759E-002 ,
   0.00000000000000000E+000 ,
   3.89217166324890052E-007 ,
   9.83870230918340583E-001 ,
  -7.04305627737353696E-002 ,
   0.00000000000000000E+000 ,
   4.32652414623664239E-007 ,
   9.76810883269953134E-001 ,
  -6.88948466177219943E-002 ,
   0.00000000000000000E+000 ,
   3.79768696063580357E-007 ,
   9.82045988791936053E-001 ,
  -6.94854645317767861E-002 ,
   0.00000000000000000E+000 ,
   4.10050195862323601E-007 ,
   9.91474635802698789E-001 ,
  -7.40968062258385574E-002 ,
   0.00000000000000000E+000 ,
   4.03153951420206579E-007 ,
   9.96991334476028723E-001 ,
  -8.11678479538543857E-002 ,
   0.00000000000000000E+000 ,
   3.79747009087709360E-007 ,
   9.99192178672666964E-001 ,
  -8.73346629961234550E-002 ,
   0.00000000000000000E+000 ,
   3.99535458899227995E-007 ,
   9.99838858544348952E-001 ,
  -9.21230574000506813E-002 ,
   0.00000000000000000E+000 ,
   4.13262073623420946E-007 ,
   9.99975574113599164E-001 ,
  -9.54670220140720893E-002 ,
   0.00000000000000000E+000 ,
   3.31239436121135359E-007 ,
   9.99985652009530712E-001 ,
  -9.70576904549059483E-002 ,
   0.00000000000000000E+000 ,
   3.68690784688987333E-007 ,
   9.99960511369098026E-001 ,
  -9.46879644331593967E-002 ,
   3.90625000000000000E-003 ,
   3.45698731916159499E-007 ,
   9.99767333223183119E-001 ,
  -9.08997264584388703E-002 ,
   0.00000000000000000E+000 ,
   3.53745012751826774E-007 ,
   9.99399544240531013E-001 ,
  -8.91625723774235462E-002 ,
   0.00000000000000000E+000 ,
   3.61274822470952039E-007 ,
   9.98520575139348443E-001 ,
  -9.02772910189739430E-002 ,
   0.00000000000000000E+000 ,
   2.93863962931910663E-007 ,
   9.96944512824197715E-001 ,
  -8.75903181595565350E-002 ,
   0.00000000000000000E+000 ,
   3.18963540126538856E-007 ,
   9.93966276924922787E-001 ,
  -8.61366651076749257E-002 ,
   0.00000000000000000E+000 ,
   4.38791561466034217E-007 ,
   9.92715103378158492E-001 ,
  -8.60752131787055896E-002 ,
   0.00000000000000000E+000 ,
   3.77362173127519837E-007 ,
   9.95667765640060876E-001 ,
  -8.68306299442590801E-002 ,
   0.00000000000000000E+000 ,
   4.24275941253216719E-007 ,
   9.98171856496115617E-001 ,
  -8.91923227855921236E-002 ,
   0.00000000000000000E+000 ,
   3.99148444061803327E-007 ,
   9.99423977756538351E-001 ,
  -9.20834282426875594E-002 ,
   0.00000000000000000E+000 ,
   3.72546845615634585E-007 ,
   9.99735034606442308E-001 ,
  -9.33136011115304059E-002 ,
   0.00000000000000000E+000 ,
   3.52171723235377763E-007 ,
   9.99467532094116096E-001 ,
  -9.16192356868368168E-002 ,
   0.00000000000000000E+000 ,
   3.78341246853696666E-007 ,
   9.98987892563283242E-001 ,
  -9.07144199297963555E-002 ,
   0.00000000000000000E+000 ,
   4.28788693028497670E-007 ,
   9.98786035659277371E-001 ,
  -9.06639862296642896E-002 ,
  -1.25000000000000007E-002 ,
   3.67848487379486767E-007 ,
   9.99244723412099134E-001 ,
  -9.11145132326586088E-002 ,
   0.00000000000000000E+000 ,
   4.54637533547649256E-007 ,
   9.99665938464097681E-001 ,
  -9.25500223594287741E-002 ,
   0.00000000000000000E+000 ,
   4.15234700306634552E-007 ,
   9.99891191934565438E-001 ,
  -9.44151202809315054E-002 ,
