1
0
4
0
(16 0
((0,0) (31,31) (0,0))
((0,32) (31,63) (0,0))
((0,64) (31,95) (0,0))
((0,96) (31,127) (0,0))
((32,0) (63,31) (0,0))
((32,32) (63,63) (0,0))
((32,64) (63,95) (0,0))
((32,96) (63,127) (0,0))
((64,0) (95,31) (0,0))
((64,32) (95,63) (0,0))
((64,64) (95,95) (0,0))
((64,96) (95,127) (0,0))
((96,0) (127,31) (0,0))
((96,32) (127,63) (0,0))
((96,64) (127,95) (0,0))
((96,96) (127,127) (0,0))
)
16
FabOnDisk: Cell_D_00000 0
FabOnDisk: Cell_D_00000 32850
FabOnDisk: Cell_D_00000 65701
FabOnDisk: Cell_D_00000 98552
FabOnDisk: Cell_D_00000 131404
FabOnDisk: Cell_D_00000 164255
FabOnDisk: Cell_D_00000 197107
FabOnDisk: Cell_D_00000 229959
FabOnDisk: Cell_D_00000 262812
FabOnDisk: Cell_D_00000 295663
FabOnDisk: Cell_D_00000 328515
FabOnDisk: Cell_D_00000 361367
FabOnDisk: Cell_D_00000 394220
FabOnDisk: Cell_D_00000 427072
FabOnDisk: Cell_D_00000 459925
FabOnDisk: Cell_D_00000 492778

16,4
  -5.46874999999999931E-002 ,
  -6.55080131701522572E-008 ,
   9.98484329138421889E-001 ,
  -9.99970991468193127E-002 ,
  -8.74999999999999944E-002 ,
  -4.10799576524995199E-008 ,
   1.23139845219907521E-001 ,
  -9.93641595346500817E-002 ,
  -1.25000000000000007E-002 ,
  -3.64163332761026085E-008 ,
   1.23340278824936048E-001 ,
  -9.93572471674329522E-002 ,
  -1.00000000000000006E-001 ,
  -8.11449768669376742E-008 ,
   9.98451130189484615E-001 ,
  -9.99970057330510365E-002 ,
  -8.74999999999999944E-002 ,
  -7.66868979304298399E-008 ,
   9.99999589749966944E-001 ,
  -9.99999858170860512E-002 ,
  -1.00000000000000006E-001 ,
  -7.60623617796597968E-008 ,
   9.97284437237719201E-001 ,
  -9.99980564791224241E-002 ,
  -1.00000000000000006E-001 ,
  -8.30657309332309482E-008 ,
   9.97294575583472787E-001 ,
  -9.99980340708565701E-002 ,
  -1.00000000000000006E-001 ,
  -9.47947828457804100E-008 ,
   9.99999702016674430E-001 ,
  -9.99999853846885028E-002 ,
  -1.00000000000000006E-001 ,
   0.00000000000000000E+000 ,
   1.00000000000000000E+000 ,
  -9.99999999971201703E-002 ,
   0.00000000000000000E+000 ,
   0.00000000000000000E+000 ,
   9.99999999999522160E-001 ,
  -9.99999997013084757E-002 ,
  -1.00000000000000006E-001 ,
   0.00000000000000000E+000 ,
   9.99999999999522160E-001 ,
  -9.99999996987598061E-002 ,
   0.00000000000000000E+000 ,
   0.00000000000000000E+000 ,
   1.00000000000000000E+000 ,
  -9.99999999970523079E-002 ,
  -1.00000000000000006E-001 ,
   0.00000000000000000E+000 ,
   1.00000000000000000E+000 ,
  -1.00000000000000006E-001 ,
  -1.00000000000000006E-001 ,
   0.00000000000000000E+000 ,
   1.00000000000000000E+000 ,
  -1.00000000000000006E-001 ,
  -1.00000000000000006E-001 ,
   0.00000000000000000E+000 ,
   1.00000000000000000E+000 ,
  -1.00000000000000006E-001 ,
  -1.00000000000000006E-001 ,
   0.00000000000000000E+000 ,
   1.00000000000000000E+000 ,
  -1.00000000000000006E-001 ,

16,4
   2.12199579145933796E-308 ,
   6.22144434907329413E-008 ,
   1.00000008958943032E+000 ,
  -9.39619120754618398E-002 ,
   7.81250000000000000E-003 ,
   1.00000000843331871E+000 ,
   9.99999077244968060E-001 ,
  -4.34252908427322643E-002 ,
   0.00000000000000000E+000 ,
   1.00000002365434293E+000 ,
   9.99999038203309487E-001 ,
  -4.31268996480967948E-002 ,
   2.12199579096535482E-308 ,
   1.06402791779119605E-007 ,
   1.00000003412829974E+000 ,
  -9.38176560767584322E-002 ,
   1.00000000000000000E+000 ,
   5.17509889015514561E-008 ,
   1.00000016045440443E+000 ,
  -9.95182188638063514E-002 ,
   1.00000000000000000E+000 ,
   7.65907590805154315E-008 ,
   1.00000019955553032E+000 ,
  -9.30215648334407758E-002 ,
   1.00000000000000000E+000 ,
   9.05556687996283981E-008 ,
   1.00000028128035012E+000 ,
  -9.30226710406040214E-002 ,
   1.00000000000000000E+000 ,
   8.68294532385062452E-008 ,
   1.00000025455884378E+000 ,
  -9.95122865703984699E-002 ,
   2.09800035850026933E-319 ,
   0.00000000000000000E+000 ,
   1.00000000000000000E+000 ,
  -9.99986357702748463E-002 ,
   1.00000000000000000E+000 ,
   0.00000000000000000E+000 ,
   1.00000000000000000E+000 ,
  -9.99893898162224348E-002 ,
   1.00000000000000000E+000 ,
   0.00000000000000000E+000 ,
   1.00000000000000000E+000 ,
  -9.99893888561444594E-002 ,
   1.00000000000000000E+000 ,
   0.00000000000000000E+000 ,
   1.00000000000000000E+000 ,
  -9.99986191022293608E-002 ,
   1.00000000000000000E+000 ,
   0.00000000000000000E+000 ,
   1.00000000000000000E+000 ,
  -9.99999998075217500E-002 ,
   1.00000000000000000E+000 ,
   0.00000000000000000E+000 ,
   1.00000000000000000E+000 ,
  -9.99999987735484680E-002 ,
   1.00000000000000000E+000 ,
   0.00000000000000000E+000 ,
   1.00000000000000000E+000 ,
  -9.99999987734129098E-002 ,
   5.24500089625067331E-319 ,
   0.00000000000000000E+000 ,
   1.00000000000000000E+000 ,
  -9.99999998058276746E-002 ,
