1
0
4
0
(15 0
((0,56) (15,71) (0,0))
((0,72) (15,103) (0,0))
((0,104) (15,135) (0,0))
((0,136) (15,167) (0,0))
((0,168) (15,199) (0,0))
((16,56) (47,71) (0,0))
((16,72) (47,103) (0,0))
((16,104) (47,135) (0,0))
((16,136) (47,167) (0,0))
((16,168) (47,199) (0,0))
((48,56) (79,71) (0,0))
((48,72) (79,103) (0,0))
((48,104) (79,135) (0,0))
((48,136) (79,167) (0,0))
((48,168) (79,199) (0,0))
)
15
FabOnDisk: Cell_D_00000 0
FabOnDisk: Cell_D_00000 8275
FabOnDisk: Cell_D_00000 24743
FabOnDisk: Cell_D_00000 41212
FabOnDisk: Cell_D_00000 57681
FabOnDisk: Cell_D_00000 74150
FabOnDisk: Cell_D_00000 90618
FabOnDisk: Cell_D_00000 123471
FabOnDisk: Cell_D_00000 156325
FabOnDisk: Cell_D_00000 189179
FabOnDisk: Cell_D_00000 222033
FabOnDisk: Cell_D_00000 238501
FabOnDisk: Cell_D_00000 271354
FabOnDisk: Cell_D_00000 304208
FabOnDisk: Cell_D_00000 337062

15,4
   0.00000000000000000E+000 ,
  -1.53090240565403863E-007 ,
   9.80072408491827529E-001 ,
  -9.71408347497603880E-002 ,
   0.00000000000000000E+000 ,
  -6.95311251167663828E-008 ,
   1.22267387580803980E-001 ,
  -8.82818491288958757E-002 ,
   0.00000000000000000E+000 ,
   2.76854166301183143E-003 ,
   1.33220548708602560E-001 ,
  -4.70401721970492154E-002 ,
   0.00000000000000000E+000 ,
   2.57619334145359322E-006 ,
   1.22966898915458922E-001 ,
  -5.66761466577885703E-002 ,
  -1.00000000000000006E-001 ,
  -1.65219971467667636E-007 ,
   1.24217913930210339E-001 ,
  -9.70718016205154299E-002 ,
  -8.74999999999999944E-002 ,
  -1.68815731127721290E-007 ,
   9.92079754615292519E-001 ,
  -9.91422608886829287E-002 ,
  -8.74999999999999944E-002 ,
  -1.10314276458677883E-007 ,
   1.39691051855064696E-001 ,
  -9.71084890748875607E-002 ,
  -8.20312500000000000E-002 ,
  -4.82983168955078503E-008 ,
   1.27467349124869289E-001 ,
  -7.93653042721298024E-002 ,
  -1.25000000000000007E-002 ,
  -8.77816698657617872E-008 ,
   1.27824818577407739E-001 ,
  -9.19392352011842579E-002 ,
  -1.00000000000000006E-001 ,
  -1.85627189538744608E-007 ,
   6.54995873617078783E-001 ,
  -9.91257414072466980E-002 ,
  -8.74999999999999944E-002 ,
  -1.79757741660068716E-007 ,
   9.99896571240519894E-001 ,
  -9.98952966508063617E-002 ,
  -1.00000000000000006E-001 ,
  -1.69577631444539616E-007 ,
   9.56024096090453468E-001 ,
  -9.96897859410963982E-002 ,
  -1.00000000000000006E-001 ,
  -1.62412951729104541E-007 ,
   7.87852141260675598E-001 ,
  -9.86303921672372352E-002 ,
  -1.00000000000000006E-001 ,
  -2.05320900782382228E-007 ,
   8.38442308888502463E-001 ,
  -9.92696105057454120E-002 ,
   0.00000000000000000E+000 ,
  -1.95244714494694155E-007 ,
   9.97136766284170140E-001 ,
  -9.98937051477675475E-002 ,

15,4
   0.00000000000000000E+000 ,
   1.60813591305242668E-007 ,
   9.99882131746303804E-001 ,
  -8.62980373969716857E-002 ,
   2.59399414062500000E-003 ,
   9.99999912470865393E-001 ,
   9.88775332624176162E-001 ,
  -4.32942258890077203E-002 ,
   0.00000000000000000E+000 ,
   1.00000008950483288E+000 ,
   1.68334182473645733E-001 ,
  -4.58194870875605897E-002 ,
   0.00000000000000000E+000 ,
   9.99999914174374060E-001 ,
   5.52312441868518134E-001 ,
  -4.30261242652164380E-002 ,
   0.00000000000000000E+000 ,
   9.70687191283079676E-001 ,
   9.99880630166578133E-001 ,
  -4.31103174279936704E-002 ,
   0.00000000000000000E+000 ,
   1.85842677487113797E-007 ,
   9.99997236679048829E-001 ,
  -8.96102321209551744E-002 ,
   7.81250000000000000E-003 ,
   9.99687872484072759E-001 ,
   9.99840608635550909E-001 ,
  -4.38166956420057985E-002 ,
   0.00000000000000000E+000 ,
   9.99999281955735397E-001 ,
   9.36971492680608087E-001 ,
  -4.39093923112710283E-002 ,
   0.00000000000000000E+000 ,
   9.99987567674756050E-001 ,
   9.95796596897850494E-001 ,
  -4.37761901303866455E-002 ,
   0.00000000000000000E+000 ,
   1.81049413771636655E-006 ,
   9.99997198868407433E-001 ,
  -6.07545839081936323E-002 ,
   1.00000000000000000E+000 ,
   1.78377822430838756E-007 ,
   1.00000084743672391E+000 ,
  -9.74632194138164015E-002 ,
   1.00000000000000000E+000 ,
   1.73879784994317236E-007 ,
   1.00000029878010288E+000 ,
  -8.18679038003225640E-002 ,
   0.00000000000000000E+000 ,
   1.87650260835960301E-007 ,
   9.99988116146359629E-001 ,
  -6.81491613507133887E-002 ,
   0.00000000000000000E+000 ,
   2.19017849697465872E-007 ,
   9.99998430304144370E-001 ,
  -7.10161063258207270E-002 ,
   1.00000000000000000E+000 ,
   2.73037968023109020E-007 ,
   1.00000126290306368E+000 ,
  -9.29018225307979978E-002 ,
