1
0
4
0
(319 0
((0,104) (23,127) (0,0))
((0,128) (23,159) (0,0))
((0,160) (23,191) (0,0))
((0,192) (23,223) (0,0))
((0,224) (23,255) (0,0))
((0,256) (23,287) (0,0))
((0,288) (23,319) (0,0))
((0,320) (23,351) (0,0))
((0,352) (23,383) (0,0))
((0,384) (15,407) (0,0))
((0,408) (15,431) (0,0))
((0,432) (15,455) (0,0))
((0,456) (15,487) (0,0))
((0,536) (15,567) (0,0))
((0,568) (15,599) (0,0))
((0,600) (15,631) (0,0))
((0,632) (23,663) (0,0))
((0,664) (23,695) (0,0))
((0,696) (23,727) (0,0))
((0,728) (23,759) (0,0))
((0,760) (23,791) (0,0))
((0,792) (23,823) (0,0))
((0,824) (23,855) (0,0))
((0,856) (23,887) (0,0))
((0,888) (23,919) (0,0))
((16,384) (47,407) (0,0))
((16,408) (47,431) (0,0))
((16,432) (47,455) (0,0))
((16,456) (47,487) (0,0))
((16,536) (47,567) (0,0))
((16,568) (47,599) (0,0))
((16,600) (47,631) (0,0))
((24,104) (55,127) (0,0))
((24,128) (55,159) (0,0))
((24,160) (55,191) (0,0))
((24,192) (55,223) (0,0))
((24,224) (55,255) (0,0))
((24,256) (55,287) (0,0))
((24,288) (55,319) (0,0))
((24,320) (55,351) (0,0))
((24,352) (55,383) (0,0))
((24,632) (55,663) (0,0))
((24,664) (55,695) (0,0))
((24,696) (55,727) (0,0))
((24,728) (55,759) (0,0))
((24,760) (55,791) (0,0))
((24,792) (55,823) (0,0))
((24,824) (55,855) (0,0))
((24,856) (55,887) (0,0))
((24,888) (55,919) (0,0))
((48,384) (79,407) (0,0))
((48,408) (79,431) (0,0))
((48,432) (79,455) (0,0))
((48,456) (79,487) (0,0))
((48,488) (79,503) (0,0))
((48,504) (79,535) (0,0))
((48,536) (79,567) (0,0))
((48,568) (79,599) (0,0))
((48,600) (79,631) (0,0))
((56,112) (79,127) (0,0))
((56,128) (79,159) (0,0))
((56,160) (79,191) (0,0))
((56,192) (79,223) (0,0))
((56,224) (79,255) (0,0))
((56,256) (79,287) (0,0))
((56,288) (79,319) (0,0))
((56,320) (79,351) (0,0))
((56,352) (79,383) (0,0))
((56,632) (79,655) (0,0))
((56,656) (79,687) (0,0))
((56,688) (79,719) (0,0))
((56,720) (79,751) (0,0))
((56,752) (79,783) (0,0))
((56,784) (79,815) (0,0))
((56,816) (79,847) (0,0))
((56,848) (79,879) (0,0))
((56,880) (79,911) (0,0))
((80,120) (103,143) (0,0))
((80,144) (103,167) (0,0))
((80,168) (103,191) (0,0))
((80,192) (103,223) (0,0))
((80,224) (103,255) (0,0))
((80,256) (103,287) (0,0))
((80,288) (103,319) (0,0))
((80,320) (103,351) (0,0))
((80,352) (103,383) (0,0))
((80,384) (111,407) (0,0))
((80,408) (111,431) (0,0))
((80,432) (111,455) (0,0))
((80,456) (111,487) (0,0))
((80,488) (111,503) (0,0))
((80,504) (111,535) (0,0))
((80,536) (111,567) (0,0))
((80,568) (111,599) (0,0))
((80,600) (111,631) (0,0))
((80,632) (103,647) (0,0))
((80,648) (103,679) (0,0))
((80,680) (103,711) (0,0))
((80,712) (103,743) (0,0))
((80,744) (103,775) (0,0))
((80,776) (103,807) (0,0))
((80,808) (103,839) (0,0))
((80,840) (103,871) (0,0))
((80,872) (103,903) (0,0))
((104,128) (127,159) (0,0))
((104,160) (127,191) (0,0))
((104,192) (127,223) (0,0))
((104,224) (127,255) (0,0))
((104,256) (127,287) (0,0))
((104,288) (127,319) (0,0))
((104,320) (127,351) (0,0))
((104,352) (127,383) (0,0))
((104,632) (127,655) (0,0))
((104,656) (127,679) (0,0))
((104,680) (127,703) (0,0))
((104,704) (127,735) (0,0))
((104,736) (127,767) (0,0))
((104,768) (127,799) (0,0))
((104,800) (127,831) (0,0))
((104,832) (127,863) (0,0))
((104,864) (127,895) (0,0))
((112,384) (143,407) (0,0))
((112,408) (143,431) (0,0))
((112,432) (143,455) (0,0))
((112,456) (143,487) (0,0))
((112,488) (143,503) (0,0))
((112,504) (143,535) (0,0))
((112,536) (143,567) (0,0))
((112,568) (143,599) (0,0))
((112,600) (143,631) (0,0))
((128,144) (151,159) (0,0))
((128,160) (151,191) (0,0))
((128,192) (151,223) (0,0))
((128,224) (151,255) (0,0))
((128,256) (151,287) (0,0))
((128,288) (151,319) (0,0))
((128,320) (151,351) (0,0))
((128,352) (151,383) (0,0))
((128,632) (151,655) (0,0))
((128,656) (151,687) (0,0))
((128,688) (151,719) (0,0))
((128,720) (151,751) (0,0))
((128,752) (151,783) (0,0))
((128,784) (151,815) (0,0))
((128,816) (151,847) (0,0))
((128,848) (151,879) (0,0))
((144,384) (175,407) (0,0))
((144,408) (175,431) (0,0))
((144,432) (175,455) (0,0))
((144,456) (175,487) (0,0))
((144,488) (175,503) (0,0))
((144,504) (175,535) (0,0))
((144,536) (175,567) (0,0))
((144,568) (175,599) (0,0))
((144,600) (175,631) (0,0))
((152,152) (175,175) (0,0))
((152,176) (175,199) (0,0))
((152,200) (175,223) (0,0))
((152,224) (175,255) (0,0))
((152,256) (175,287) (0,0))
((152,288) (175,319) (0,0))
((152,320) (175,351) (0,0))
((152,352) (175,383) (0,0))
((152,632) (175,647) (0,0))
((152,648) (175,679) (0,0))
((152,680) (175,711) (0,0))
((152,712) (175,743) (0,0))
((152,744) (175,775) (0,0))
((152,776) (175,807) (0,0))
((152,808) (175,839) (0,0))
((152,840) (175,871) (0,0))
((176,168) (199,191) (0,0))
((176,192) (199,223) (0,0))
((176,224) (199,255) (0,0))
((176,256) (199,287) (0,0))
((176,288) (199,319) (0,0))
((176,320) (199,351) (0,0))
((176,352) (199,383) (0,0))
((176,384) (207,407) (0,0))
((176,408) (207,431) (0,0))
((176,432) (207,455) (0,0))
((176,456) (207,487) (0,0))
((176,488) (207,503) (0,0))
((176,504) (207,535) (0,0))
((176,536) (207,567) (0,0))
((176,568) (207,599) (0,0))
((176,600) (207,631) (0,0))
((176,632) (199,663) (0,0))
((176,664) (199,695) (0,0))
((176,696) (199,727) (0,0))
((176,728) (199,759) (0,0))
((176,760) (199,791) (0,0))
((176,792) (199,823) (0,0))
((176,824) (199,855) (0,0))
((200,176) (223,191) (0,0))
((200,192) (223,223) (0,0))
((200,224) (223,255) (0,0))
((200,256) (223,287) (0,0))
((200,288) (223,319) (0,0))
((200,320) (223,351) (0,0))
((200,352) (223,383) (0,0))
((200,632) (215,655) (0,0))
((200,656) (215,687) (0,0))
((200,688) (215,719) (0,0))
((200,720) (215,751) (0,0))
((200,752) (215,783) (0,0))
((200,784) (215,815) (0,0))
((200,816) (215,847) (0,0))
((208,384) (239,407) (0,0))
((208,408) (239,431) (0,0))
((208,432) (239,455) (0,0))
((208,456) (239,487) (0,0))
((208,488) (239,503) (0,0))
((208,504) (239,535) (0,0))
((208,536) (239,567) (0,0))
((208,568) (239,599) (0,0))
((208,600) (239,631) (0,0))
((216,632) (247,655) (0,0))
((216,656) (247,687) (0,0))
((216,688) (247,719) (0,0))
((216,720) (247,751) (0,0))
((216,752) (247,783) (0,0))
((216,784) (247,815) (0,0))
((216,816) (247,847) (0,0))
((224,192) (239,223) (0,0))
((224,224) (239,255) (0,0))
((224,256) (239,287) (0,0))
((224,288) (239,319) (0,0))
((224,320) (239,351) (0,0))
((224,352) (239,383) (0,0))
((240,192) (263,223) (0,0))
((240,224) (263,255) (0,0))
((240,256) (263,287) (0,0))
((240,288) (263,319) (0,0))
((240,320) (263,351) (0,0))
((240,352) (263,383) (0,0))
((240,384) (271,407) (0,0))
((240,408) (271,431) (0,0))
((240,432) (271,455) (0,0))
((240,456) (271,487) (0,0))
((240,488) (271,503) (0,0))
((240,504) (271,535) (0,0))
((240,536) (271,567) (0,0))
((240,568) (271,599) (0,0))
((240,600) (271,631) (0,0))
((248,632) (279,655) (0,0))
((248,656) (279,687) (0,0))
((248,688) (279,719) (0,0))
((248,720) (279,751) (0,0))
((248,752) (279,783) (0,0))
((248,784) (279,815) (0,0))
((264,216) (279,239) (0,0))
((264,240) (279,263) (0,0))
((264,264) (279,287) (0,0))
((264,288) (279,319) (0,0))
((264,320) (279,351) (0,0))
((264,352) (279,383) (0,0))
((272,384) (303,407) (0,0))
((272,408) (303,431) (0,0))
((272,432) (303,455) (0,0))
((272,456) (303,487) (0,0))
((272,488) (303,503) (0,0))
((272,504) (303,535) (0,0))
((272,536) (303,567) (0,0))
((272,568) (303,599) (0,0))
((272,600) (303,631) (0,0))
((280,216) (311,239) (0,0))
((280,240) (311,263) (0,0))
((280,264) (311,287) (0,0))
((280,288) (311,319) (0,0))
((280,320) (311,351) (0,0))
((280,352) (311,383) (0,0))
((280,632) (311,647) (0,0))
((280,648) (311,679) (0,0))
((280,680) (311,711) (0,0))
((280,712) (311,743) (0,0))
((280,744) (311,775) (0,0))
((304,384) (335,407) (0,0))
((304,408) (335,431) (0,0))
((304,432) (335,455) (0,0))
((304,456) (335,487) (0,0))
((304,488) (335,503) (0,0))
((304,504) (335,535) (0,0))
((304,536) (335,567) (0,0))
((304,568) (335,599) (0,0))
((304,600) (335,631) (0,0))
((312,272) (335,295) (0,0))
((312,296) (343,319) (0,0))
((312,320) (343,351) (0,0))
((312,352) (343,383) (0,0))
((312,632) (335,655) (0,0))
((312,656) (335,679) (0,0))
((312,680) (335,703) (0,0))
((312,704) (335,735) (0,0))
((336,384) (367,407) (0,0))
((336,408) (367,431) (0,0))
((336,432) (367,455) (0,0))
((336,456) (367,487) (0,0))
((336,488) (367,503) (0,0))
((336,504) (367,535) (0,0))
((336,536) (367,567) (0,0))
((336,568) (367,599) (0,0))
((336,600) (367,631) (0,0))
((336,632) (351,647) (0,0))
((336,648) (351,671) (0,0))
((336,672) (359,703) (0,0))
((344,320) (375,351) (0,0))
((344,352) (375,383) (0,0))
((352,632) (375,647) (0,0))
((352,648) (375,671) (0,0))
((368,384) (399,407) (0,0))
((368,408) (399,431) (0,0))
((368,432) (399,455) (0,0))
((368,456) (399,487) (0,0))
((368,488) (399,503) (0,0))
((368,504) (399,535) (0,0))
((368,536) (399,567) (0,0))
((368,568) (399,599) (0,0))
((368,600) (399,631) (0,0))
)
319
FabOnDisk: Cell_D_00000 0
FabOnDisk: Cell_D_00000 18517
FabOnDisk: Cell_D_00000 43178
FabOnDisk: Cell_D_00000 67839
FabOnDisk: Cell_D_00000 92500
FabOnDisk: Cell_D_00000 117161
FabOnDisk: Cell_D_00000 141822
FabOnDisk: Cell_D_00000 166483
FabOnDisk: Cell_D_00000 191144
FabOnDisk: Cell_D_00000 215805
FabOnDisk: Cell_D_00000 228178
FabOnDisk: Cell_D_00000 240551
FabOnDisk: Cell_D_00000 252924
FabOnDisk: Cell_D_00000 269393
FabOnDisk: Cell_D_00000 285862
FabOnDisk: Cell_D_00000 302331
FabOnDisk: Cell_D_00000 318800
FabOnDisk: Cell_D_00000 343461
FabOnDisk: Cell_D_00000 368122
FabOnDisk: Cell_D_00000 392783
FabOnDisk: Cell_D_00000 417444
FabOnDisk: Cell_D_00000 442105
FabOnDisk: Cell_D_00000 466766
FabOnDisk: Cell_D_00000 491427
FabOnDisk: Cell_D_00000 516088
FabOnDisk: Cell_D_00000 540749
FabOnDisk: Cell_D_00000 565411
FabOnDisk: Cell_D_00000 590073
FabOnDisk: Cell_D_00000 614735
FabOnDisk: Cell_D_00000 647589
FabOnDisk: Cell_D_00000 680443
FabOnDisk: Cell_D_00000 713297
FabOnDisk: Cell_D_00000 746151
FabOnDisk: Cell_D_00000 770813
FabOnDisk: Cell_D_00000 803667
FabOnDisk: Cell_D_00000 836521
FabOnDisk: Cell_D_00000 869375
FabOnDisk: Cell_D_00000 902229
FabOnDisk: Cell_D_00000 935083
FabOnDisk: Cell_D_00000 967937
FabOnDisk: Cell_D_00000 1000791
FabOnDisk: Cell_D_00000 1033645
FabOnDisk: Cell_D_00000 1066499
FabOnDisk: Cell_D_00000 1099353
FabOnDisk: Cell_D_00000 1132207
FabOnDisk: Cell_D_00000 1165061
FabOnDisk: Cell_D_00000 1197915
FabOnDisk: Cell_D_00000 1230769
FabOnDisk: Cell_D_00000 1263623
FabOnDisk: Cell_D_00000 1296477
FabOnDisk: Cell_D_00000 1329331
FabOnDisk: Cell_D_00000 1353993
FabOnDisk: Cell_D_00000 1378655
FabOnDisk: Cell_D_00000 1403317
FabOnDisk: Cell_D_00000 1436171
FabOnDisk: Cell_D_00000 1452641
FabOnDisk: Cell_D_00000 1485495
FabOnDisk: Cell_D_00000 1518349
FabOnDisk: Cell_D_00000 1551203
FabOnDisk: Cell_D_00000 1584057
FabOnDisk: Cell_D_00000 1596431
FabOnDisk: Cell_D_00000 1621093
FabOnDisk: Cell_D_00000 1645755
FabOnDisk: Cell_D_00000 1670417
FabOnDisk: Cell_D_00000 1695079
FabOnDisk: Cell_D_00000 1719741
FabOnDisk: Cell_D_00000 1744403
FabOnDisk: Cell_D_00000 1769065
FabOnDisk: Cell_D_00000 1793727
FabOnDisk: Cell_D_00000 1812245
FabOnDisk: Cell_D_00000 1836907
FabOnDisk: Cell_D_00000 1861569
FabOnDisk: Cell_D_00000 1886231
FabOnDisk: Cell_D_00000 1910893
FabOnDisk: Cell_D_00000 1935555
FabOnDisk: Cell_D_00000 1960217
FabOnDisk: Cell_D_00000 1984879
FabOnDisk: Cell_D_00000 2009541
FabOnDisk: Cell_D_00000 2028060
FabOnDisk: Cell_D_00000 2046579
FabOnDisk: Cell_D_00000 2065098
FabOnDisk: Cell_D_00000 2089761
FabOnDisk: Cell_D_00000 2114424
FabOnDisk: Cell_D_00000 2139087
FabOnDisk: Cell_D_00000 2163750
FabOnDisk: Cell_D_00000 2188413
FabOnDisk: Cell_D_00000 2213076
FabOnDisk: Cell_D_00000 2237739
FabOnDisk: Cell_D_00000 2262402
FabOnDisk: Cell_D_00000 2287065
FabOnDisk: Cell_D_00000 2319920
FabOnDisk: Cell_D_00000 2336391
FabOnDisk: Cell_D_00000 2369246
FabOnDisk: Cell_D_00000 2402101
FabOnDisk: Cell_D_00000 2434956
FabOnDisk: Cell_D_00000 2467811
FabOnDisk: Cell_D_00000 2480186
FabOnDisk: Cell_D_00000 2504849
FabOnDisk: Cell_D_00000 2529512
FabOnDisk: Cell_D_00000 2554175
FabOnDisk: Cell_D_00000 2578838
FabOnDisk: Cell_D_00000 2603501
FabOnDisk: Cell_D_00000 2628164
FabOnDisk: Cell_D_00000 2652827
FabOnDisk: Cell_D_00000 2677490
FabOnDisk: Cell_D_00000 2702154
FabOnDisk: Cell_D_00000 2726818
FabOnDisk: Cell_D_00000 2751482
FabOnDisk: Cell_D_00000 2776146
FabOnDisk: Cell_D_00000 2800810
FabOnDisk: Cell_D_00000 2825474
FabOnDisk: Cell_D_00000 2850138
FabOnDisk: Cell_D_00000 2874802
FabOnDisk: Cell_D_00000 2893322
FabOnDisk: Cell_D_00000 2911842
FabOnDisk: Cell_D_00000 2930362
FabOnDisk: Cell_D_00000 2955026
FabOnDisk: Cell_D_00000 2979690
FabOnDisk: Cell_D_00000 3004354
FabOnDisk: Cell_D_00000 3029018
FabOnDisk: Cell_D_00000 3053682
FabOnDisk: Cell_D_00000 3078346
FabOnDisk: Cell_D_00000 3103010
FabOnDisk: Cell_D_00000 3127674
FabOnDisk: Cell_D_00000 3152338
FabOnDisk: Cell_D_00000 3185194
FabOnDisk: Cell_D_00000 3201666
FabOnDisk: Cell_D_00000 3234522
FabOnDisk: Cell_D_00000 3267378
FabOnDisk: Cell_D_00000 3300234
FabOnDisk: Cell_D_00000 3333090
FabOnDisk: Cell_D_00000 3345466
FabOnDisk: Cell_D_00000 3370130
FabOnDisk: Cell_D_00000 3394794
FabOnDisk: Cell_D_00000 3419458
FabOnDisk: Cell_D_00000 3444122
FabOnDisk: Cell_D_00000 3468786
FabOnDisk: Cell_D_00000 3493450
FabOnDisk: Cell_D_00000 3518114
FabOnDisk: Cell_D_00000 3536634
FabOnDisk: Cell_D_00000 3561298
FabOnDisk: Cell_D_00000 3585962
FabOnDisk: Cell_D_00000 3610626
FabOnDisk: Cell_D_00000 3635290
FabOnDisk: Cell_D_00000 3659954
FabOnDisk: Cell_D_00000 3684618
FabOnDisk: Cell_D_00000 3709282
FabOnDisk: Cell_D_00000 3733946
FabOnDisk: Cell_D_00000 3758610
FabOnDisk: Cell_D_00000 3783274
FabOnDisk: Cell_D_00000 3816130
FabOnDisk: Cell_D_00000 3832602
FabOnDisk: Cell_D_00000 3865458
FabOnDisk: Cell_D_00000 3898314
FabOnDisk: Cell_D_00000 3931170
FabOnDisk: Cell_D_00000 3964026
FabOnDisk: Cell_D_00000 3982546
FabOnDisk: Cell_D_00000 4001066
FabOnDisk: Cell_D_00000 4019586
FabOnDisk: Cell_D_00000 4044250
FabOnDisk: Cell_D_00000 4068914
FabOnDisk: Cell_D_00000 4093578
FabOnDisk: Cell_D_00000 4118242
FabOnDisk: Cell_D_00000 4142906
FabOnDisk: Cell_D_00000 4155282
FabOnDisk: Cell_D_00000 4179946
FabOnDisk: Cell_D_00000 4204610
FabOnDisk: Cell_D_00000 4229274
FabOnDisk: Cell_D_00000 4253938
FabOnDisk: Cell_D_00000 4278602
FabOnDisk: Cell_D_00000 4303266
FabOnDisk: Cell_D_00000 4327930
FabOnDisk: Cell_D_00000 4346450
FabOnDisk: Cell_D_00000 4371114
FabOnDisk: Cell_D_00000 4395778
FabOnDisk: Cell_D_00000 4420442
FabOnDisk: Cell_D_00000 4445106
FabOnDisk: Cell_D_00000 4469770
FabOnDisk: Cell_D_00000 4494434
FabOnDisk: Cell_D_00000 4519098
FabOnDisk: Cell_D_00000 4543762
FabOnDisk: Cell_D_00000 4568426
FabOnDisk: Cell_D_00000 4601282
FabOnDisk: Cell_D_00000 4617754
FabOnDisk: Cell_D_00000 4650610
FabOnDisk: Cell_D_00000 4683466
FabOnDisk: Cell_D_00000 4716322
FabOnDisk: Cell_D_00000 4749178
FabOnDisk: Cell_D_00000 4773842
FabOnDisk: Cell_D_00000 4798506
FabOnDisk: Cell_D_00000 4823170
FabOnDisk: Cell_D_00000 4847834
FabOnDisk: Cell_D_00000 4872498
FabOnDisk: Cell_D_00000 4897162
FabOnDisk: Cell_D_00000 4921826
FabOnDisk: Cell_D_00000 4934202
FabOnDisk: Cell_D_00000 4958866
FabOnDisk: Cell_D_00000 4983530
FabOnDisk: Cell_D_00000 5008194
FabOnDisk: Cell_D_00000 5032858
FabOnDisk: Cell_D_00000 5057522
FabOnDisk: Cell_D_00000 5082186
FabOnDisk: Cell_D_00000 5094562
FabOnDisk: Cell_D_00000 5111034
FabOnDisk: Cell_D_00000 5127506
FabOnDisk: Cell_D_00000 5143978
FabOnDisk: Cell_D_00000 5160450
FabOnDisk: Cell_D_00000 5176922
FabOnDisk: Cell_D_00000 5193394
FabOnDisk: Cell_D_00000 5218058
FabOnDisk: Cell_D_00000 5242722
FabOnDisk: Cell_D_00000 5267386
FabOnDisk: Cell_D_00000 5300242
FabOnDisk: Cell_D_00000 5316714
FabOnDisk: Cell_D_00000 5349570
FabOnDisk: Cell_D_00000 5382426
FabOnDisk: Cell_D_00000 5415282
FabOnDisk: Cell_D_00000 5448138
FabOnDisk: Cell_D_00000 5472802
FabOnDisk: Cell_D_00000 5505658
FabOnDisk: Cell_D_00000 5538514
FabOnDisk: Cell_D_00000 5571370
FabOnDisk: Cell_D_00000 5604226
FabOnDisk: Cell_D_00000 5637082
FabOnDisk: Cell_D_00000 5669938
FabOnDisk: Cell_D_00000 5686410
FabOnDisk: Cell_D_00000 5702882
FabOnDisk: Cell_D_00000 5719354
FabOnDisk: Cell_D_00000 5735826
FabOnDisk: Cell_D_00000 5752298
FabOnDisk: Cell_D_00000 5768770
FabOnDisk: Cell_D_00000 5793434
FabOnDisk: Cell_D_00000 5818098
FabOnDisk: Cell_D_00000 5842762
FabOnDisk: Cell_D_00000 5867426
FabOnDisk: Cell_D_00000 5892090
FabOnDisk: Cell_D_00000 5916754
FabOnDisk: Cell_D_00000 5941418
FabOnDisk: Cell_D_00000 5966082
FabOnDisk: Cell_D_00000 5990746
FabOnDisk: Cell_D_00000 6023602
FabOnDisk: Cell_D_00000 6040074
FabOnDisk: Cell_D_00000 6072930
FabOnDisk: Cell_D_00000 6105786
FabOnDisk: Cell_D_00000 6138642
FabOnDisk: Cell_D_00000 6171498
FabOnDisk: Cell_D_00000 6196162
FabOnDisk: Cell_D_00000 6229018
FabOnDisk: Cell_D_00000 6261874
FabOnDisk: Cell_D_00000 6294730
FabOnDisk: Cell_D_00000 6327586
FabOnDisk: Cell_D_00000 6360442
FabOnDisk: Cell_D_00000 6372818
FabOnDisk: Cell_D_00000 6385194
FabOnDisk: Cell_D_00000 6397570
FabOnDisk: Cell_D_00000 6414042
FabOnDisk: Cell_D_00000 6430514
FabOnDisk: Cell_D_00000 6446986
FabOnDisk: Cell_D_00000 6471650
FabOnDisk: Cell_D_00000 6496314
FabOnDisk: Cell_D_00000 6520978
FabOnDisk: Cell_D_00000 6553834
FabOnDisk: Cell_D_00000 6570306
FabOnDisk: Cell_D_00000 6603162
FabOnDisk: Cell_D_00000 6636018
FabOnDisk: Cell_D_00000 6668874
FabOnDisk: Cell_D_00000 6701730
FabOnDisk: Cell_D_00000 6726394
FabOnDisk: Cell_D_00000 6751058
FabOnDisk: Cell_D_00000 6775722
FabOnDisk: Cell_D_00000 6808578
FabOnDisk: Cell_D_00000 6841434
FabOnDisk: Cell_D_00000 6874290
FabOnDisk: Cell_D_00000 6890762
FabOnDisk: Cell_D_00000 6923618
FabOnDisk: Cell_D_00000 6956474
FabOnDisk: Cell_D_00000 6989330
FabOnDisk: Cell_D_00000 7022186
FabOnDisk: Cell_D_00000 7046850
FabOnDisk: Cell_D_00000 7071514
FabOnDisk: Cell_D_00000 7096178
FabOnDisk: Cell_D_00000 7129034
FabOnDisk: Cell_D_00000 7145506
FabOnDisk: Cell_D_00000 7178362
FabOnDisk: Cell_D_00000 7211218
FabOnDisk: Cell_D_00000 7244074
FabOnDisk: Cell_D_00000 7276930
FabOnDisk: Cell_D_00000 7295450
FabOnDisk: Cell_D_00000 7320114
FabOnDisk: Cell_D_00000 7352970
FabOnDisk: Cell_D_00000 7385826
FabOnDisk: Cell_D_00000 7404346
FabOnDisk: Cell_D_00000 7422866
FabOnDisk: Cell_D_00000 7441386
FabOnDisk: Cell_D_00000 7466050
FabOnDisk: Cell_D_00000 7490714
FabOnDisk: Cell_D_00000 7515378
FabOnDisk: Cell_D_00000 7540042
FabOnDisk: Cell_D_00000 7572898
FabOnDisk: Cell_D_00000 7589370
FabOnDisk: Cell_D_00000 7622226
FabOnDisk: Cell_D_00000 7655082
FabOnDisk: Cell_D_00000 7687938
FabOnDisk: Cell_D_00000 7720794
FabOnDisk: Cell_D_00000 7729074
FabOnDisk: Cell_D_00000 7741450
FabOnDisk: Cell_D_00000 7766114
FabOnDisk: Cell_D_00000 7798970
FabOnDisk: Cell_D_00000 7831826
FabOnDisk: Cell_D_00000 7844202
FabOnDisk: Cell_D_00000 7862722
FabOnDisk: Cell_D_00000 7887386
FabOnDisk: Cell_D_00000 7912050
FabOnDisk: Cell_D_00000 7936714
FabOnDisk: Cell_D_00000 7969570
FabOnDisk: Cell_D_00000 7986042
FabOnDisk: Cell_D_00000 8018898
FabOnDisk: Cell_D_00000 8051754
FabOnDisk: Cell_D_00000 8084610

319,4
                        NaN ,
  -3.78363836170415723E-007 ,
   9.90510469888239098E-001 ,
  -9.28918170273956290E-002 ,
                        NaN ,
  -4.12560111263547276E-007 ,
   9.02664258242668494E-001 ,
  -8.86896603675555034E-002 ,
   0.00000000000000000E+000 ,
  -3.86050010599137455E-007 ,
   1.72926984552579766E-001 ,
  -7.70435472758404655E-002 ,
   0.00000000000000000E+000 ,
   2.58541081486751423E-002 ,
   1.22658171045513575E-001 ,
  -5.16535674829690025E-002 ,
   0.00000000000000000E+000 ,
   1.41780596367581890E-001 ,
   1.32117165231626865E-001 ,
  -4.45869956832903314E-002 ,
   0.00000000000000000E+000 ,
   4.88280051141032678E-001 ,
   1.52848797866256575E-001 ,
  -4.38480599518063091E-002 ,
   0.00000000000000000E+000 ,
   1.74374568203846531E-001 ,
   1.55509527976669726E-001 ,
  -4.41275501212604684E-002 ,
   0.00000000000000000E+000 ,
   9.92463532384987634E-001 ,
   1.60902913245264567E-001 ,
  -4.47279268155783352E-002 ,
   0.00000000000000000E+000 ,
   9.07800815697878849E-001 ,
   1.66841251631149934E-001 ,
  -4.51858779614052949E-002 ,
   0.00000000000000000E+000 ,
   9.99180401299356702E-001 ,
   1.71188587185106711E-001 ,
  -4.54180790110304544E-002 ,
   0.00000000000000000E+000 ,
   8.37738262546309342E-001 ,
   1.69948155902048204E-001 ,
  -4.56503032886206792E-002 ,
   0.00000000000000000E+000 ,
   1.43676084987163898E-002 ,
   1.60759914733416664E-001 ,
  -4.57210991848640835E-002 ,
   0.00000000000000000E+000 ,
   2.86698513578645536E-002 ,
   1.55021064972423600E-001 ,
  -4.55682926655293849E-002 ,
   0.00000000000000000E+000 ,
   2.42687623930540435E-002 ,
   1.55011458177400918E-001 ,
  -4.55708309477414336E-002 ,
   0.00000000000000000E+000 ,
   1.42048236747187046E-002 ,
   1.61218050338237134E-001 ,
  -4.57071336394685168E-002 ,
   0.00000000000000000E+000 ,
   9.69596127492988291E-001 ,
   1.71198025765247341E-001 ,
  -4.55128003132659747E-002 ,
   0.00000000000000000E+000 ,
   9.62173471277364079E-001 ,
   1.69841146482070798E-001 ,
  -4.51514168842605743E-002 ,
   0.00000000000000000E+000 ,
   9.78943931885431939E-001 ,
   1.64619212507107482E-001 ,
  -4.46252233059394599E-002 ,
   0.00000000000000000E+000 ,
   1.48704695954605198E-001 ,
   1.58408664831926421E-001 ,
  -4.40300403600840523E-002 ,
   0.00000000000000000E+000 ,
   1.63963908336548420E-001 ,
   1.54190859179754225E-001 ,
  -4.36804382587713813E-002 ,
   0.00000000000000000E+000 ,
   1.95796695050382163E-001 ,
   1.43237984374318450E-001 ,
  -4.42294069221415009E-002 ,
   0.00000000000000000E+000 ,
   4.21691892906516930E-001 ,
   1.24325082832348902E-001 ,
  -4.54327588553116099E-002 ,
   0.00000000000000000E+000 ,
  -3.37425087619817196E-007 ,
   1.34691634133208143E-001 ,
  -7.26474079346764723E-002 ,
                        NaN ,
  -3.73009800812339476E-007 ,
   8.32775355143489660E-001 ,
  -8.65962780072818267E-002 ,
                        NaN ,
  -3.56163796836396900E-007 ,
   9.83820640092075482E-001 ,
  -9.28123114976172336E-002 ,
   0.00000000000000000E+000 ,
   2.27841880627603372E-003 ,
   1.72168999679362972E-001 ,
  -4.54399459106943765E-002 ,
   0.00000000000000000E+000 ,
   1.81240421622006994E-003 ,
   1.68573200348349328E-001 ,
  -4.56629398585509452E-002 ,
   0.00000000000000000E+000 ,
   1.91184085016025572E-003 ,
   1.62650980151132274E-001 ,
  -4.57922383018204218E-002 ,
   0.00000000000000000E+000 ,
   2.50435242648407476E-002 ,
   1.55411963597560016E-001 ,
  -4.57334775978720590E-002 ,
   0.00000000000000000E+000 ,
   1.80771233441444218E-002 ,
   1.55348577969969398E-001 ,
  -4.57370021324692982E-002 ,
   0.00000000000000000E+000 ,
   1.51928956161572382E-003 ,
   1.62998820922613225E-001 ,
  -4.57586985995175680E-002 ,
   0.00000000000000000E+000 ,
   1.77323954699814797E-003 ,
   1.70197437455546746E-001 ,
  -4.55354999947703704E-002 ,
                        NaN ,
  -3.93558057218728661E-007 ,
   9.91793911509309623E-001 ,
  -9.35353550060138567E-002 ,
   0.00000000000000000E+000 ,
  -3.28935552402542076E-007 ,
   9.25854546789546817E-001 ,
  -9.01187973165063494E-002 ,
   0.00000000000000000E+000 ,
  -3.95687412438120751E-007 ,
   4.24642376436334346E-001 ,
  -8.18613301379417513E-002 ,
   0.00000000000000000E+000 ,
  -2.93213769311587664E-007 ,
   1.52012222878042114E-001 ,
  -6.81384237119515845E-002 ,
   0.00000000000000000E+000 ,
   1.82845305302251973E-002 ,
   1.52072929362600223E-001 ,
  -4.99107897961067609E-002 ,
   0.00000000000000000E+000 ,
   3.12277149488854756E-003 ,
   1.57892496886563288E-001 ,
  -4.43811172108862367E-002 ,
   0.00000000000000000E+000 ,
   8.51816492176428713E-005 ,
   1.59506606565598563E-001 ,
  -4.44148926627254276E-002 ,
   0.00000000000000000E+000 ,
   5.45770337707027599E-004 ,
   1.66404854613471653E-001 ,
  -4.47817606746102950E-002 ,
   0.00000000000000000E+000 ,
   2.58716880678046583E-004 ,
   1.71195014456218153E-001 ,
  -4.52482275573222528E-002 ,
   0.00000000000000000E+000 ,
   3.47008395793129440E-004 ,
   1.72862883087313068E-001 ,
  -4.51742654786767422E-002 ,
   0.00000000000000000E+000 ,
   3.60524057667346734E-004 ,
   1.69502264369575911E-001 ,
  -4.46486614157175291E-002 ,
   0.00000000000000000E+000 ,
   1.09609970881925731E-004 ,
   1.62548035151377723E-001 ,
  -4.44823750602642357E-002 ,
   0.00000000000000000E+000 ,
   1.50295236194732118E-002 ,
   1.62018568204591096E-001 ,
  -4.38180744445518661E-002 ,
   0.00000000000000000E+000 ,
   3.18639504317913070E-003 ,
   1.49252687315195975E-001 ,
  -4.69560470580383041E-002 ,
   0.00000000000000000E+000 ,
  -1.02683450859185367E-007 ,
   1.49974516138712072E-001 ,
  -6.39949748126053680E-002 ,
   0.00000000000000000E+000 ,
  -3.67104503966671402E-007 ,
   2.44953271718824389E-001 ,
  -7.89003995622108989E-002 ,
   0.00000000000000000E+000 ,
  -4.73392568556650760E-007 ,
   8.79388939767785982E-001 ,
  -8.84076292819333392E-002 ,
   0.00000000000000000E+000 ,
  -3.99239507680710436E-007 ,
   9.86222600139316952E-001 ,
  -9.34356970294863837E-002 ,
   0.00000000000000000E+000 ,
   3.23831767683853189E-001 ,
   1.63092836325218732E-001 ,
  -4.53155448624943460E-002 ,
   0.00000000000000000E+000 ,
   8.01807882283647411E-001 ,
   1.68044467037493400E-001 ,
  -4.54638541965393245E-002 ,
   0.00000000000000000E+000 ,
   1.15310040210763187E-002 ,
   1.57446729616675496E-001 ,
  -4.55044207107084334E-002 ,
   0.00000000000000000E+000 ,
   3.63315983139044230E-002 ,
   1.56086470452130172E-001 ,
  -4.55507514988434739E-002 ,
   0.00000000000000000E+000 ,
   1.28015984945642564E-001 ,
   1.55542294425276173E-001 ,
  -4.55163855314203794E-002 ,
   0.00000000000000000E+000 ,
   9.46427071843965045E-002 ,
   1.55365154008211909E-001 ,
  -4.55169500687958722E-002 ,
   0.00000000000000000E+000 ,
   2.37075887335893541E-002 ,
   1.56536880489624330E-001 ,
  -4.55052106749270421E-002 ,
   0.00000000000000000E+000 ,
   6.32394551576864083E-001 ,
   1.59368414853683221E-001 ,
  -4.54864965203847504E-002 ,
   0.00000000000000000E+000 ,
   4.17593997253312699E-001 ,
   1.63479392416519292E-001 ,
  -4.53423784559867510E-002 ,
   0.00000000000000000E+000 ,
  -3.62770708672358911E-007 ,
   9.95192542162072091E-001 ,
  -9.33963670610052643E-002 ,
   0.00000000000000000E+000 ,
  -5.50636154254845887E-007 ,
   9.67361300856983797E-001 ,
  -9.14008296329244380E-002 ,
   0.00000000000000000E+000 ,
  -4.98432670793559222E-007 ,
   8.35290820206861739E-001 ,
  -8.50668047732882765E-002 ,
   0.00000000000000000E+000 ,
  -3.74124378626636050E-007 ,
   4.23490063987646936E-001 ,
  -7.49473017269811220E-002 ,
   0.00000000000000000E+000 ,
  -2.95154783420808170E-007 ,
   2.16555959730052705E-001 ,
  -6.15389803222672060E-002 ,
   0.00000000000000000E+000 ,
  -7.62529965388862984E-009 ,
   1.90654610953214565E-001 ,
  -4.93795019784893444E-002 ,
   0.00000000000000000E+000 ,
   2.68502599637370247E-004 ,
   1.75072591017174845E-001 ,
  -4.41734029562472763E-002 ,
   0.00000000000000000E+000 ,
   1.77407097656973566E-003 ,
   1.74199841508842823E-001 ,
  -4.46518943731308640E-002 ,
   0.00000000000000000E+000 ,
   3.72215551487435736E-001 ,
   1.70139908563918696E-001 ,
  -4.50084753474311317E-002 ,
   0.00000000000000000E+000 ,
   4.09893764698360974E-001 ,
   1.67273474909454434E-001 ,
  -4.49250790227865571E-002 ,
   0.00000000000000000E+000 ,
   4.86796338974054693E-002 ,
   1.67200296872297094E-001 ,
  -4.46501940423639221E-002 ,
   0.00000000000000000E+000 ,
   2.28092173014412161E-005 ,
   1.66644348024235472E-001 ,
  -4.43138516667606480E-002 ,
   0.00000000000000000E+000 ,
   3.80147570104796641E-005 ,
   1.87558184202540640E-001 ,
  -4.42052225194210502E-002 ,
   0.00000000000000000E+000 ,
  -2.87403541378001158E-008 ,
   1.89754360357301199E-001 ,
  -5.47405090628585236E-002 ,
   0.00000000000000000E+000 ,
  -2.97777362979888023E-007 ,
   3.06423976552392174E-001 ,
  -6.84104422253143385E-002 ,
   0.00000000000000000E+000 ,
  -4.22592896821649220E-007 ,
   6.84880908093319585E-001 ,
  -8.03711227397834183E-002 ,
   0.00000000000000000E+000 ,
  -4.18787091937278474E-007 ,
   9.24654579611987271E-001 ,
  -8.85414375686483790E-002 ,
   0.00000000000000000E+000 ,
  -3.48146287173443160E-007 ,
   9.87456164546849924E-001 ,
  -9.32778655407693752E-002 ,
   0.00000000000000000E+000 ,
  -3.99313232812447392E-007 ,
   9.93034528053843402E-001 ,
  -9.34525459336320585E-002 ,
   0.00000000000000000E+000 ,
  -4.63032793292462799E-007 ,
   9.75368971343457236E-001 ,
  -9.04182520591247235E-002 ,
   0.00000000000000000E+000 ,
  -3.84056542168094392E-007 ,
   9.25551141681433598E-001 ,
  -8.59026835341758360E-002 ,
   0.00000000000000000E+000 ,
  -3.82919167338913486E-007 ,
   7.54998917535039893E-001 ,
  -7.94977314257486467E-002 ,
   0.00000000000000000E+000 ,
  -3.85737273847457171E-007 ,
   4.11966007990220540E-001 ,
  -6.73350557170955127E-002 ,
   0.00000000000000000E+000 ,
   2.57156470984578228E-008 ,
   1.83494944071846522E-001 ,
  -5.00602811324138697E-002 ,
   0.00000000000000000E+000 ,
   3.31209814606036462E-002 ,
   1.67424891061305564E-001 ,
  -4.38597017628785391E-002 ,
   0.00000000000000000E+000 ,
   5.79524711399803868E-002 ,
   1.65922471381658221E-001 ,
  -4.45221189798058053E-002 ,
   0.00000000000000000E+000 ,
   1.10386111596697534E-002 ,
   1.70351429817504896E-001 ,
  -4.48790848710548321E-002 ,
   0.00000000000000000E+000 ,
   1.15022204157620260E-002 ,
   1.61870093729517578E-001 ,
  -4.51088916775918905E-002 ,
   0.00000000000000000E+000 ,
   1.15373565963335992E-002 ,
   1.68326981656351793E-001 ,
  -4.54193823656330736E-002 ,
   0.00000000000000000E+000 ,
   1.13639785220608532E-002 ,
   1.64514832564713942E-001 ,
  -4.55258644075082070E-002 ,
   0.00000000000000000E+000 ,
   9.18528964007367561E-003 ,
   1.61458809731914288E-001 ,
  -4.56875186374045145E-002 ,
   0.00000000000000000E+000 ,
   1.14853405247669405E-001 ,
   1.59674798543358920E-001 ,
  -4.56463823256042858E-002 ,
   0.00000000000000000E+000 ,
   2.75264700007728735E-001 ,
   1.57462223674118357E-001 ,
  -4.54413079900220854E-002 ,
   0.00000000000000000E+000 ,
   1.15400363767235725E-002 ,
   1.57547570217613564E-001 ,
  -4.53951838109987807E-002 ,
   0.00000000000000000E+000 ,
   8.36199723985091119E-003 ,
   1.59405643702134947E-001 ,
  -4.55115445073663652E-002 ,
   0.00000000000000000E+000 ,
   2.69532396955206172E-002 ,
   1.62858312621995016E-001 ,
  -4.50486000918656412E-002 ,
   0.00000000000000000E+000 ,
   7.71600304796161551E-003 ,
   1.67284032010852068E-001 ,
  -4.47157559630795842E-002 ,
   0.00000000000000000E+000 ,
   8.42796070341471880E-003 ,
   1.73629371587661868E-001 ,
  -4.46261047473100955E-002 ,
   0.00000000000000000E+000 ,
   6.65156279823999885E-002 ,
   1.66367255714173712E-001 ,
  -4.40897796159853139E-002 ,
   0.00000000000000000E+000 ,
   4.77794715483969570E-004 ,
   1.71836754868982811E-001 ,
  -4.35702552512285679E-002 ,
   0.00000000000000000E+000 ,
  -1.80895265189052792E-007 ,
   1.69034582771920822E-001 ,
  -5.46354699158612608E-002 ,
   0.00000000000000000E+000 ,
  -3.56344832460983472E-007 ,
   5.24369784185406695E-001 ,
  -7.07940265709322003E-002 ,
  -4.37499999999999972E-002 ,
  -4.26962607428405058E-007 ,
   8.13790136001113606E-001 ,
  -8.17321996328788242E-002 ,
   0.00000000000000000E+000 ,
  -4.37900731126795566E-007 ,
   9.48105992047973412E-001 ,
  -8.89712862642661056E-002 ,
   0.00000000000000000E+000 ,
  -3.90469388033310555E-007 ,
   9.89398624395757653E-001 ,
  -9.33392009589081306E-002 ,
                        NaN ,
  -3.96418284271947625E-007 ,
   9.91487624312851423E-001 ,
  -9.36154905699586731E-002 ,
   0.00000000000000000E+000 ,
  -4.18647169935528045E-007 ,
   9.61901560119827859E-001 ,
  -8.95974157146337269E-002 ,
  -4.18073654174804660E-002 ,
  -3.86163276263897916E-007 ,
   8.52157962143992198E-001 ,
  -8.28367871207325857E-002 ,
  -4.18073654174804660E-002 ,
  -3.60626017627090067E-007 ,
   3.27553192631104328E-001 ,
  -7.15688726360718952E-002 ,
   0.00000000000000000E+000 ,
   1.07313877330245892E-002 ,
   1.58031839412756836E-001 ,
  -4.98061095117358285E-002 ,
   0.00000000000000000E+000 ,
   1.16804271476878413E-002 ,
   1.78205335275908844E-001 ,
  -4.40989684771106727E-002 ,
   0.00000000000000000E+000 ,
   1.02441254399964436E-002 ,
   1.77766041700832961E-001 ,
  -4.44876714857972422E-002 ,
   0.00000000000000000E+000 ,
   1.07570909453112255E-002 ,
   1.75619883517473901E-001 ,
  -4.48309380713631106E-002 ,
   0.00000000000000000E+000 ,
   1.41711352519012124E-001 ,
   1.73842164335145571E-001 ,
  -4.46091492969855063E-002 ,
   0.00000000000000000E+000 ,
   9.71082279534837660E-003 ,
   1.75201917305231797E-001 ,
  -4.43868743517500039E-002 ,
   0.00000000000000000E+000 ,
   8.90972078139237039E-003 ,
   1.79193930012685493E-001 ,
  -4.40570540917375394E-002 ,
   0.00000000000000000E+000 ,
   7.85132940029251505E-003 ,
   1.74317662633508841E-001 ,
  -4.37945847487918108E-002 ,
   0.00000000000000000E+000 ,
   3.03448788960797170E-003 ,
   1.55270286561861121E-001 ,
  -5.19868730640802024E-002 ,
  -1.00000000000000006E-001 ,
  -4.25459286800880931E-007 ,
   4.03244079423543289E-001 ,
  -7.18226243421875715E-002 ,
  -1.00000000000000006E-001 ,
  -3.89271109537569133E-007 ,
   8.53531697649969723E-001 ,
  -8.27875922623039218E-002 ,
  -1.00000000000000006E-001 ,
  -3.56736468712865843E-007 ,
   9.62324931009294504E-001 ,
  -8.94966135341980357E-002 ,
  -9.86816406250000111E-002 ,
  -4.97410132963617511E-007 ,
   9.91639870478760788E-001 ,
  -9.35325389772541094E-002 ,
   0.00000000000000000E+000 ,
   1.28249760308892288E-002 ,
   1.69918784746074053E-001 ,
  -4.50456359675348098E-002 ,
   0.00000000000000000E+000 ,
   1.25432386489388106E-002 ,
   1.68152983420145313E-001 ,
  -4.52131305176244266E-002 ,
   0.00000000000000000E+000 ,
   3.96252264737014359E-001 ,
   1.71073114949726823E-001 ,
  -4.53631132185688263E-002 ,
   0.00000000000000000E+000 ,
   2.82339808344371501E-003 ,
   1.69430840030568464E-001 ,
  -4.55109551978115368E-002 ,
   0.00000000000000000E+000 ,
   9.88603077204944780E-001 ,
   1.63251996457213666E-001 ,
  -4.54427755316558421E-002 ,
   0.00000000000000000E+000 ,
   1.57364843168004316E-002 ,
   1.59461545798746163E-001 ,
  -4.53162694698691221E-002 ,
   0.00000000000000000E+000 ,
   1.50088652918799591E-002 ,
   1.60829100258726793E-001 ,
  -4.54727425970783972E-002 ,
   0.00000000000000000E+000 ,
   1.61294080361224515E-004 ,
   1.74660350178172580E-001 ,
  -4.55805542918102588E-002 ,
   0.00000000000000000E+000 ,
   1.88500171534224450E-003 ,
   1.73585721982959462E-001 ,
  -4.49789730460595574E-002 ,
                        NaN ,
  -4.89647543481207492E-007 ,
   9.95340513561446927E-001 ,
  -9.31055504798982692E-002 ,
  -4.18073654174804660E-002 ,
  -3.37511440676999545E-007 ,
   9.77994446630550573E-001 ,
  -9.12621802616776223E-002 ,
  -4.18073654174804660E-002 ,
  -4.32477074862557624E-007 ,
   8.97032722799346871E-001 ,
  -8.56361674903786257E-002 ,
  -4.18073654174804660E-002 ,
  -4.76700475897853021E-007 ,
   4.16985571577741243E-001 ,
  -7.59960806783492177E-002 ,
   0.00000000000000000E+000 ,
  -4.52034007727929311E-008 ,
   1.72943562089448527E-001 ,
  -5.94005561260206733E-002 ,
   0.00000000000000000E+000 ,
   1.09438612429541247E-002 ,
   1.67404712017634433E-001 ,
  -4.41073544356362368E-002 ,
   0.00000000000000000E+000 ,
   1.54166491251277876E-001 ,
   1.67059284368440281E-001 ,
  -4.44325910335082522E-002 ,
   0.00000000000000000E+000 ,
   1.22731708812614266E-002 ,
   1.76665534043273093E-001 ,
  -4.47412303951133170E-002 ,
   0.00000000000000000E+000 ,
   1.32161026523859686E-002 ,
   1.67860447218951020E-001 ,
  -4.43613373985693102E-002 ,
   0.00000000000000000E+000 ,
   1.61910204994033247E-002 ,
   1.70521806894599809E-001 ,
  -4.40769655748747199E-002 ,
   0.00000000000000000E+000 ,
   7.86859910037570470E-003 ,
   1.60328606408756985E-001 ,
  -4.38842499503523109E-002 ,
   0.00000000000000000E+000 ,
   7.80569968652311845E-004 ,
   1.60872091256411942E-001 ,
  -4.88321858640642162E-002 ,
  -1.00000000000000006E-001 ,
  -3.99980431432131421E-007 ,
   1.87739716261562578E-001 ,
  -6.93992485926501618E-002 ,
  -1.00000000000000006E-001 ,
  -3.76682550658380917E-007 ,
   7.82092201628819317E-001 ,
  -8.16255439017258000E-002 ,
  -1.00000000000000006E-001 ,
  -4.06695465103930330E-007 ,
   9.54116524685459488E-001 ,
  -8.88064606327446521E-002 ,
  -1.00000000000000006E-001 ,
  -3.23398333982475089E-007 ,
   9.90039150223302689E-001 ,
  -9.30585963729458204E-002 ,
   0.00000000000000000E+000 ,
   7.94134664743315934E-003 ,
   1.67005631320860798E-001 ,
  -4.47139275619589383E-002 ,
   0.00000000000000000E+000 ,
   1.32189835090560093E-002 ,
   1.63311269789634367E-001 ,
  -4.48691881468017417E-002 ,
   0.00000000000000000E+000 ,
   4.37304610698129644E-003 ,
   1.71021431547775687E-001 ,
  -4.51465898656712647E-002 ,
   0.00000000000000000E+000 ,
   1.17517880919936206E-003 ,
   1.69691142382869586E-001 ,
  -4.52041629416155555E-002 ,
   0.00000000000000000E+000 ,
   3.00598568910407926E-001 ,
   1.62752373026943342E-001 ,
  -4.51109722942516361E-002 ,
   0.00000000000000000E+000 ,
   1.36961545354133529E-002 ,
   1.60084061812049538E-001 ,
  -4.51287539871679660E-002 ,
   0.00000000000000000E+000 ,
   1.39023117872140028E-002 ,
   1.69688734035562810E-001 ,
  -4.51087263875062650E-002 ,
   0.00000000000000000E+000 ,
   6.15568199409002263E-004 ,
   1.73831918719470596E-001 ,
  -4.49656434196910523E-002 ,
   0.00000000000000000E+000 ,
   6.73885263183630640E-004 ,
   1.75314207918907700E-001 ,
  -4.46833612049749099E-002 ,
   0.00000000000000000E+000 ,
  -3.27324309411284215E-007 ,
   9.94111520170345431E-001 ,
  -9.35021510047239907E-002 ,
   0.00000000000000000E+000 ,
  -3.20919325132844390E-007 ,
   9.80549337112766373E-001 ,
  -9.07392836636087552E-002 ,
  -4.18073654174804660E-002 ,
  -3.82848158513815273E-007 ,
   9.35297556585647949E-001 ,
  -8.65991300447690460E-002 ,
  -4.18073654174804660E-002 ,
  -4.56459713264372446E-007 ,
   6.83978899023448217E-001 ,
  -8.03673858528413942E-002 ,
   0.00000000000000000E+000 ,
  -2.76398382760498123E-007 ,
   1.59156036337843726E-001 ,
  -6.67979550526064669E-002 ,
   0.00000000000000000E+000 ,
   3.15920846571060218E-002 ,
   1.60451981605006622E-001 ,
  -4.57964363412760936E-002 ,
   0.00000000000000000E+000 ,
   8.76242537623330396E-003 ,
   1.61728213336009702E-001 ,
  -4.43872420465937223E-002 ,
   0.00000000000000000E+000 ,
   8.91468090535160046E-003 ,
   1.77434447059441586E-001 ,
  -4.45960352256409842E-002 ,
   0.00000000000000000E+000 ,
   3.84172706320932533E-001 ,
   1.75075133646130088E-001 ,
  -4.40826207550873289E-002 ,
   0.00000000000000000E+000 ,
   1.94195511789961714E-003 ,
   1.75255265527568149E-001 ,
  -4.38945763312936776E-002 ,
   0.00000000000000000E+000 ,
   3.11498059228813740E-001 ,
   1.46817905704616225E-001 ,
  -4.36486444280299382E-002 ,
   0.00000000000000000E+000 ,
   6.67356396102471681E-003 ,
   1.44209978574330377E-001 ,
  -5.19556747184850773E-002 ,
  -1.00000000000000006E-001 ,
  -2.55039055156997503E-007 ,
   1.93522792350106304E-001 ,
  -7.17815971175932988E-002 ,
  -1.00000000000000006E-001 ,
  -3.74227205725804066E-007 ,
   8.00838644964818491E-001 ,
  -8.30166184102313492E-002 ,
  -1.00000000000000006E-001 ,
  -4.13362585966011904E-007 ,
   9.58832627738580578E-001 ,
  -8.96030542400455404E-002 ,
  -1.00000000000000006E-001 ,
  -3.93455117648274654E-007 ,
   9.91597552159108608E-001 ,
  -9.34985091495799947E-002 ,
   0.00000000000000000E+000 ,
  -3.75710083237917371E-007 ,
   9.92573210078623980E-001 ,
  -9.32495305283424780E-002 ,
   0.00000000000000000E+000 ,
  -3.56481402507880826E-007 ,
   9.63243282257769007E-001 ,
  -9.04379710381564145E-002 ,
  -6.18652343749999944E-002 ,
  -4.25938602843889580E-007 ,
   8.18207431424541443E-001 ,
  -8.43993591107941588E-002 ,
   0.00000000000000000E+000 ,
  -3.69621159114646193E-007 ,
   2.67355498432697514E-001 ,
  -7.44428389263258328E-002 ,
   0.00000000000000000E+000 ,
   7.62707840689853336E-008 ,
   1.80668628549600335E-001 ,
  -5.97661683554469719E-002 ,
   0.00000000000000000E+000 ,
   9.82485845307119396E-003 ,
   1.64237725782795219E-001 ,
  -4.47789433312672860E-002 ,
   0.00000000000000000E+000 ,
   1.55478862296641856E-002 ,
   1.66367243571075768E-001 ,
  -4.44021054435074988E-002 ,
   0.00000000000000000E+000 ,
   2.08991843256938576E-003 ,
   1.74060828055508543E-001 ,
  -4.45943406135224374E-002 ,
   0.00000000000000000E+000 ,
   5.25639882130046754E-001 ,
   1.73285148193217248E-001 ,
  -4.46644574950025852E-002 ,
   0.00000000000000000E+000 ,
   2.15998306458937191E-003 ,
   1.75223607156931971E-001 ,
  -4.48468271182199604E-002 ,
   0.00000000000000000E+000 ,
   1.97169411753385371E-003 ,
   1.73525606065806887E-001 ,
  -4.49209004050780264E-002 ,
   0.00000000000000000E+000 ,
   3.91119092930124312E-001 ,
   1.74138403583733004E-001 ,
  -4.49670614841444216E-002 ,
   0.00000000000000000E+000 ,
   1.27674661605759205E-002 ,
   1.75350919521684467E-001 ,
  -4.50093168492380416E-002 ,
   0.00000000000000000E+000 ,
   9.82347109860982545E-003 ,
   1.74016156541331818E-001 ,
  -4.49004633013286719E-002 ,
   0.00000000000000000E+000 ,
   1.34858367753364405E-001 ,
   1.63608344908298509E-001 ,
  -4.46171380718244984E-002 ,
   0.00000000000000000E+000 ,
   1.31432177241797178E-004 ,
   1.69811336142205310E-001 ,
  -4.43224429286415214E-002 ,
   0.00000000000000000E+000 ,
   6.64385055177095507E-003 ,
   1.81037941523161855E-001 ,
  -4.37919807637831074E-002 ,
   0.00000000000000000E+000 ,
   3.93168258296179422E-004 ,
   1.61451802594379717E-001 ,
  -4.73418086593940524E-002 ,
   0.00000000000000000E+000 ,
   9.51242229848851711E-007 ,
   1.45649909077419953E-001 ,
  -5.87244819844195964E-002 ,
  -1.25000000000000007E-002 ,
  -3.56982127637859905E-007 ,
   2.15102090061203094E-001 ,
  -7.26485560628384874E-002 ,
  -7.37903225806451624E-002 ,
  -4.51616912124822466E-007 ,
   7.51285608988925713E-001 ,
  -8.29255077699814214E-002 ,
  -1.00000000000000006E-001 ,
  -4.08767844695133193E-007 ,
   9.48988674425516820E-001 ,
  -8.94003890747449986E-002 ,
  -1.00000000000000006E-001 ,
  -4.16056013460507538E-007 ,
   9.89604471645293415E-001 ,
  -9.32953970779287489E-002 ,
   0.00000000000000000E+000 ,
  -2.93567330352610449E-007 ,
   9.96068330476395092E-001 ,
  -9.39331866068007643E-002 ,
   0.00000000000000000E+000 ,
  -3.40914766503028863E-007 ,
   9.81093190047805042E-001 ,
  -9.23797369551028202E-002 ,
  -6.18652343749999944E-002 ,
  -4.69953893759050189E-007 ,
   9.15307787890022317E-001 ,
  -8.78471734514143232E-002 ,
  -8.74999999999999944E-002 ,
  -3.47374021809571427E-007 ,
   6.84395267866233947E-001 ,
  -8.05937191237730138E-002 ,
  -8.74999999999999944E-002 ,
  -4.05284840132919290E-007 ,
   2.07470497358364286E-001 ,
  -6.95291885202870968E-002 ,
   0.00000000000000000E+000 ,
   1.66520267163195249E-002 ,
   1.42242017688386346E-001 ,
  -5.10576883325633696E-002 ,
   0.00000000000000000E+000 ,
   2.03779970133161764E-003 ,
   1.55178711706967037E-001 ,
  -4.41586465565506209E-002 ,
   0.00000000000000000E+000 ,
   2.56481299393604824E-004 ,
   1.81172044813109973E-001 ,
  -4.43696921154487639E-002 ,
   0.00000000000000000E+000 ,
   1.73612133099861571E-006 ,
   1.75954833024403540E-001 ,
  -5.40945231608298410E-002 ,
   0.00000000000000000E+000 ,
  -7.83284824230212900E-008 ,
   3.38736792077517612E-001 ,
  -6.44731504916733478E-002 ,
  -1.25000000000000007E-002 ,
  -3.32328478489349671E-007 ,
   5.59613377092482933E-001 ,
  -7.53138115761109589E-002 ,
  -1.25000000000000007E-002 ,
  -4.01243592951020977E-007 ,
   8.52456288926384920E-001 ,
  -8.39977458478071565E-002 ,
  -7.37903225806451624E-002 ,
  -3.85558572097712160E-007 ,
   9.63571905158162823E-001 ,
  -8.98668663657356676E-002 ,
  -5.15625000000000042E-002 ,
  -4.24586813407313367E-007 ,
   9.92116542674180590E-001 ,
  -9.35294371828013227E-002 ,
   0.00000000000000000E+000 ,
   3.01316086748353506E-003 ,
   1.38843306438197339E-001 ,
  -4.41270873158656970E-002 ,
   0.00000000000000000E+000 ,
   3.94206613641938375E-001 ,
   1.42703349476852537E-001 ,
  -4.43414405713935394E-002 ,
   0.00000000000000000E+000 ,
   2.83010265710985972E-003 ,
   1.76903322529636614E-001 ,
  -4.44971321799732741E-002 ,
   0.00000000000000000E+000 ,
   2.53345941329113124E-002 ,
   1.63696199837997158E-001 ,
  -4.45413955963405231E-002 ,
   0.00000000000000000E+000 ,
   2.55757615543035832E-001 ,
   1.71226351185231579E-001 ,
  -4.47110500593065688E-002 ,
   0.00000000000000000E+000 ,
   1.17084744790844127E-002 ,
   1.75211611531052192E-001 ,
  -4.46995013035735717E-002 ,
   0.00000000000000000E+000 ,
   7.28385520994093150E-003 ,
   1.74481700016794333E-001 ,
  -4.46840462232627467E-002 ,
   0.00000000000000000E+000 ,
   2.81069766543376454E-001 ,
   1.50110747870216166E-001 ,
  -4.43561703844351993E-002 ,
   0.00000000000000000E+000 ,
   2.35156944444111062E-004 ,
   1.63229909900502734E-001 ,
  -4.38795227664912912E-002 ,
   0.00000000000000000E+000 ,
  -2.86140410751603904E-008 ,
   1.88584492320149233E-001 ,
  -5.84325397582068362E-002 ,
   0.00000000000000000E+000 ,
  -3.76563773784240125E-007 ,
   2.18130555108746932E-001 ,
  -6.90208975660827062E-002 ,
   0.00000000000000000E+000 ,
  -3.54945041265539849E-007 ,
   5.74145842667482031E-001 ,
  -7.71447670852609263E-002 ,
  -1.25000000000000007E-002 ,
  -4.16262032582978005E-007 ,
   7.84394397650607367E-001 ,
  -8.38621785305179029E-002 ,
  -1.25000000000000007E-002 ,
  -3.55705818060522645E-007 ,
   9.22477215696815511E-001 ,
  -8.91183498245656097E-002 ,
  -5.15625000000000042E-002 ,
  -4.41703647860497898E-007 ,
   9.79185999587905309E-001 ,
  -9.28259678111422182E-002 ,
  -5.15625000000000042E-002 ,
  -3.83573755279097941E-007 ,
   9.95248516809038364E-001 ,
  -9.52942400232069387E-002 ,
   0.00000000000000000E+000 ,
  -3.55206561799307810E-007 ,
   9.91095632414508931E-001 ,
  -9.34866683473151161E-002 ,
  -8.74999999999999944E-002 ,
  -2.70340888274408992E-007 ,
   9.62429771952185265E-001 ,
  -8.98301381695400664E-002 ,
  -8.74999999999999944E-002 ,
  -4.27410439105291216E-007 ,
   8.57161782364893710E-001 ,
  -8.40056516190847563E-002 ,
  -8.74999999999999944E-002 ,
  -3.92918648359174918E-007 ,
   4.35751894731755296E-001 ,
  -7.51476978652885902E-002 ,
   0.00000000000000000E+000 ,
   3.60972277339796369E-008 ,
   1.55811415280671023E-001 ,
  -6.21132370608052167E-002 ,
   0.00000000000000000E+000 ,
   3.38853272251085137E-004 ,
   1.59642862387326750E-001 ,
  -4.92839390223167445E-002 ,
  -7.62207031249999833E-002 ,
  -3.98532455379675710E-007 ,
   9.94834859077063594E-001 ,
  -9.49310947515262238E-002 ,
  -7.62207031249999833E-002 ,
  -4.12013281163989428E-007 ,
   9.78741936333457074E-001 ,
  -9.22542514052263896E-002 ,
  -8.74999999999999944E-002 ,
  -3.97828042627369194E-007 ,
   9.19921253494809132E-001 ,
  -8.81115883622780732E-002 ,
  -8.74999999999999944E-002 ,
  -4.12037978810098181E-007 ,
   7.23833071325781008E-001 ,
  -8.19995806473403227E-002 ,
  -8.74999999999999944E-002 ,
  -3.64102456123173996E-007 ,
   3.85714917445394767E-001 ,
  -7.37414735185451808E-002 ,
  -8.74999999999999944E-002 ,
  -3.12849010231320206E-007 ,
   1.67002362067308702E-001 ,
  -6.44241360840556998E-002 ,
   0.00000000000000000E+000 ,
   1.22350267000993439E-006 ,
   1.38820701567732574E-001 ,
  -5.83688758059642820E-002 ,
   0.00000000000000000E+000 ,
   4.29662566518667949E-004 ,
   1.42295548654182674E-001 ,
  -5.04359773694511640E-002 ,
   0.00000000000000000E+000 ,
   1.76386258701725115E-003 ,
   1.79844141119217399E-001 ,
  -4.79204632706346501E-002 ,
   0.00000000000000000E+000 ,
   1.56320097407982098E-002 ,
   1.72406822349226080E-001 ,
  -4.44267903110426993E-002 ,
   0.00000000000000000E+000 ,
   4.48044069140374202E-002 ,
   1.73175948304152949E-001 ,
  -4.44706360049443097E-002 ,
   0.00000000000000000E+000 ,
   1.18060092604175184E-002 ,
   1.51241762560688525E-001 ,
  -4.45063141887850205E-002 ,
   0.00000000000000000E+000 ,
   6.64508558440975606E-003 ,
   1.47172656516960848E-001 ,
  -4.48367185540365712E-002 ,
   0.00000000000000000E+000 ,
   3.87961097602862112E-002 ,
   1.42058072996221446E-001 ,
  -4.46669071518108751E-002 ,
   0.00000000000000000E+000 ,
   3.20984221230054921E-008 ,
   1.48312872121588141E-001 ,
  -5.94451707992397355E-002 ,
   0.00000000000000000E+000 ,
  -4.26891403218833914E-007 ,
   2.43104283380494390E-001 ,
  -7.18164319762238795E-002 ,
   0.00000000000000000E+000 ,
  -3.80069932103830152E-007 ,
   6.85882142059098365E-001 ,
  -7.95830226865646556E-002 ,
   0.00000000000000000E+000 ,
  -3.36302595540750549E-007 ,
   8.69033003867321852E-001 ,
  -8.51547709931985142E-002 ,
   0.00000000000000000E+000 ,
  -4.71500445932800730E-007 ,
   9.44679480675590932E-001 ,
  -8.94296212588153727E-002 ,
   0.00000000000000000E+000 ,
  -4.32755256574350240E-007 ,
   9.79595295815997580E-001 ,
  -9.26672028449423840E-002 ,
   0.00000000000000000E+000 ,
  -3.80422390494650408E-007 ,
   9.93891597679151473E-001 ,
  -9.50348546810207279E-002 ,
  -8.33984374999999917E-002 ,
  -4.67410730866684987E-007 ,
   9.95675547995143240E-001 ,
  -9.42085751727589349E-002 ,
  -8.74999999999999944E-002 ,
  -4.74514719880046266E-007 ,
   9.88185265182074168E-001 ,
  -9.21072126058885415E-002 ,
  -8.74999999999999944E-002 ,
  -3.28383630129040512E-007 ,
   9.69574527869976777E-001 ,
  -8.92820640937733723E-002 ,
  -8.74999999999999944E-002 ,
  -3.60646162622277881E-007 ,
   9.06832930808856963E-001 ,
  -8.56380688946137558E-002 ,
  -8.74999999999999944E-002 ,
  -3.90533210706805466E-007 ,
   7.81042449109815795E-001 ,
  -7.94247633966137651E-002 ,
  -8.74999999999999944E-002 ,
  -3.94427963818309307E-007 ,
   4.93592610294519341E-001 ,
  -7.20534041185921931E-002 ,
  -1.00000000000000006E-001 ,
  -3.66737259193875701E-007 ,
   4.23901131089697680E-001 ,
  -7.53359235212217315E-002 ,
  -1.00000000000000006E-001 ,
  -3.55217476951682045E-007 ,
   3.54526214992970212E-001 ,
  -7.11683504703085751E-002 ,
  -1.00000000000000006E-001 ,
  -4.00261269407247363E-007 ,
   1.84456948282255145E-001 ,
  -6.69762230641330475E-002 ,
  -1.00000000000000006E-001 ,
  -7.56254709053000805E-008 ,
   1.57001509215376145E-001 ,
  -6.20308182035325811E-002 ,
   0.00000000000000000E+000 ,
   1.04318679486007770E-005 ,
   1.62042733577693249E-001 ,
  -5.46030820763562380E-002 ,
   0.00000000000000000E+000 ,
   2.39112712877586406E-005 ,
   1.39172022228667536E-001 ,
  -5.42224575188388000E-002 ,
   0.00000000000000000E+000 ,
  -2.26713058235694566E-007 ,
   1.42249388681849720E-001 ,
  -6.02832515546764883E-002 ,
   0.00000000000000000E+000 ,
  -2.11484320083924037E-007 ,
   1.45558675707537055E-001 ,
  -6.59727511949027984E-002 ,
   0.00000000000000000E+000 ,
  -4.66332437245282021E-007 ,
   1.69844985245327845E-001 ,
  -7.45566318661356614E-002 ,
  -8.74999999999999944E-002 ,
  -3.72772251695587303E-007 ,
   9.97716911488064184E-001 ,
  -9.60628982779998114E-002 ,
  -8.74999999999999944E-002 ,
  -5.00289327893254935E-007 ,
   9.93900301865839220E-001 ,
  -9.47388484104257356E-002 ,
  -8.74999999999999944E-002 ,
  -3.76188780812993397E-007 ,
   9.84754067723460524E-001 ,
  -9.30195093897010356E-002 ,
  -8.74999999999999944E-002 ,
  -4.65692437419506602E-007 ,
   9.55126664144643645E-001 ,
  -9.09065547212093150E-002 ,
  -1.00000000000000006E-001 ,
  -4.26385530700205430E-007 ,
   8.90328635578876093E-001 ,
  -8.73900076036090018E-002 ,
  -8.74999999999999944E-002 ,
  -3.57484147596889669E-007 ,
   7.55162091217955855E-001 ,
  -8.31377844923409520E-002 ,
   0.00000000000000000E+000 ,
  -3.54091440454666585E-007 ,
   7.64420780976442393E-001 ,
  -8.08154631614881463E-002 ,
   0.00000000000000000E+000 ,
  -4.14083339962927014E-007 ,
   8.63608652263258669E-001 ,
  -8.58910407987909935E-002 ,
   0.00000000000000000E+000 ,
  -3.54895723190797908E-007 ,
   9.50977706544569812E-001 ,
  -8.96206257551026980E-002 ,
   0.00000000000000000E+000 ,
  -3.84477631842222748E-007 ,
   9.81241640352765843E-001 ,
  -9.24159723704959940E-002 ,
   0.00000000000000000E+000 ,
  -3.86700111199972270E-007 ,
   9.93098093550417338E-001 ,
  -9.45869127524683467E-002 ,
  -1.00000000000000006E-001 ,
  -4.32407194347844063E-007 ,
   8.80251192300733010E-001 ,
  -8.55434251028558551E-002 ,
  -1.00000000000000006E-001 ,
  -4.14392048491371394E-007 ,
   8.26380272441557651E-001 ,
  -8.31915032289519407E-002 ,
  -1.00000000000000006E-001 ,
  -3.59324994860688099E-007 ,
   7.34762020710900576E-001 ,
  -8.08255303068131370E-002 ,
  -1.00000000000000006E-001 ,
  -3.70525021470172280E-007 ,
   5.22439743758120745E-001 ,
  -7.85115635673758611E-002 ,
   0.00000000000000000E+000 ,
  -4.38661834313976658E-007 ,
   5.21726928889771902E-001 ,
  -7.60442101284319882E-002 ,
   0.00000000000000000E+000 ,
  -3.85331562151922690E-007 ,
   3.20752269205850704E-001 ,
  -7.52743980804509299E-002 ,
   0.00000000000000000E+000 ,
  -4.34422035361249829E-007 ,
   3.46041348226498624E-001 ,
  -7.77700662756495159E-002 ,
   0.00000000000000000E+000 ,
  -3.56736000855766650E-007 ,
   6.90714244459632254E-001 ,
  -8.11940180675930490E-002 ,
   0.00000000000000000E+000 ,
  -3.59656859662568938E-007 ,
   7.94886085141425780E-001 ,
  -8.50362467397471761E-002 ,
  -8.74999999999999944E-002 ,
  -3.57996963185609639E-007 ,
   9.95316175977563278E-001 ,
  -9.44992151493776050E-002 ,
  -8.74999999999999944E-002 ,
  -3.91983872173220789E-007 ,
   9.89933770027046078E-001 ,
  -9.37715879940780733E-002 ,
  -1.00000000000000006E-001 ,
  -4.46740633562019498E-007 ,
   9.75313816558186608E-001 ,
  -9.22574115347781776E-002 ,
  -1.00000000000000006E-001 ,
  -3.46337628101872799E-007 ,
   9.47894848650290056E-001 ,
  -8.99504088308707844E-002 ,
   0.00000000000000000E+000 ,
  -4.16271917573310942E-007 ,
   9.42406685904025543E-001 ,
  -8.77409131264544201E-002 ,
   0.00000000000000000E+000 ,
  -2.98473669992745186E-007 ,
   9.72195731751046122E-001 ,
  -9.00714569204801724E-002 ,
   0.00000000000000000E+000 ,
  -3.77670313445041106E-007 ,
   9.86776513544832867E-001 ,
  -9.19720267753770526E-002 ,
   0.00000000000000000E+000 ,
  -3.77449223510866451E-007 ,
   9.93724123512490398E-001 ,
  -9.40253209678715007E-002 ,
  -1.00000000000000006E-001 ,
  -3.09805767841113024E-007 ,
   9.76132577469664975E-001 ,
  -9.14624584525577655E-002 ,
  -1.00000000000000006E-001 ,
  -4.27622428537675266E-007 ,
   9.64984017905079816E-001 ,
  -9.02293958457935225E-002 ,
  -1.00000000000000006E-001 ,
  -4.40047719215991612E-007 ,
   9.49836929486005288E-001 ,
  -8.90280950920348674E-002 ,
   0.00000000000000000E+000 ,
  -4.12908927580928476E-007 ,
   9.26738396926571451E-001 ,
  -8.79579353199963360E-002 ,
   0.00000000000000000E+000 ,
  -3.83132549308718309E-007 ,
   9.17873905058227968E-001 ,
  -8.69712173620248441E-002 ,
   0.00000000000000000E+000 ,
  -4.84066009277019367E-007 ,
   9.12252873172383683E-001 ,
  -8.67907148028789904E-002 ,
   0.00000000000000000E+000 ,
  -4.29948642348785145E-007 ,
   9.15598976829721578E-001 ,
  -8.77792708596972782E-002 ,
   0.00000000000000000E+000 ,
  -4.31159518099288305E-007 ,
   9.40976741727377330E-001 ,
  -8.93554332812915020E-002 ,
   0.00000000000000000E+000 ,
  -4.38739031786753267E-007 ,
   9.64613011263918185E-001 ,
  -9.11716780001178007E-002 ,
   0.00000000000000000E+000 ,
  -4.16231712465218320E-007 ,
   9.82686139007459047E-001 ,
  -8.98048539179281818E-002 ,
   0.00000000000000000E+000 ,
  -3.20958686342458155E-007 ,
   9.88700784057188198E-001 ,
  -9.15607863478594963E-002 ,
   0.00000000000000000E+000 ,
  -3.85210610033010762E-007 ,
   9.94328879599946425E-001 ,
  -9.42634900524124547E-002 ,
  -1.00000000000000006E-001 ,
  -3.68163003994450479E-007 ,
   9.95032619699422916E-001 ,
  -9.51971490736187309E-002 ,
  -1.00000000000000006E-001 ,
  -3.77444206570136323E-007 ,
   9.89853798683341224E-001 ,
  -9.38783799062521407E-002 ,
   0.00000000000000000E+000 ,
  -3.87660292238739325E-007 ,
   9.92505081973109604E-001 ,
  -9.29823241201390011E-002 ,
   0.00000000000000000E+000 ,
  -3.75459218281286431E-007 ,
   9.94973959390745621E-001 ,
  -9.41000844022827215E-002 ,
   1.00000000000000000E+000 ,
  -3.25681600831989664E-007 ,
   9.95651130491319369E-001 ,
  -9.48769894286284610E-002 ,
  -1.00000000000000006E-001 ,
  -3.69798651006822287E-007 ,
   9.93735879207046646E-001 ,
  -9.42129258512895279E-002 ,
  -1.00000000000000006E-001 ,
  -3.47710731388171363E-007 ,
   9.91497392295975222E-001 ,
  -9.35908899346084427E-002 ,
   0.00000000000000000E+000 ,
  -3.99166285291963433E-007 ,
   9.88611813580318022E-001 ,
  -9.30513603867131611E-002 ,
   0.00000000000000000E+000 ,
  -3.57052867319723764E-007 ,
   9.87645180155510283E-001 ,
  -9.25868184265734445E-002 ,
   0.00000000000000000E+000 ,
  -4.13445145584741893E-007 ,
   9.87289527491395424E-001 ,
  -9.25363864343150128E-002 ,
  -1.56250000000000000E-002 ,
  -4.16774549083428010E-007 ,
   9.87753555600343947E-001 ,
  -9.30058534180929902E-002 ,
  -1.00000000000000006E-001 ,
  -3.85986246397447941E-007 ,
   9.90544458863956034E-001 ,
  -9.37724887684730640E-002 ,
  -1.00000000000000006E-001 ,
  -4.16172463210175703E-007 ,
   9.94021799289457664E-001 ,
  -9.46931507600904526E-002 ,

319,4
                        NaN ,
   3.58594372968123256E-007 ,
   9.98284213194440384E-001 ,
  -8.85709930223304298E-002 ,
                        NaN ,
   3.67443882733127993E-007 ,
   9.91109363221360451E-001 ,
  -7.59558337046322279E-002 ,
   0.00000000000000000E+000 ,
   7.00129880406787364E-001 ,
   9.18973380333409695E-001 ,
  -4.42228913960131115E-002 ,
   0.00000000000000000E+000 ,
   9.99975057294972713E-001 ,
   3.69353397697978258E-001 ,
  -4.28829038606028737E-002 ,
   0.00000000000000000E+000 ,
   9.99993300177149269E-001 ,
   1.66985313016553727E-001 ,
  -4.34659152887266684E-002 ,
   0.00000000000000000E+000 ,
   9.99999435176585627E-001 ,
   1.60178825425582622E-001 ,
  -4.34692058843247561E-002 ,
   0.00000000000000000E+000 ,
   1.00000024037102397E+000 ,
   1.65628456394895429E-001 ,
  -4.34356470609163769E-002 ,
   0.00000000000000000E+000 ,
   1.00000038158692073E+000 ,
   1.71309631834380915E-001 ,
  -4.41385571201229690E-002 ,
   0.00000000000000000E+000 ,
   1.00000021321713639E+000 ,
   1.74068819748063347E-001 ,
  -4.47043982188911615E-002 ,
   0.00000000000000000E+000 ,
   1.00000028701220822E+000 ,
   1.72675199097892945E-001 ,
  -4.51561603244309481E-002 ,
   0.00000000000000000E+000 ,
   9.99999855724933107E-001 ,
   1.72059934637420614E-001 ,
  -4.54250076985350665E-002 ,
   0.00000000000000000E+000 ,
   9.99965930822663829E-001 ,
   1.71198203900345985E-001 ,
  -4.55015286333633959E-002 ,
   0.00000000000000000E+000 ,
   1.00000008688237774E+000 ,
   1.61603107779344418E-001 ,
  -4.54222012194432229E-002 ,
   0.00000000000000000E+000 ,
   1.00000017399124674E+000 ,
   1.62038664374002411E-001 ,
  -4.54128570975732837E-002 ,
   0.00000000000000000E+000 ,
   9.99995992000366596E-001 ,
   1.71840410139986105E-001 ,
  -4.55143952277121816E-002 ,
   0.00000000000000000E+000 ,
   1.00000031092538899E+000 ,
   1.73287710609742490E-001 ,
  -4.51421063000051956E-002 ,
   0.00000000000000000E+000 ,
   1.00000030444903820E+000 ,
   1.74841842500556760E-001 ,
  -4.46392141499969905E-002 ,
   0.00000000000000000E+000 ,
   1.00000034740021237E+000 ,
   1.72644651049043696E-001 ,
  -4.40372554599153532E-002 ,
   0.00000000000000000E+000 ,
   1.00000013803400445E+000 ,
   1.68740526797780344E-001 ,
  -4.33542060979208652E-002 ,
   0.00000000000000000E+000 ,
   9.99999975699210730E-001 ,
   1.66743626451945182E-001 ,
  -4.33528574374555734E-002 ,
   0.00000000000000000E+000 ,
   9.99998881456682476E-001 ,
   1.64998625105541391E-001 ,
  -4.36402754936285539E-002 ,
   0.00000000000000000E+000 ,
   9.99975386835431634E-001 ,
   2.17067890703223909E-001 ,
  -4.29361686320254149E-002 ,
   0.00000000000000000E+000 ,
   8.75208073699397904E-001 ,
   8.68002630637003891E-001 ,
  -4.31075883268957280E-002 ,
                        NaN ,
   4.18360665366649460E-007 ,
   9.85065321313769782E-001 ,
  -7.08764019095136089E-002 ,
                        NaN ,
   3.36257223818274438E-007 ,
   9.98307517299440006E-001 ,
  -8.64203459727910239E-002 ,
   0.00000000000000000E+000 ,
   9.99887703995387400E-001 ,
   1.76183303611114839E-001 ,
  -4.51051880492071081E-002 ,
   0.00000000000000000E+000 ,
   9.98076152346407119E-001 ,
   1.72791690667907866E-001 ,
  -4.52893684153997111E-002 ,
   0.00000000000000000E+000 ,
   9.99996358730149582E-001 ,
   1.71410364756444999E-001 ,
  -4.54747959043394698E-002 ,
   0.00000000000000000E+000 ,
   1.00000033026545565E+000 ,
   1.66349529304451432E-001 ,
  -4.54367675954838804E-002 ,
   0.00000000000000000E+000 ,
   1.00000021050051324E+000 ,
   1.66501310819748977E-001 ,
  -4.54794929727245223E-002 ,
   0.00000000000000000E+000 ,
   9.99992836802485519E-001 ,
   1.72071405152854462E-001 ,
  -4.53612537570140598E-002 ,
   0.00000000000000000E+000 ,
   9.99729935823294724E-001 ,
   1.75448787788601290E-001 ,
  -4.50436852420158518E-002 ,
                        NaN ,
   3.69679421323740681E-007 ,
   9.98859405566547065E-001 ,
  -8.89506257737648770E-002 ,
   0.00000000000000000E+000 ,
   4.28942598800848928E-007 ,
   9.94775942745490083E-001 ,
  -7.76961471492076394E-002 ,
   0.00000000000000000E+000 ,
   6.67062946881879278E-003 ,
   9.64464119590881963E-001 ,
  -5.33508461346716562E-002 ,
   0.00000000000000000E+000 ,
   8.21724353106597749E-001 ,
   8.21840009633735269E-001 ,
  -4.32199252198477851E-002 ,
   0.00000000000000000E+000 ,
   9.99779785186059144E-001 ,
   3.76745900861307548E-001 ,
  -4.26097955161836711E-002 ,
   0.00000000000000000E+000 ,
   9.99384446142441263E-001 ,
   2.41622447876928464E-001 ,
  -4.31729189515430295E-002 ,
   0.00000000000000000E+000 ,
   9.99551001297114161E-001 ,
   1.89295795937317685E-001 ,
  -4.34994225547175248E-002 ,
   0.00000000000000000E+000 ,
   9.99977365480196778E-001 ,
   1.89249096514488874E-001 ,
  -4.41372654945069026E-002 ,
   0.00000000000000000E+000 ,
   9.81192361877023522E-001 ,
   1.77625723975256999E-001 ,
  -4.46677812430709073E-002 ,
   0.00000000000000000E+000 ,
   9.93454763326715229E-001 ,
   1.78407494459614790E-001 ,
  -4.45463968423662066E-002 ,
   0.00000000000000000E+000 ,
   9.99979932520057346E-001 ,
   1.92648419094822859E-001 ,
  -4.40390865008984528E-002 ,
   0.00000000000000000E+000 ,
   9.99807197884521215E-001 ,
   1.92839691061291896E-001 ,
  -4.34258436824411856E-002 ,
   0.00000000000000000E+000 ,
   9.99689673390518063E-001 ,
   1.95391246938482088E-001 ,
  -4.30358760495036380E-002 ,
   0.00000000000000000E+000 ,
   9.99644433406949529E-001 ,
   3.05410027784479510E-001 ,
  -4.26692445394040096E-002 ,
   0.00000000000000000E+000 ,
   9.64787359367199171E-001 ,
   7.54033644168590089E-001 ,
  -4.27154335166254132E-002 ,
   0.00000000000000000E+000 ,
   3.19450485825618302E-001 ,
   9.46182788895532978E-001 ,
  -4.67562999003014318E-002 ,
   0.00000000000000000E+000 ,
   4.28383427668535119E-007 ,
   9.91595412037820756E-001 ,
  -7.34580549457627546E-002 ,
   0.00000000000000000E+000 ,
   3.61670692996346543E-007 ,
   9.98871885906901680E-001 ,
  -8.69168708524604983E-002 ,
   0.00000000000000000E+000 ,
   9.99998942471040486E-001 ,
   1.74583630805665191E-001 ,
  -4.46232064386388530E-002 ,
   0.00000000000000000E+000 ,
   9.99999728276951050E-001 ,
   1.72110252493471005E-001 ,
  -4.50483062244187368E-002 ,
   0.00000000000000000E+000 ,
   9.99998032488109367E-001 ,
   1.71850686419365517E-001 ,
  -4.51214794371092159E-002 ,
   0.00000000000000000E+000 ,
   1.00000016646258838E+000 ,
   1.65551015324566980E-001 ,
  -4.51589978861178867E-002 ,
   0.00000000000000000E+000 ,
   1.00000028775034822E+000 ,
   1.60197483166551302E-001 ,
  -4.52234353285387927E-002 ,
   0.00000000000000000E+000 ,
   1.00000028854092071E+000 ,
   1.59317266976453209E-001 ,
  -4.53141498941491694E-002 ,
   0.00000000000000000E+000 ,
   1.00000014553566396E+000 ,
   1.62604386851783661E-001 ,
  -4.51824679086049799E-002 ,
   0.00000000000000000E+000 ,
   9.99999969840347669E-001 ,
   1.69756848113388287E-001 ,
  -4.50485251773011311E-002 ,
   0.00000000000000000E+000 ,
   9.99999998509197852E-001 ,
   1.74606339906210495E-001 ,
  -4.44544631209965041E-002 ,
   0.00000000000000000E+000 ,
   3.42209218475853912E-007 ,
   9.98816661758931468E-001 ,
  -9.03527001143557829E-002 ,
   0.00000000000000000E+000 ,
   4.72504881286610750E-007 ,
   9.96952026379756662E-001 ,
  -8.23441215130797655E-002 ,
   0.00000000000000000E+000 ,
   3.32233698414811012E-007 ,
   9.82210386806440128E-001 ,
  -6.89753057347572834E-002 ,
   0.00000000000000000E+000 ,
   4.70598220619405407E-003 ,
   9.19891536386564623E-001 ,
  -5.12372728812547779E-002 ,
   0.00000000000000000E+000 ,
   4.56229873632821969E-001 ,
   7.39954902991914465E-001 ,
  -4.35747311268309817E-002 ,
   0.00000000000000000E+000 ,
   9.64467029494083583E-001 ,
   4.46030769788278714E-001 ,
  -4.31134068194313699E-002 ,
   0.00000000000000000E+000 ,
   9.97673783255094704E-001 ,
   1.96983684073909759E-001 ,
  -4.32020425679909836E-002 ,
   0.00000000000000000E+000 ,
   9.99997198990189129E-001 ,
   1.83754883535139107E-001 ,
  -4.37552188816249937E-002 ,
   0.00000000000000000E+000 ,
   9.99995837541122201E-001 ,
   1.77823661132576444E-001 ,
  -4.45054481549955749E-002 ,
   0.00000000000000000E+000 ,
   9.99981856808509595E-001 ,
   1.77255903531944592E-001 ,
  -4.44901030079199802E-002 ,
   0.00000000000000000E+000 ,
   9.99993026211091318E-001 ,
   1.83975895398280298E-001 ,
  -4.34769950808517117E-002 ,
   0.00000000000000000E+000 ,
   9.89321431628070624E-001 ,
   1.98668126098386882E-001 ,
  -4.33427530092648852E-002 ,
   0.00000000000000000E+000 ,
   9.96010285789202698E-001 ,
   2.54957224065741395E-001 ,
  -4.28017162544561819E-002 ,
   0.00000000000000000E+000 ,
   9.90707827504782479E-001 ,
   5.96679919062454656E-001 ,
  -4.27938451142759330E-002 ,
   0.00000000000000000E+000 ,
   3.44828240904725691E-002 ,
   8.50433529905390784E-001 ,
  -4.64774432868515150E-002 ,
   0.00000000000000000E+000 ,
   4.76481181517542992E-007 ,
   9.61293378659169417E-001 ,
  -6.05795324890055428E-002 ,
   0.00000000000000000E+000 ,
   5.28356519237867736E-007 ,
   9.92563908564293218E-001 ,
  -7.62853465220685867E-002 ,
   0.00000000000000000E+000 ,
   3.88565138499984527E-007 ,
   9.98831800283619842E-001 ,
  -8.68630334627285977E-002 ,
   0.00000000000000000E+000 ,
   4.03569166434201793E-007 ,
   9.98906017626734810E-001 ,
  -8.89339546705981976E-002 ,
   0.00000000000000000E+000 ,
   3.35406865101893372E-007 ,
   9.95948888542459665E-001 ,
  -8.33421370201708062E-002 ,
   0.00000000000000000E+000 ,
   3.14676473618579347E-007 ,
   9.86419032561048681E-001 ,
  -7.55440659725332975E-002 ,
   0.00000000000000000E+000 ,
   4.05469627707070560E-007 ,
   9.59186734133822494E-001 ,
  -6.22961891792055203E-002 ,
   0.00000000000000000E+000 ,
   3.08686141541245594E-003 ,
   8.43490938096901677E-001 ,
  -4.95262816908331183E-002 ,
   0.00000000000000000E+000 ,
   9.72463623017795653E-001 ,
   4.65710891758539469E-001 ,
  -4.28342898303218020E-002 ,
   0.00000000000000000E+000 ,
   9.95630394044796918E-001 ,
   1.92796676930494487E-001 ,
  -4.32474614756974962E-002 ,
   0.00000000000000000E+000 ,
   9.99997741524083383E-001 ,
   1.79211430910117375E-001 ,
  -4.33473967428332080E-002 ,
   0.00000000000000000E+000 ,
   9.99984463000048618E-001 ,
   1.78518116734098536E-001 ,
  -4.44543219026688474E-002 ,
   0.00000000000000000E+000 ,
   9.99874267338511258E-001 ,
   1.75823863103280464E-001 ,
  -4.45575694516386345E-002 ,
   0.00000000000000000E+000 ,
   9.99967024580722397E-001 ,
   1.74672422896366752E-001 ,
  -4.50299533406011213E-002 ,
   0.00000000000000000E+000 ,
   9.99977080032317889E-001 ,
   1.73020467483573887E-001 ,
  -4.52283899848747173E-002 ,
   0.00000000000000000E+000 ,
   9.99650395798630798E-001 ,
   1.71646066251546020E-001 ,
  -4.53587378339785213E-002 ,
   0.00000000000000000E+000 ,
   9.99999751015099414E-001 ,
   1.70045999018571675E-001 ,
  -4.53328232949513910E-002 ,
   0.00000000000000000E+000 ,
   1.00000026890670046E+000 ,
   1.64614073807987177E-001 ,
  -4.51564120245209338E-002 ,
   0.00000000000000000E+000 ,
   9.99831897096839395E-001 ,
   1.76677223269500167E-001 ,
  -4.50355015869655650E-002 ,
   0.00000000000000000E+000 ,
   9.99884753439778340E-001 ,
   1.83512295652506402E-001 ,
  -4.50004948008995639E-002 ,
   0.00000000000000000E+000 ,
   9.99999212786645941E-001 ,
   1.74756827757176270E-001 ,
  -4.44226530346329349E-002 ,
   0.00000000000000000E+000 ,
   9.93064936646759877E-001 ,
   1.77997081004010710E-001 ,
  -4.44399617990038839E-002 ,
   0.00000000000000000E+000 ,
   9.99977246825421107E-001 ,
   1.81343303349209534E-001 ,
  -4.39042477587332017E-002 ,
   0.00000000000000000E+000 ,
   9.99961207591186785E-001 ,
   1.89361685319147155E-001 ,
  -4.32941747597874182E-002 ,
   0.00000000000000000E+000 ,
   9.99983111785841761E-001 ,
   2.22883095095610689E-001 ,
  -4.26151824252660461E-002 ,
   0.00000000000000000E+000 ,
   9.91364875627355979E-001 ,
   5.78048347787803340E-001 ,
  -4.21959463921846370E-002 ,
   0.00000000000000000E+000 ,
   1.36487625589941240E-006 ,
   8.88326728836527857E-001 ,
  -5.20719860683957342E-002 ,
   0.00000000000000000E+000 ,
   4.02585360514094482E-007 ,
   9.71744455003352936E-001 ,
  -6.57296252286679594E-002 ,
   0.00000000000000000E+000 ,
   3.68664217452412756E-007 ,
   9.93976944760832648E-001 ,
  -7.82479435741576523E-002 ,
   0.00000000000000000E+000 ,
   3.96752355314548777E-007 ,
   9.98926280949838930E-001 ,
  -8.71747967430173548E-002 ,
                        NaN ,
   3.42359274748608318E-007 ,
   9.99043732267027917E-001 ,
  -8.78812344374100274E-002 ,
   0.00000000000000000E+000 ,
   4.35017333979014763E-007 ,
   9.94982254431538427E-001 ,
  -7.99619643737166513E-002 ,
   0.00000000000000000E+000 ,
   3.84197224910811671E-007 ,
   9.76421912276494108E-001 ,
  -6.79740725395078238E-002 ,
   0.00000000000000000E+000 ,
   7.58993368922618455E-002 ,
   8.89944918093349524E-001 ,
  -4.79884773325590375E-002 ,
   0.00000000000000000E+000 ,
   9.99831502017041407E-001 ,
   3.77051938346378734E-001 ,
  -4.23963194281051572E-002 ,
   0.00000000000000000E+000 ,
   9.99817782481687845E-001 ,
   1.84810467248603227E-001 ,
  -4.33228625319825034E-002 ,
   0.00000000000000000E+000 ,
   9.99074045513052567E-001 ,
   1.81714127245135082E-001 ,
  -4.38972952380824039E-002 ,
   0.00000000000000000E+000 ,
   9.99928961401369443E-001 ,
   1.78579509687502191E-001 ,
  -4.44468411409222747E-002 ,
   0.00000000000000000E+000 ,
   1.00000017308586164E+000 ,
   1.78896565933639173E-001 ,
  -4.41002525715535262E-002 ,
   0.00000000000000000E+000 ,
   9.99983911266725034E-001 ,
   1.81684243999141765E-001 ,
  -4.39516893792026020E-002 ,
   0.00000000000000000E+000 ,
   9.96160002914199594E-001 ,
   1.83865157522493244E-001 ,
  -4.36713308506498296E-002 ,
   0.00000000000000000E+000 ,
   9.99982978779953791E-001 ,
   1.87924820211876786E-001 ,
  -4.29268122079701636E-002 ,
   0.00000000000000000E+000 ,
   9.99916046261568381E-001 ,
   4.53361552457884509E-001 ,
  -4.19886170639205969E-002 ,
   0.00000000000000000E+000 ,
   9.31584725461177474E-003 ,
   8.94547609586973103E-001 ,
  -4.97892939078307742E-002 ,
   0.00000000000000000E+000 ,
   3.56648964090331201E-007 ,
   9.76973134352350558E-001 ,
  -6.80042735655038560E-002 ,
   0.00000000000000000E+000 ,
   3.89233438678383952E-007 ,
   9.95122512586580132E-001 ,
  -7.98407368963017366E-002 ,
   0.00000000000000000E+000 ,
   3.84835944545747829E-007 ,
   9.99071741228509502E-001 ,
  -8.77558057342847503E-002 ,
   0.00000000000000000E+000 ,
   9.99281247651689686E-001 ,
   1.77506145137605542E-001 ,
  -4.46381844978684036E-002 ,
   0.00000000000000000E+000 ,
   9.99999809477679413E-001 ,
   1.74966343517542894E-001 ,
  -4.46314434075433322E-002 ,
   0.00000000000000000E+000 ,
   9.99999885702485214E-001 ,
   1.74061859790918372E-001 ,
  -4.48938039884052356E-002 ,
   0.00000000000000000E+000 ,
   9.99914415692011893E-001 ,
   1.75021942954210974E-001 ,
  -4.51243198172001994E-002 ,
   0.00000000000000000E+000 ,
   1.00000007243529510E+000 ,
   1.69372992564094382E-001 ,
  -4.49300191787738445E-002 ,
   0.00000000000000000E+000 ,
   1.00000038062723773E+000 ,
   1.68709733385568411E-001 ,
  -4.47741148084097387E-002 ,
   0.00000000000000000E+000 ,
   9.99969822848025602E-001 ,
   1.78825473998897616E-001 ,
  -4.48170004663326488E-002 ,
   0.00000000000000000E+000 ,
   9.99279630435596533E-001 ,
   1.85930476779474801E-001 ,
  -4.47083012500612137E-002 ,
   0.00000000000000000E+000 ,
   1.00000003333142073E+000 ,
   1.78326861093444755E-001 ,
  -4.41913048790041410E-002 ,
                        NaN ,
   3.43674361922311991E-007 ,
   9.98754023267933944E-001 ,
  -8.98323339419063172E-002 ,
   0.00000000000000000E+000 ,
   3.90429831476955893E-007 ,
   9.97166930108172367E-001 ,
  -8.32257579191016533E-002 ,
   0.00000000000000000E+000 ,
   4.52563950050007931E-007 ,
   9.85959695094969724E-001 ,
  -7.22002361410547244E-002 ,
   0.00000000000000000E+000 ,
   9.45570045295577449E-003 ,
   9.30470620804900395E-001 ,
  -5.12459657684031580E-002 ,
   0.00000000000000000E+000 ,
   9.53173163342015073E-001 ,
   6.62270967917310327E-001 ,
  -4.30112801277142617E-002 ,
   0.00000000000000000E+000 ,
   9.99480923664105236E-001 ,
   1.94169260846812908E-001 ,
  -4.36479599056878789E-002 ,
   0.00000000000000000E+000 ,
   9.99994296284252959E-001 ,
   1.81008477139535939E-001 ,
  -4.37279324046820836E-002 ,
   0.00000000000000000E+000 ,
   9.99970204763433235E-001 ,
   1.79153396131150916E-001 ,
  -4.43926249380551877E-002 ,
   0.00000000000000000E+000 ,
   9.99999894018794744E-001 ,
   1.76723153043957998E-001 ,
  -4.36207130260340137E-002 ,
   0.00000000000000000E+000 ,
   9.99998907781802449E-001 ,
   1.80721705796137666E-001 ,
  -4.35429801630973293E-002 ,
   0.00000000000000000E+000 ,
   9.99999126302762220E-001 ,
   1.85441388311762795E-001 ,
  -4.31709918894016276E-002 ,
   0.00000000000000000E+000 ,
   9.99631528863426433E-001 ,
   3.52813594452498713E-001 ,
  -4.30511790968410163E-002 ,
   0.00000000000000000E+000 ,
   7.27209298357996858E-001 ,
   8.55211471668634537E-001 ,
  -4.30303904250078570E-002 ,
   0.00000000000000000E+000 ,
   3.61810358534225808E-007 ,
   9.70256799320774355E-001 ,
  -6.44359206185253913E-002 ,
   0.00000000000000000E+000 ,
   4.24376255827492175E-007 ,
   9.93933442108803744E-001 ,
  -7.84779382051121743E-002 ,
   0.00000000000000000E+000 ,
   3.64958136649235794E-007 ,
   9.98808484858214052E-001 ,
  -8.68532704113999243E-002 ,
   0.00000000000000000E+000 ,
   9.99553250273960026E-001 ,
   1.78824841066479334E-001 ,
  -4.44042699328593624E-002 ,
   0.00000000000000000E+000 ,
   9.99997505756928140E-001 ,
   1.78289407006806122E-001 ,
  -4.43157845107831072E-002 ,
   0.00000000000000000E+000 ,
   9.99998649093396086E-001 ,
   1.76473198602178916E-001 ,
  -4.46793051892340823E-002 ,
   0.00000000000000000E+000 ,
   9.99982228442724663E-001 ,
   1.76215118020531802E-001 ,
  -4.48609941092574585E-002 ,
   0.00000000000000000E+000 ,
   9.99963722709049985E-001 ,
   1.75699054249354031E-001 ,
  -4.48161327632380993E-002 ,
   0.00000000000000000E+000 ,
   9.98144013821718912E-001 ,
   1.75847550945355202E-001 ,
  -4.46980897716265785E-002 ,
   0.00000000000000000E+000 ,
   9.99998115017753708E-001 ,
   1.75975025150636732E-001 ,
  -4.46415547892779346E-002 ,
   0.00000000000000000E+000 ,
   9.99999851047926103E-001 ,
   1.78443233632687687E-001 ,
  -4.42395750465754342E-002 ,
   0.00000000000000000E+000 ,
   9.99981299617274777E-001 ,
   1.83692703173694821E-001 ,
  -4.38220786878023294E-002 ,
   0.00000000000000000E+000 ,
   3.46455988459621304E-007 ,
   9.98954089829526826E-001 ,
  -8.90733698543402369E-002 ,
   0.00000000000000000E+000 ,
   2.74482597135195409E-007 ,
   9.96427169277253832E-001 ,
  -8.40852585026201499E-002 ,
   0.00000000000000000E+000 ,
   3.38502022186241895E-007 ,
   9.88041871169612396E-001 ,
  -7.65673617065625034E-002 ,
   0.00000000000000000E+000 ,
   5.75507324866827184E-007 ,
   9.60367570179471941E-001 ,
  -6.03359732717046113E-002 ,
   0.00000000000000000E+000 ,
   9.81606121845642665E-001 ,
   8.03122596636819286E-001 ,
  -4.32511600561021961E-002 ,
   0.00000000000000000E+000 ,
   9.99350035768755918E-001 ,
   2.40228767584424824E-001 ,
  -4.34155600470062589E-002 ,
   0.00000000000000000E+000 ,
   9.99893955489198238E-001 ,
   1.81316069923761591E-001 ,
  -4.34100446085776276E-002 ,
   0.00000000000000000E+000 ,
   9.99905429557551351E-001 ,
   1.79806289892683824E-001 ,
  -4.42673254920473852E-002 ,
   0.00000000000000000E+000 ,
   9.99904657278261277E-001 ,
   1.83381280276042197E-001 ,
  -4.36329192632371188E-002 ,
   0.00000000000000000E+000 ,
   9.99274868194576227E-001 ,
   1.90000929309292022E-001 ,
  -4.35102988286738407E-002 ,
   0.00000000000000000E+000 ,
   9.99996404110295889E-001 ,
   1.87062641477209884E-001 ,
  -4.25596073375867148E-002 ,
   0.00000000000000000E+000 ,
   9.99667496068819439E-001 ,
   4.17793172113510136E-001 ,
  -4.24639880064845293E-002 ,
   0.00000000000000000E+000 ,
   6.51903922178787565E-001 ,
   8.78606575020174807E-001 ,
  -4.35111900032114501E-002 ,
   0.00000000000000000E+000 ,
   3.53416730735678337E-007 ,
   9.75089753744597831E-001 ,
  -6.60016543077773105E-002 ,
   0.00000000000000000E+000 ,
   4.02433549602547575E-007 ,
   9.94978763909389552E-001 ,
  -7.96472694558214567E-002 ,
   0.00000000000000000E+000 ,
   3.63619671507848550E-007 ,
   9.99017464467074290E-001 ,
  -8.76372175597013442E-002 ,
   0.00000000000000000E+000 ,
   3.61068437043269869E-007 ,
   9.98732465939599523E-001 ,
  -8.84459071827016219E-002 ,
   0.00000000000000000E+000 ,
   4.91341486768700818E-007 ,
   9.95749640086901255E-001 ,
  -8.08542325774063014E-002 ,
   0.00000000000000000E+000 ,
   3.84983141091255209E-007 ,
   9.79562712465195218E-001 ,
  -6.76795672719200520E-002 ,
   0.00000000000000000E+000 ,
   1.90361409110666291E-001 ,
   9.08422586812408839E-001 ,
  -4.69220139619665050E-002 ,
   0.00000000000000000E+000 ,
   9.88913144131033484E-001 ,
   6.61354089589404781E-001 ,
  -4.39437770781923587E-002 ,
   0.00000000000000000E+000 ,
   9.99974172650533122E-001 ,
   2.14551257180491811E-001 ,
  -4.36307434887026474E-002 ,
   0.00000000000000000E+000 ,
   9.99992987055519311E-001 ,
   1.81257967940416209E-001 ,
  -4.37097678045512625E-002 ,
   0.00000000000000000E+000 ,
   9.99642207348148570E-001 ,
   1.82797495203852911E-001 ,
  -4.40875966137587103E-002 ,
   0.00000000000000000E+000 ,
   9.99998700060030110E-001 ,
   1.78512762019517546E-001 ,
  -4.41218020753591303E-002 ,
   0.00000000000000000E+000 ,
   9.99934343855494734E-001 ,
   1.78670345548294723E-001 ,
  -4.43670010388408295E-002 ,
   0.00000000000000000E+000 ,
   9.99998861100740211E-001 ,
   1.78072724301587548E-001 ,
  -4.44927556206349620E-002 ,
   0.00000000000000000E+000 ,
   9.99964027637208153E-001 ,
   1.77063070459339056E-001 ,
  -4.45654777681608605E-002 ,
   0.00000000000000000E+000 ,
   9.99693807842863547E-001 ,
   1.77176629636543237E-001 ,
  -4.46588575911046337E-002 ,
   0.00000000000000000E+000 ,
   9.99971904718156890E-001 ,
   1.77757184019862929E-001 ,
  -4.43843244686026803E-002 ,
   0.00000000000000000E+000 ,
   9.99999947965955260E-001 ,
   1.77012946701686880E-001 ,
  -4.35200158739399365E-002 ,
   0.00000000000000000E+000 ,
   9.97410879595309940E-001 ,
   2.06352686566351390E-001 ,
  -4.36394177156941149E-002 ,
   0.00000000000000000E+000 ,
   9.99831224964137122E-001 ,
   1.96677492526107361E-001 ,
  -4.29971293703993659E-002 ,
   0.00000000000000000E+000 ,
   9.98425149408400547E-001 ,
   3.27193008870024171E-001 ,
  -4.28312742122787943E-002 ,
   0.00000000000000000E+000 ,
   9.98519027780081836E-001 ,
   6.29987600413918547E-001 ,
  -4.23014277615159154E-002 ,
   0.00000000000000000E+000 ,
   4.17380943444409847E-001 ,
   8.84773456524895363E-001 ,
  -4.44520940155354802E-002 ,
   0.00000000000000000E+000 ,
   3.41280608156391483E-007 ,
   9.72893772283438318E-001 ,
  -6.42475256012753071E-002 ,
   1.00000000000000000E+000 ,
   3.35205689016169727E-007 ,
   9.94238427144047088E-001 ,
  -7.86994305522762810E-002 ,
   1.00000000000000000E+000 ,
   3.63291290317816172E-007 ,
   9.98836845338570645E-001 ,
  -8.70554199881374141E-002 ,
   5.00000000000000000E-001 ,
   3.99060138859363099E-007 ,
   9.99056574604247793E-001 ,
  -9.06673814230338493E-002 ,
   1.00000000000000000E+000 ,
   3.56869830691897550E-007 ,
   9.97915860806847688E-001 ,
  -8.47934658931416008E-002 ,
   0.00000000000000000E+000 ,
   3.81434376832775411E-007 ,
   9.90358486022417939E-001 ,
  -7.51111745448575091E-002 ,
   0.00000000000000000E+000 ,
   3.59674904765430632E-007 ,
   9.59386845904736663E-001 ,
  -6.07459228547953325E-002 ,
   0.00000000000000000E+000 ,
   5.56364037015344870E-001 ,
   8.46015258248418500E-001 ,
  -4.43280750448143621E-002 ,
   0.00000000000000000E+000 ,
   9.99967214075222821E-001 ,
   3.85250664403186061E-001 ,
  -4.26872718921510186E-002 ,
   0.00000000000000000E+000 ,
   9.99987175952481766E-001 ,
   2.02497039778988752E-001 ,
  -4.30729218043211723E-002 ,
   0.00000000000000000E+000 ,
   9.98493253964053085E-001 ,
   2.45747630396965178E-001 ,
  -4.28046141939680894E-002 ,
   0.00000000000000000E+000 ,
   9.98797866282384650E-001 ,
   5.50040389844778765E-001 ,
  -4.26326342832140937E-002 ,
   0.00000000000000000E+000 ,
   2.62047377266180909E-002 ,
   7.68748044235545769E-001 ,
  -4.73751337658208371E-002 ,
   0.00000000000000000E+000 ,
   3.55711811223668897E-005 ,
   9.16184332782387090E-001 ,
  -5.59888466486060110E-002 ,
   0.00000000000000000E+000 ,
   4.18504045001166951E-007 ,
   9.77439069736852351E-001 ,
  -7.02378888953433672E-002 ,
   0.00000000000000000E+000 ,
   3.90330634860410667E-007 ,
   9.94849855880826195E-001 ,
  -8.12521800814798717E-002 ,
   1.00000000000000000E+000 ,
   3.57251927940541257E-007 ,
   9.98918923261587932E-001 ,
  -8.83605170426877279E-002 ,
   0.00000000000000000E+000 ,
   9.99990966464807007E-001 ,
   1.85630831488396680E-001 ,
  -4.26973304785773985E-002 ,
   0.00000000000000000E+000 ,
   9.99999207507551557E-001 ,
   1.81842434003151504E-001 ,
  -4.29097090470711498E-002 ,
   0.00000000000000000E+000 ,
   9.90095567681914202E-001 ,
   1.83459220256693922E-001 ,
  -4.40158728672649241E-002 ,
   0.00000000000000000E+000 ,
   9.99996929904462095E-001 ,
   1.80602952211037532E-001 ,
  -4.38413735271348456E-002 ,
   0.00000000000000000E+000 ,
   9.99945925430788973E-001 ,
   1.78989030882985595E-001 ,
  -4.42281943305917677E-002 ,
   0.00000000000000000E+000 ,
   9.99973151511098335E-001 ,
   1.78949323683797956E-001 ,
  -4.43919424327807940E-002 ,
   0.00000000000000000E+000 ,
   9.99887017214241558E-001 ,
   1.79589079431285575E-001 ,
  -4.42803424223286932E-002 ,
   0.00000000000000000E+000 ,
   9.99997671628741203E-001 ,
   1.77795277832580145E-001 ,
  -4.30422037015872200E-002 ,
   0.00000000000000000E+000 ,
   9.99706626418987776E-001 ,
   2.15402137263075277E-001 ,
  -4.29556342452759171E-002 ,
   0.00000000000000000E+000 ,
   7.20614408962527819E-001 ,
   6.66436225952579897E-001 ,
  -4.29888272597069854E-002 ,
   0.00000000000000000E+000 ,
   5.03502259245577344E-001 ,
   8.60336904434482630E-001 ,
  -4.34261808220998136E-002 ,
   0.00000000000000000E+000 ,
   5.02577841474934174E-007 ,
   9.40688808300216395E-001 ,
  -5.49686245133110471E-002 ,
   0.00000000000000000E+000 ,
   4.02443767760398102E-007 ,
   9.77973805376374683E-001 ,
  -6.53301400071474303E-002 ,
   0.00000000000000000E+000 ,
   4.31184240602066045E-007 ,
   9.93379858432828722E-001 ,
  -7.59541410944709616E-002 ,
   1.00000000000000000E+000 ,
   4.39607361869685692E-007 ,
   9.98325072593921337E-001 ,
  -8.44102000069940905E-002 ,
   1.00000000000000000E+000 ,
   3.92625397628419164E-007 ,
   9.99623283268325835E-001 ,
  -9.01164116608426519E-002 ,
   1.00000000000000000E+000 ,
   3.42637626245111768E-007 ,
   9.98759318845617194E-001 ,
  -8.81510738907611002E-002 ,
   1.00000000000000000E+000 ,
   3.54969709524966468E-007 ,
   9.94400491819824373E-001 ,
  -8.10915803490829395E-002 ,
   0.00000000000000000E+000 ,
   3.93678108342319665E-007 ,
   9.76990587885952055E-001 ,
  -7.03082061817571907E-002 ,
   0.00000000000000000E+000 ,
   4.20984031307257249E-003 ,
   9.13383245507718655E-001 ,
  -5.25653662604611063E-002 ,
   0.00000000000000000E+000 ,
   9.39490300512151877E-001 ,
   7.01064578441295549E-001 ,
  -4.27919094937720956E-002 ,
   0.00000000000000000E+000 ,
   9.48819445678775852E-001 ,
   3.53781169080994884E-001 ,
  -4.30641059978746077E-002 ,
   1.00000000000000000E+000 ,
   3.93127984156202212E-007 ,
   9.99464975857366600E-001 ,
  -9.00852143568992153E-002 ,
   1.00000000000000000E+000 ,
   4.12970871961392461E-007 ,
   9.97669945407735570E-001 ,
  -8.44193404182582430E-002 ,
   0.00000000000000000E+000 ,
   3.91433730423190561E-007 ,
   9.90776267809353572E-001 ,
  -7.58015752505572377E-002 ,
   4.56249999999999989E-001 ,
   3.68165141378599478E-007 ,
   9.67034497187497344E-001 ,
  -6.31488470674956281E-002 ,
   1.00000000000000000E+000 ,
   9.20694139904703127E-003 ,
   8.99420296840034328E-001 ,
  -5.02733642433834810E-002 ,
   0.00000000000000000E+000 ,
   9.08298679215372662E-001 ,
   7.66168445038644563E-001 ,
  -4.28756539324608166E-002 ,
   0.00000000000000000E+000 ,
   9.85335974448002139E-001 ,
   6.21561941109767480E-001 ,
  -4.25338677155190706E-002 ,
   0.00000000000000000E+000 ,
   9.99406603465675336E-001 ,
   3.84036871762282628E-001 ,
  -4.25672207689582194E-002 ,
   0.00000000000000000E+000 ,
   9.97158960202412681E-001 ,
   3.30466509328226576E-001 ,
  -4.36317120549767345E-002 ,
   0.00000000000000000E+000 ,
   9.99587750866427482E-001 ,
   2.05913336337783054E-001 ,
  -4.38044607396446128E-002 ,
   0.00000000000000000E+000 ,
   9.99441833922138922E-001 ,
   1.83555819385200686E-001 ,
  -4.40287978745608488E-002 ,
   0.00000000000000000E+000 ,
   9.99992477965131688E-001 ,
   1.83921303070030573E-001 ,
  -4.35466809992481885E-002 ,
   0.00000000000000000E+000 ,
   9.99984928675223261E-001 ,
   2.18408192568372822E-001 ,
  -4.32834031615292811E-002 ,
   0.00000000000000000E+000 ,
   9.99951003067531485E-001 ,
   2.12407104298378946E-001 ,
  -4.26782070014934053E-002 ,
   0.00000000000000000E+000 ,
   9.80736172181633670E-001 ,
   6.61877087014769772E-001 ,
  -4.27360736668452243E-002 ,
   0.00000000000000000E+000 ,
   3.77511738393617791E-001 ,
   8.87649640285002040E-001 ,
  -4.51684628872715335E-002 ,
   0.00000000000000000E+000 ,
   4.20900341475851658E-007 ,
   9.58779453935137749E-001 ,
  -5.92771962938834981E-002 ,
   0.00000000000000000E+000 ,
   3.89782353609097368E-007 ,
   9.84177154891382799E-001 ,
  -6.96927465163554166E-002 ,
   0.00000000000000000E+000 ,
   4.35322409239923366E-007 ,
   9.94298587687536761E-001 ,
  -7.76796758039418472E-002 ,
   0.00000000000000000E+000 ,
   3.75214900259476549E-007 ,
   9.98207945804646668E-001 ,
  -8.42612158191282101E-002 ,
   1.00000000000000000E+000 ,
   5.24649504063672344E-007 ,
   9.99513907496807574E-001 ,
  -8.93895533796912889E-002 ,
   1.00000000000000000E+000 ,
   3.66015287559802905E-007 ,
   9.99123311814377080E-001 ,
  -9.06154568609796734E-002 ,
  -2.73437499999999965E-002 ,
   3.22878490538054775E-007 ,
   9.97519250802293644E-001 ,
  -8.71028257671131734E-002 ,
   0.00000000000000000E+000 ,
   3.53447890453101430E-007 ,
   9.93379683436655059E-001 ,
  -8.24721945962453989E-002 ,
   1.00000000000000000E+000 ,
   3.76736942891586823E-007 ,
   9.83475557689159063E-001 ,
  -7.44198691216462482E-002 ,
   1.00000000000000000E+000 ,
   4.00691158681378967E-007 ,
   9.51566015010093191E-001 ,
  -6.52474176230835867E-002 ,
   1.00000000000000000E+000 ,
   2.91968004605614535E-004 ,
   8.82325158093909212E-001 ,
  -5.37078498900011511E-002 ,
   1.00000000000000000E+000 ,
   3.98094296382361934E-003 ,
   9.16953937696316501E-001 ,
  -5.16244287075586297E-002 ,
   1.00000000000000000E+000 ,
   1.65718877932687671E-002 ,
   8.72240318508888945E-001 ,
  -4.86288194641994603E-002 ,
   1.00000000000000000E+000 ,
   8.71622499678985752E-001 ,
   8.14972380706006638E-001 ,
  -4.36458201218292360E-002 ,
   0.00000000000000000E+000 ,
   9.99438146397599536E-001 ,
   7.15988527832176813E-001 ,
  -4.33759366130946691E-002 ,
   0.00000000000000000E+000 ,
   9.98776017955932294E-001 ,
   5.08087406785778239E-001 ,
  -4.36676165905671640E-002 ,
   0.00000000000000000E+000 ,
   9.99850710377237384E-001 ,
   4.95582243516804910E-001 ,
  -4.29935646410783204E-002 ,
   0.00000000000000000E+000 ,
   9.94525159423359173E-001 ,
   6.72032974326455701E-001 ,
  -4.29632548897435351E-002 ,
   0.00000000000000000E+000 ,
   9.67834061733053197E-001 ,
   7.78374544686612824E-001 ,
  -4.26932101100461134E-002 ,
   0.00000000000000000E+000 ,
   6.59042583167633311E-001 ,
   9.08926855739851658E-001 ,
  -4.29938835305716319E-002 ,
   1.00000000000000000E+000 ,
   3.75391492598330986E-007 ,
   9.99766821883276147E-001 ,
  -9.23036522749683813E-002 ,
   1.00000000000000000E+000 ,
   3.74791105083184692E-007 ,
   9.99364804155644548E-001 ,
  -8.95556982810900570E-002 ,
   1.00000000000000000E+000 ,
   4.32286116723767426E-007 ,
   9.98376576576833985E-001 ,
  -8.60055715177069774E-002 ,
   1.00000000000000000E+000 ,
   3.88933911759281315E-007 ,
   9.96133082114520008E-001 ,
  -7.99414464996224816E-002 ,
   1.00000000000000000E+000 ,
   3.77318219545928555E-007 ,
   9.89118241602332970E-001 ,
  -7.27187831934976853E-002 ,
   1.00000000000000000E+000 ,
   4.07506476342164203E-007 ,
   9.73408227124149317E-001 ,
  -6.42212472463478956E-002 ,
   0.00000000000000000E+000 ,
   3.99524402532569901E-007 ,
   9.61624234355394569E-001 ,
  -6.43719165683808853E-002 ,
   0.00000000000000000E+000 ,
   3.59603810816805221E-007 ,
   9.85756386217392588E-001 ,
  -7.00972814357316010E-002 ,
   0.00000000000000000E+000 ,
   3.84282074639579653E-007 ,
   9.94734661416430521E-001 ,
  -7.84305226490569496E-002 ,
   0.00000000000000000E+000 ,
   3.76496829092197738E-007 ,
   9.98118688041733870E-001 ,
  -8.42922175323387174E-002 ,
   5.00000000000000000E-001 ,
   3.84626424625412357E-007 ,
   9.99383918187819686E-001 ,
  -8.87488523083409392E-002 ,
   1.00000000000000000E+000 ,
   4.01754205125640623E-007 ,
   9.83470401309780251E-001 ,
  -7.18121854612416843E-002 ,
   1.00000000000000000E+000 ,
   4.14037508218182856E-007 ,
   9.74438560440227586E-001 ,
  -6.77006062477364806E-002 ,
   1.00000000000000000E+000 ,
   4.00305834470071302E-007 ,
   9.62538033327359543E-001 ,
  -6.29029400706126451E-002 ,
   1.00000000000000000E+000 ,
   4.44497272762452351E-004 ,
   9.46268504637854946E-001 ,
  -5.56088286254814990E-002 ,
   0.00000000000000000E+000 ,
   3.85050140156050185E-004 ,
   9.21717303520015019E-001 ,
  -5.51076227472441157E-002 ,
   0.00000000000000000E+000 ,
   8.09226487713443215E-002 ,
   9.12406187024830562E-001 ,
  -4.97449924794298656E-002 ,
   0.00000000000000000E+000 ,
   5.38862120979588938E-002 ,
   9.36715812187125851E-001 ,
  -5.08044424043097020E-002 ,
   0.00000000000000000E+000 ,
   3.91656397486566808E-007 ,
   9.61920551434021553E-001 ,
  -6.11167307104264410E-002 ,
   0.00000000000000000E+000 ,
   4.45414632111688266E-007 ,
   9.81299189927250959E-001 ,
  -6.68731096681690618E-002 ,
   1.00000000000000000E+000 ,
   3.48150932682363916E-007 ,
   9.99290666413981787E-001 ,
  -9.03409492710448014E-002 ,
   1.00000000000000000E+000 ,
   4.47980068363781805E-007 ,
   9.98915370253198875E-001 ,
  -8.76993984763350110E-002 ,
   1.00000000000000000E+000 ,
   4.11236895312795908E-007 ,
   9.97735442384903859E-001 ,
  -8.35431783628809849E-002 ,
   1.00000000000000000E+000 ,
   3.92316730172317370E-007 ,
   9.94639375890936761E-001 ,
  -7.88684734585176350E-002 ,
   0.00000000000000000E+000 ,
   4.39369924049893667E-007 ,
   9.90248794494402618E-001 ,
  -7.82314684802217081E-002 ,
   0.00000000000000000E+000 ,
   3.22447818950031682E-007 ,
   9.95173899125552319E-001 ,
  -8.26497454063126469E-002 ,
   0.00000000000000000E+000 ,
   3.15548787971172068E-007 ,
   9.97680348125968064E-001 ,
  -8.62283373479611481E-002 ,
   0.00000000000000000E+000 ,
   4.09344106046268543E-007 ,
   9.99162279949935783E-001 ,
  -8.90408061005660556E-002 ,
   1.00000000000000000E+000 ,
   2.98780191651522375E-007 ,
   9.96957029344452517E-001 ,
  -8.35717894153140961E-002 ,
   1.00000000000000000E+000 ,
   4.18018011249931648E-007 ,
   9.95331528464012960E-001 ,
  -8.12568330234381686E-002 ,
   1.00000000000000000E+000 ,
   4.89854079595351965E-007 ,
   9.93287758984907510E-001 ,
  -7.89930234270226905E-002 ,
   1.00000000000000000E+000 ,
   4.42070462849204550E-007 ,
   9.90900461037867886E-001 ,
  -7.65598804373312097E-002 ,
   0.00000000000000000E+000 ,
   3.56980663250818507E-007 ,
   9.87845134333875996E-001 ,
  -7.58068856874472979E-002 ,
   0.00000000000000000E+000 ,
   3.55650115357936038E-007 ,
   9.86939886030789637E-001 ,
  -7.52555421634166777E-002 ,
   0.00000000000000000E+000 ,
   5.23657062423119270E-007 ,
   9.89860516415336567E-001 ,
  -7.57741712655198574E-002 ,
   0.00000000000000000E+000 ,
   3.89138217011310107E-007 ,
   9.93564632818667581E-001 ,
  -7.82867222554982783E-002 ,
   0.00000000000000000E+000 ,
   3.96528881437846241E-007 ,
   9.96578399761230638E-001 ,
  -8.16481457754681811E-002 ,
   0.00000000000000000E+000 ,
   3.23889034108175968E-007 ,
   9.94568374239263919E-001 ,
  -8.54042341182632281E-002 ,
   0.00000000000000000E+000 ,
   2.42313285790439667E-007 ,
   9.97181484255226236E-001 ,
  -8.71638967475048126E-002 ,
   0.00000000000000000E+000 ,
   4.45702134643143633E-007 ,
   9.99257960377215482E-001 ,
  -8.95637443557662088E-002 ,
   1.00000000000000000E+000 ,
   4.53876155071063325E-007 ,
   9.99565863799541598E-001 ,
  -9.01846711334609585E-002 ,
   1.00000000000000000E+000 ,
   4.28592852058088908E-007 ,
   9.99007392879468492E-001 ,
  -8.76302756804143990E-002 ,
   0.00000000000000000E+000 ,
   3.96475601812702693E-007 ,
   9.98471356247910835E-001 ,
  -8.87858533484973539E-002 ,
   0.00000000000000000E+000 ,
   3.18580802241166356E-007 ,
   9.99171826366706095E-001 ,
  -9.00436353870767286E-002 ,
   1.00000000000000000E+000 ,
   4.68125752077110590E-007 ,
   9.99479485831005987E-001 ,
  -9.04425607752855215E-002 ,
   1.00000000000000000E+000 ,
   4.17089245669732221E-007 ,
   9.99212606101160916E-001 ,
  -8.92667227210843378E-002 ,
   1.00000000000000000E+000 ,
   3.32176225061908756E-007 ,
   9.98892450810073385E-001 ,
  -8.82124289227040337E-002 ,
   1.00000000000000000E+000 ,
   4.07654706983950210E-007 ,
   9.98548028710756541E-001 ,
  -8.72304745856131020E-002 ,
   0.00000000000000000E+000 ,
   3.10770590136513328E-007 ,
   9.98164686282031366E-001 ,
  -8.69711377787625306E-002 ,
   0.00000000000000000E+000 ,
   3.89510216783702770E-007 ,
   9.98102109077153021E-001 ,
  -8.67995719816834349E-002 ,
   0.00000000000000000E+000 ,
   4.35533935347334823E-007 ,
   9.98474344720037710E-001 ,
  -8.70578449667598203E-002 ,
   0.00000000000000000E+000 ,
   3.91882969264293771E-007 ,
   9.98981735116214797E-001 ,
  -8.80434569045241977E-002 ,
   0.00000000000000000E+000 ,
   4.42582528480764249E-007 ,
   9.99425191712522087E-001 ,
  -8.95946637576782168E-002 ,
