1
0
4
0
(15 0
((0,48) (23,79) (0,0))
((0,80) (23,111) (0,0))
((0,112) (23,143) (0,0))
((0,144) (23,175) (0,0))
((0,176) (23,207) (0,0))
((24,48) (55,79) (0,0))
((24,80) (55,111) (0,0))
((24,112) (55,143) (0,0))
((24,144) (55,175) (0,0))
((24,176) (55,207) (0,0))
((56,48) (87,79) (0,0))
((56,80) (87,111) (0,0))
((56,112) (87,143) (0,0))
((56,144) (87,175) (0,0))
((56,176) (87,207) (0,0))
)
15
FabOnDisk: Cell_D_00000 0
FabOnDisk: Cell_D_00000 24659
FabOnDisk: Cell_D_00000 49319
FabOnDisk: Cell_D_00000 73980
FabOnDisk: Cell_D_00000 98641
FabOnDisk: Cell_D_00000 123302
FabOnDisk: Cell_D_00000 156154
FabOnDisk: Cell_D_00000 189007
FabOnDisk: Cell_D_00000 221861
FabOnDisk: Cell_D_00000 254715
FabOnDisk: Cell_D_00000 287569
FabOnDisk: Cell_D_00000 320421
FabOnDisk: Cell_D_00000 353274
FabOnDisk: Cell_D_00000 386128
FabOnDisk: Cell_D_00000 418982

15,4
   0.00000000000000000E+000 ,
  -1.54806911013212562E-007 ,
   1.27018838401812606E-001 ,
  -9.74057363445408331E-002 ,
   0.00000000000000000E+000 ,
  -4.57807921474474634E-008 ,
   1.23861580751053385E-001 ,
  -6.78033836371550458E-002 ,
   0.00000000000000000E+000 ,
   1.92337369307654452E-002 ,
   1.39652064865501968E-001 ,
  -4.67729193740753779E-002 ,
   0.00000000000000000E+000 ,
  -5.97890941080032028E-008 ,
   1.23954076848489733E-001 ,
  -6.90975576617626486E-002 ,
  -1.00000000000000006E-001 ,
  -1.49290655515547215E-007 ,
   1.27403151994267327E-001 ,
  -9.73619509036883768E-002 ,
  -8.74999999999999944E-002 ,
  -2.46909317738270889E-007 ,
   8.56313406161260171E-001 ,
  -9.92595024437478296E-002 ,
  -8.74999999999999944E-002 ,
  -6.64991095562839817E-008 ,
   1.34462762767738608E-001 ,
  -9.39414228886498726E-002 ,
  -6.56249999999999889E-002 ,
  -5.52431470339957510E-008 ,
   1.36002346726394441E-001 ,
  -7.49229787932701036E-002 ,
  -1.17187500000000000E-002 ,
  -8.30567752965515866E-008 ,
   1.34688238978241781E-001 ,
  -9.41459484964238119E-002 ,
  -1.00000000000000006E-001 ,
  -1.94005897685250178E-007 ,
   8.72114434969178509E-001 ,
  -9.92526196927662197E-002 ,
  -8.74999999999999944E-002 ,
  -1.67224062450156668E-007 ,
   9.98927013192376201E-001 ,
  -9.98969357528662338E-002 ,
  -1.00000000000000006E-001 ,
  -2.37240214574962743E-007 ,
   9.26275630414136852E-001 ,
  -9.93443646127635666E-002 ,
  -1.00000000000000006E-001 ,
  -1.77075659564001306E-007 ,
   8.51924003026115040E-001 ,
  -9.82194125258776946E-002 ,
  -1.00000000000000006E-001 ,
  -1.78451022857090710E-007 ,
   9.28354406869203341E-001 ,
  -9.93592525211382249E-002 ,
   0.00000000000000000E+000 ,
  -1.95192075979804408E-007 ,
   9.99093009558430944E-001 ,
  -9.98964695868213848E-002 ,

15,4
   0.00000000000000000E+000 ,
   9.37559770910565859E-001 ,
   9.99928537952846863E-001 ,
  -4.33244056372171157E-002 ,
   0.00000000000000000E+000 ,
   9.99999990266992822E-001 ,
   8.01996369784304330E-001 ,
  -4.32226419628603600E-002 ,
   0.00000000000000000E+000 ,
   1.00000008217815872E+000 ,
   1.67754006242077980E-001 ,
  -4.55592315564600017E-002 ,
   0.00000000000000000E+000 ,
   1.00000005784654400E+000 ,
   8.26803035573182910E-001 ,
  -4.30998292803083105E-002 ,
   0.00000000000000000E+000 ,
   9.34197026116178941E-001 ,
   9.99927483101140990E-001 ,
  -4.31954826990123136E-002 ,
   0.00000000000000000E+000 ,
   1.54875862572485871E-007 ,
   9.99999071976215737E-001 ,
  -7.13001593392954408E-002 ,
   0.00000000000000000E+000 ,
   9.99996409479229076E-001 ,
   9.98419889396613858E-001 ,
  -4.35836477224149366E-002 ,
   0.00000000000000000E+000 ,
   9.99999862739259004E-001 ,
   8.99993500814393999E-001 ,
  -4.32540809379913654E-002 ,
   0.00000000000000000E+000 ,
   9.99994885336601635E-001 ,
   9.98678349049936021E-001 ,
  -4.31225602071641234E-002 ,
   0.00000000000000000E+000 ,
   1.56409390247546113E-007 ,
   9.99998923752120850E-001 ,
  -7.22554307672698404E-002 ,
   1.00000000000000000E+000 ,
   1.72091007839275265E-007 ,
   1.00000079174002265E+000 ,
  -9.46357537026472767E-002 ,
   1.00000000000000000E+000 ,
   1.87771336513031626E-007 ,
   9.99999455561845885E-001 ,
  -7.73873111727479274E-002 ,
   1.00000000000000000E+000 ,
   2.07807387193224736E-007 ,
   9.99975860804559025E-001 ,
  -7.14307263621122568E-002 ,
   0.00000000000000000E+000 ,
   2.04603773120982345E-007 ,
   9.99999293953404589E-001 ,
  -7.77410767123385138E-002 ,
   1.00000000000000000E+000 ,
   2.31121297310259633E-007 ,
   1.00000076216848344E+000 ,
  -9.48099603792675605E-002 ,
