1
0
4
0
(15 0
((0,432) (23,463) (0,0))
((0,464) (23,495) (0,0))
((0,496) (23,527) (0,0))
((0,528) (23,559) (0,0))
((0,560) (23,591) (0,0))
((24,432) (55,463) (0,0))
((24,464) (55,495) (0,0))
((24,496) (55,527) (0,0))
((24,528) (55,559) (0,0))
((24,560) (55,591) (0,0))
((56,432) (87,463) (0,0))
((56,464) (87,495) (0,0))
((56,496) (87,527) (0,0))
((56,528) (87,559) (0,0))
((56,560) (87,591) (0,0))
)
15
FabOnDisk: Cell_D_00000 0
FabOnDisk: Cell_D_00000 24661
FabOnDisk: Cell_D_00000 49322
FabOnDisk: Cell_D_00000 73983
FabOnDisk: Cell_D_00000 98644
FabOnDisk: Cell_D_00000 123305
FabOnDisk: Cell_D_00000 156159
FabOnDisk: Cell_D_00000 189013
FabOnDisk: Cell_D_00000 221867
FabOnDisk: Cell_D_00000 254721
FabOnDisk: Cell_D_00000 287575
FabOnDisk: Cell_D_00000 320429
FabOnDisk: Cell_D_00000 353283
FabOnDisk: Cell_D_00000 386137
FabOnDisk: Cell_D_00000 418991

15,4
   0.00000000000000000E+000 ,
   0.00000000000000000E+000 ,
   1.00000000000000000E+000 ,
  -1.00000000000000006E-001 ,
   0.00000000000000000E+000 ,
   0.00000000000000000E+000 ,
   1.00000000000000000E+000 ,
  -1.00000000000000006E-001 ,
   0.00000000000000000E+000 ,
   0.00000000000000000E+000 ,
   0.00000000000000000E+000 ,
  -1.00000000000000006E-001 ,
   0.00000000000000000E+000 ,
   0.00000000000000000E+000 ,
   1.00000000000000000E+000 ,
  -1.00000000000000006E-001 ,
   0.00000000000000000E+000 ,
   0.00000000000000000E+000 ,
   1.00000000000000000E+000 ,
  -1.00000000000000006E-001 ,
   0.00000000000000000E+000 ,
   0.00000000000000000E+000 ,
   1.00000000000000000E+000 ,
  -1.00000000000000006E-001 ,
  -1.00000000000000006E-001 ,
   0.00000000000000000E+000 ,
   1.00000000000000000E+000 ,
  -1.00000000000000006E-001 ,
  -1.00000000000000006E-001 ,
   0.00000000000000000E+000 ,
   1.00000000000000000E+000 ,
  -1.00000000000000006E-001 ,
  -1.00000000000000006E-001 ,
   0.00000000000000000E+000 ,
   1.00000000000000000E+000 ,
  -1.00000000000000006E-001 ,
  -1.00000000000000006E-001 ,
   0.00000000000000000E+000 ,
   1.00000000000000000E+000 ,
  -1.00000000000000006E-001 ,
  -1.00000000000000006E-001 ,
   0.00000000000000000E+000 ,
   1.00000000000000000E+000 ,
  -1.00000000000000006E-001 ,
  -1.00000000000000006E-001 ,
   0.00000000000000000E+000 ,
   1.00000000000000000E+000 ,
  -1.00000000000000006E-001 ,
   0.00000000000000000E+000 ,
   0.00000000000000000E+000 ,
   1.00000000000000000E+000 ,
  -1.00000000000000006E-001 ,
   0.00000000000000000E+000 ,
   0.00000000000000000E+000 ,
   1.00000000000000000E+000 ,
  -1.00000000000000006E-001 ,
   0.00000000000000000E+000 ,
   0.00000000000000000E+000 ,
   1.00000000000000000E+000 ,
  -1.00000000000000006E-001 ,

15,4
   2.12199579145933796E-308 ,
   0.00000000000000000E+000 ,
   1.00000000000000000E+000 ,
  -1.00000000000000006E-001 ,
   2.12199579145933796E-308 ,
   0.00000000000000000E+000 ,
   1.00000000000000000E+000 ,
  -1.00000000000000006E-001 ,
   2.12199579145933796E-308 ,
   1.00000000000000000E+000 ,
   1.00000000000000000E+000 ,
   0.00000000000000000E+000 ,
   2.12199579145933796E-308 ,
   0.00000000000000000E+000 ,
   1.00000000000000000E+000 ,
  -1.00000000000000006E-001 ,
   2.12199579145933796E-308 ,
   0.00000000000000000E+000 ,
   1.00000000000000000E+000 ,
  -1.00000000000000006E-001 ,
   1.00000000000000000E+000 ,
   0.00000000000000000E+000 ,
   1.00000000000000000E+000 ,
  -1.00000000000000006E-001 ,
   1.00000000000000000E+000 ,
   0.00000000000000000E+000 ,
   1.00000000000000000E+000 ,
  -1.00000000000000006E-001 ,
   1.00000000000000000E+000 ,
   0.00000000000000000E+000 ,
   1.00000000000000000E+000 ,
  -1.00000000000000006E-001 ,
   1.00000000000000000E+000 ,
   0.00000000000000000E+000 ,
   1.00000000000000000E+000 ,
  -1.00000000000000006E-001 ,
   1.00000000000000000E+000 ,
   0.00000000000000000E+000 ,
   1.00000000000000000E+000 ,
  -1.00000000000000006E-001 ,
   1.00000000000000000E+000 ,
   0.00000000000000000E+000 ,
   1.00000000000000000E+000 ,
  -1.00000000000000006E-001 ,
   4.97781019497972718E-319 ,
   0.00000000000000000E+000 ,
   1.00000000000000000E+000 ,
  -1.00000000000000006E-001 ,
   1.00000000000000000E+000 ,
   0.00000000000000000E+000 ,
   1.00000000000000000E+000 ,
  -1.00000000000000006E-001 ,
   1.00000000000000000E+000 ,
   0.00000000000000000E+000 ,
   1.00000000000000000E+000 ,
  -1.00000000000000006E-001 ,
   0.00000000000000000E+000 ,
   0.00000000000000000E+000 ,
   1.00000000000000000E+000 ,
  -1.00000000000000006E-001 ,
