1
0
4
0
(12 0
((0,192) (23,223) (0,0))
((0,224) (23,255) (0,0))
((0,256) (23,287) (0,0))
((0,288) (23,319) (0,0))
((24,192) (47,223) (0,0))
((24,224) (47,255) (0,0))
((24,256) (47,287) (0,0))
((24,288) (47,319) (0,0))
((48,192) (71,223) (0,0))
((48,224) (71,255) (0,0))
((48,256) (71,287) (0,0))
((48,288) (71,319) (0,0))
)
12
FabOnDisk: Cell_D_00000 0
FabOnDisk: Cell_D_00000 24661
FabOnDisk: Cell_D_00000 49322
FabOnDisk: Cell_D_00000 73983
FabOnDisk: Cell_D_00000 98644
FabOnDisk: Cell_D_00000 123306
FabOnDisk: Cell_D_00000 147968
FabOnDisk: Cell_D_00000 172630
FabOnDisk: Cell_D_00000 197292
FabOnDisk: Cell_D_00000 221954
FabOnDisk: Cell_D_00000 246616
FabOnDisk: Cell_D_00000 271278

12,4
  -1.25000000000000007E-002 ,
  -2.83098349619940112E-007 ,
   7.92904215316646566E-001 ,
  -9.87831192186803542E-002 ,
  -1.25000000000000007E-002 ,
  -1.40249443927914687E-007 ,
   1.07157023324056813E-001 ,
  -8.15320855761462598E-002 ,
   2.12199579096527232E-308 ,
  -8.69295227755317046E-008 ,
   1.06804362398239122E-001 ,
  -8.14864874631107960E-002 ,
   0.00000000000000000E+000 ,
  -2.77969763645165072E-007 ,
   7.97181520957495282E-001 ,
  -9.87385818764058426E-002 ,
  -1.00000000000000006E-001 ,
  -1.53199590357922788E-007 ,
   9.36038689624332676E-001 ,
  -9.95986011117398484E-002 ,
  -1.00000000000000006E-001 ,
  -1.42632831164095296E-007 ,
   1.09454457933430671E-001 ,
  -9.57425049671425943E-002 ,
  -6.25000000000000035E-003 ,
  -1.77094455701174688E-007 ,
   1.09515374331161153E-001 ,
  -9.57380267537720209E-002 ,
   0.00000000000000000E+000 ,
  -1.94534625252490864E-007 ,
   9.35831677678446994E-001 ,
  -9.95810343744198828E-002 ,
  -1.00000000000000006E-001 ,
  -2.43154100773606308E-007 ,
   9.98697129254097038E-001 ,
  -9.99231677108211175E-002 ,
  -8.74999999999999944E-002 ,
  -3.15457573394807646E-007 ,
   9.74048531105864868E-001 ,
  -9.94082820596937367E-002 ,
  -1.25000000000000007E-002 ,
  -2.17629436094702561E-007 ,
   9.74046976704819212E-001 ,
  -9.94073209894572457E-002 ,
  -1.25000000000000007E-002 ,
  -2.43962495958742954E-007 ,
   9.98694791647113833E-001 ,
  -9.99198018699768431E-002 ,

12,4
   1.56250000000000000E-002 ,
   2.13298247089096489E-007 ,
   9.99961949948644180E-001 ,
  -7.35670192738815398E-002 ,
   2.12199579096527232E-308 ,
   1.00000009856570649E+000 ,
   9.14077546675732600E-001 ,
  -4.76981368910291623E-002 ,
   2.12199579096527232E-308 ,
   1.00000009148388136E+000 ,
   9.13730900686800074E-001 ,
  -4.76955889986733217E-002 ,
   1.00000000000000000E+000 ,
   2.04269027812612976E-007 ,
   9.99962019458728313E-001 ,
  -7.36738998658273275E-002 ,
   1.56250000000000000E-002 ,
   2.13127331924615060E-007 ,
   9.99998891973525317E-001 ,
  -8.36091123161894489E-002 ,
   2.12199579096527232E-308 ,
   9.91853127514887190E-001 ,
   9.98086663283022646E-001 ,
  -4.80226466085892645E-002 ,
   1.00000000000000000E+000 ,
   9.91890359037394864E-001 ,
   9.98083175205175421E-001 ,
  -4.80148756362606469E-002 ,
   1.00000000000000000E+000 ,
   2.36411587263153811E-007 ,
   9.99998859270313845E-001 ,
  -8.35491502453360319E-002 ,
   1.56250000000000000E-002 ,
   2.27945033231786709E-007 ,
   1.00000086800399557E+000 ,
  -9.62983657138885424E-002 ,
   0.00000000000000000E+000 ,
   2.24649516748199933E-007 ,
   9.99996043823430658E-001 ,
  -8.86212928642205883E-002 ,
   1.00000000000000000E+000 ,
   2.63350537458516274E-007 ,
   9.99996242110082423E-001 ,
  -8.86080479457029141E-002 ,
   0.00000000000000000E+000 ,
   2.11168194322986359E-007 ,
   1.00000081162950227E+000 ,
  -9.62811695098308440E-002 ,
