NavierStokes-V1.1
4
orientation
phase_field
solute_field
temp_field
2
   1.20200000000078897E-001
3
   0.00000000000000000E+000   0.00000000000000000E+000
   1.02400000000000002E+001   1.02400000000000002E+001
2 2 2 
((0,0) (127,127) (0,0)) ((0,0) (255,255) (0,0)) ((0,0) (511,511) (0,0)) ((0,0) (1023,1023) (0,0)) 
0 0 0 0 
   8.00000000000000017E-002   8.00000000000000017E-002
   4.00000000000000008E-002   4.00000000000000008E-002
   2.00000000000000004E-002   2.00000000000000004E-002
   1.00000000000000002E-002   1.00000000000000002E-002
0
0
0    16     0
0
   0.00000000000000000E+000   2.56000000000000005E+000
   0.00000000000000000E+000   2.56000000000000005E+000
   0.00000000000000000E+000   2.56000000000000005E+000
   2.56000000000000005E+000   5.12000000000000011E+000
   0.00000000000000000E+000   2.56000000000000005E+000
   5.12000000000000011E+000   7.67999999999999972E+000
   0.00000000000000000E+000   2.56000000000000005E+000
   7.67999999999999972E+000   1.02400000000000002E+001
   2.56000000000000005E+000   5.12000000000000011E+000
   0.00000000000000000E+000   2.56000000000000005E+000
   2.56000000000000005E+000   5.12000000000000011E+000
   2.56000000000000005E+000   5.12000000000000011E+000
   2.56000000000000005E+000   5.12000000000000011E+000
   5.12000000000000011E+000   7.67999999999999972E+000
   2.56000000000000005E+000   5.12000000000000011E+000
   7.67999999999999972E+000   1.02400000000000002E+001
   5.12000000000000011E+000   7.67999999999999972E+000
   0.00000000000000000E+000   2.56000000000000005E+000
   5.12000000000000011E+000   7.67999999999999972E+000
   2.56000000000000005E+000   5.12000000000000011E+000
   5.12000000000000011E+000   7.67999999999999972E+000
   5.12000000000000011E+000   7.67999999999999972E+000
   5.12000000000000011E+000   7.67999999999999972E+000
   7.67999999999999972E+000   1.02400000000000002E+001
   7.67999999999999972E+000   1.02400000000000002E+001
   0.00000000000000000E+000   2.56000000000000005E+000
   7.67999999999999972E+000   1.02400000000000002E+001
   2.56000000000000005E+000   5.12000000000000011E+000
   7.67999999999999972E+000   1.02400000000000002E+001
   5.12000000000000011E+000   7.67999999999999972E+000
   7.67999999999999972E+000   1.02400000000000002E+001
   7.67999999999999972E+000   1.02400000000000002E+001
Level_00/Cell
1    15     0
0
   0.00000000000000000E+000   9.59999999999999964E-001
   1.91999999999999993E+000   3.20000000000000018E+000
   0.00000000000000000E+000   9.59999999999999964E-001
   3.20000000000000018E+000   4.48000000000000043E+000
   0.00000000000000000E+000   9.59999999999999964E-001
   4.48000000000000043E+000   5.75999999999999979E+000
   0.00000000000000000E+000   9.59999999999999964E-001
   5.75999999999999979E+000   7.04000000000000004E+000
   0.00000000000000000E+000   9.59999999999999964E-001
   7.04000000000000004E+000   8.32000000000000028E+000
   9.59999999999999964E-001   2.24000000000000021E+000
   1.91999999999999993E+000   3.20000000000000018E+000
   9.59999999999999964E-001   2.24000000000000021E+000
   3.20000000000000018E+000   4.48000000000000043E+000
   9.59999999999999964E-001   2.24000000000000021E+000
   4.48000000000000043E+000   5.75999999999999979E+000
   9.59999999999999964E-001   2.24000000000000021E+000
   5.75999999999999979E+000   7.04000000000000004E+000
   9.59999999999999964E-001   2.24000000000000021E+000
   7.04000000000000004E+000   8.32000000000000028E+000
   2.24000000000000021E+000   3.52000000000000002E+000
   1.91999999999999993E+000   3.20000000000000018E+000
   2.24000000000000021E+000   3.52000000000000002E+000
   3.20000000000000018E+000   4.48000000000000043E+000
   2.24000000000000021E+000   3.52000000000000002E+000
   4.48000000000000043E+000   5.75999999999999979E+000
   2.24000000000000021E+000   3.52000000000000002E+000
   5.75999999999999979E+000   7.04000000000000004E+000
   2.24000000000000021E+000   3.52000000000000002E+000
   7.04000000000000004E+000   8.32000000000000028E+000
Level_01/Cell
2    50     0
0
   0.00000000000000000E+000   6.40000000000000013E-001
   2.08000000000000007E+000   2.39999999999999991E+000
   0.00000000000000000E+000   6.40000000000000013E-001
   2.39999999999999991E+000   3.04000000000000004E+000
   0.00000000000000000E+000   6.40000000000000013E-001
   3.04000000000000004E+000   3.68000000000000016E+000
   0.00000000000000000E+000   6.40000000000000013E-001
   3.68000000000000016E+000   4.32000000000000028E+000
   0.00000000000000000E+000   6.40000000000000013E-001
   4.32000000000000028E+000   4.95999999999999996E+000
   0.00000000000000000E+000   6.40000000000000013E-001
   4.95999999999999996E+000   5.60000000000000053E+000
   0.00000000000000000E+000   6.40000000000000013E-001
   5.60000000000000053E+000   6.24000000000000021E+000
   0.00000000000000000E+000   6.40000000000000013E-001
   6.24000000000000021E+000   6.87999999999999989E+000
   0.00000000000000000E+000   6.40000000000000013E-001
   6.87999999999999989E+000   7.52000000000000046E+000
   0.00000000000000000E+000   6.40000000000000013E-001
   7.52000000000000046E+000   8.16000000000000014E+000
   6.40000000000000013E-001   1.28000000000000003E+000
   2.08000000000000007E+000   2.39999999999999991E+000
   6.40000000000000013E-001   1.28000000000000003E+000
   2.39999999999999991E+000   3.04000000000000004E+000
   6.40000000000000013E-001   1.28000000000000003E+000
   3.04000000000000004E+000   3.68000000000000016E+000
   6.40000000000000013E-001   1.28000000000000003E+000
   3.68000000000000016E+000   4.32000000000000028E+000
   6.40000000000000013E-001   1.28000000000000003E+000
   4.32000000000000028E+000   4.95999999999999996E+000
   6.40000000000000013E-001   1.28000000000000003E+000
   4.95999999999999996E+000   5.60000000000000053E+000
   6.40000000000000013E-001   1.28000000000000003E+000
   5.60000000000000053E+000   6.24000000000000021E+000
   6.40000000000000013E-001   1.28000000000000003E+000
   6.24000000000000021E+000   6.87999999999999989E+000
   6.40000000000000013E-001   1.28000000000000003E+000
   6.87999999999999989E+000   7.52000000000000046E+000
   6.40000000000000013E-001   1.28000000000000003E+000
   7.52000000000000046E+000   8.16000000000000014E+000
   1.28000000000000003E+000   1.91999999999999993E+000
   2.08000000000000007E+000   2.39999999999999991E+000
   1.28000000000000003E+000   1.91999999999999993E+000
   2.39999999999999991E+000   3.04000000000000004E+000
   1.28000000000000003E+000   1.91999999999999993E+000
   3.04000000000000004E+000   3.68000000000000016E+000
   1.28000000000000003E+000   1.91999999999999993E+000
   3.68000000000000016E+000   4.32000000000000028E+000
   1.28000000000000003E+000   1.91999999999999993E+000
   4.32000000000000028E+000   4.95999999999999996E+000
   1.28000000000000003E+000   1.91999999999999993E+000
   4.95999999999999996E+000   5.60000000000000053E+000
   1.28000000000000003E+000   1.91999999999999993E+000
   5.60000000000000053E+000   6.24000000000000021E+000
   1.28000000000000003E+000   1.91999999999999993E+000
   6.24000000000000021E+000   6.87999999999999989E+000
   1.28000000000000003E+000   1.91999999999999993E+000
   6.87999999999999989E+000   7.52000000000000046E+000
   1.28000000000000003E+000   1.91999999999999993E+000
   7.52000000000000046E+000   8.16000000000000014E+000
   1.91999999999999993E+000   2.56000000000000005E+000
   2.08000000000000007E+000   2.39999999999999991E+000
   1.91999999999999993E+000   2.56000000000000005E+000
   2.39999999999999991E+000   3.04000000000000004E+000
   1.91999999999999993E+000   2.56000000000000005E+000
   3.04000000000000004E+000   3.68000000000000016E+000
   1.91999999999999993E+000   2.56000000000000005E+000
   3.68000000000000016E+000   4.32000000000000028E+000
   1.91999999999999993E+000   2.56000000000000005E+000
   4.32000000000000028E+000   4.95999999999999996E+000
   1.91999999999999993E+000   2.56000000000000005E+000
   4.95999999999999996E+000   5.60000000000000053E+000
   1.91999999999999993E+000   2.56000000000000005E+000
   5.60000000000000053E+000   6.24000000000000021E+000
   1.91999999999999993E+000   2.56000000000000005E+000
   6.24000000000000021E+000   6.87999999999999989E+000
   1.91999999999999993E+000   2.56000000000000005E+000
   6.87999999999999989E+000   7.52000000000000046E+000
   1.91999999999999993E+000   2.56000000000000005E+000
   7.52000000000000046E+000   8.16000000000000014E+000
   2.56000000000000005E+000   3.20000000000000018E+000
   2.08000000000000007E+000   2.39999999999999991E+000
   2.56000000000000005E+000   3.20000000000000018E+000
   2.39999999999999991E+000   3.04000000000000004E+000
   2.56000000000000005E+000   3.20000000000000018E+000
   3.04000000000000004E+000   3.68000000000000016E+000
   2.56000000000000005E+000   3.20000000000000018E+000
   3.68000000000000016E+000   4.32000000000000028E+000
   2.56000000000000005E+000   3.20000000000000018E+000
   4.32000000000000028E+000   4.95999999999999996E+000
   2.56000000000000005E+000   3.20000000000000018E+000
   4.95999999999999996E+000   5.60000000000000053E+000
   2.56000000000000005E+000   3.20000000000000018E+000
   5.60000000000000053E+000   6.24000000000000021E+000
   2.56000000000000005E+000   3.20000000000000018E+000
   6.24000000000000021E+000   6.87999999999999989E+000
   2.56000000000000005E+000   3.20000000000000018E+000
   6.87999999999999989E+000   7.52000000000000046E+000
   2.56000000000000005E+000   3.20000000000000018E+000
   7.52000000000000046E+000   8.16000000000000014E+000
Level_02/Cell
3   196     0
0
   0.00000000000000000E+000   2.39999999999999991E-001
   2.16000000000000014E+000   2.47999999999999998E+000
   0.00000000000000000E+000   2.39999999999999991E-001
   2.47999999999999998E+000   2.80000000000000027E+000
   0.00000000000000000E+000   2.39999999999999991E-001
   2.80000000000000027E+000   3.12000000000000011E+000
   0.00000000000000000E+000   2.39999999999999991E-001
   3.12000000000000011E+000   3.43999999999999995E+000
   0.00000000000000000E+000   2.39999999999999991E-001
   3.43999999999999995E+000   3.76000000000000023E+000
   0.00000000000000000E+000   2.39999999999999991E-001
   3.76000000000000023E+000   4.08000000000000007E+000
   0.00000000000000000E+000   2.39999999999999991E-001
   4.08000000000000007E+000   4.40000000000000036E+000
   0.00000000000000000E+000   2.39999999999999991E-001
   4.40000000000000036E+000   4.71999999999999975E+000
   0.00000000000000000E+000   2.39999999999999991E-001
   4.71999999999999975E+000   5.04000000000000004E+000
   0.00000000000000000E+000   1.60000000000000003E-001
   5.20000000000000018E+000   5.52000000000000046E+000
   0.00000000000000000E+000   1.60000000000000003E-001
   5.52000000000000046E+000   5.83999999999999986E+000
   0.00000000000000000E+000   1.60000000000000003E-001
   5.83999999999999986E+000   6.16000000000000014E+000
   0.00000000000000000E+000   1.60000000000000003E-001
   6.16000000000000014E+000   6.48000000000000043E+000
   0.00000000000000000E+000   1.60000000000000003E-001
   6.48000000000000043E+000   6.79999999999999982E+000
   0.00000000000000000E+000   1.60000000000000003E-001
   6.79999999999999982E+000   7.12000000000000011E+000
   0.00000000000000000E+000   1.60000000000000003E-001
   7.12000000000000011E+000   7.44000000000000039E+000
   0.00000000000000000E+000   1.60000000000000003E-001
   7.44000000000000039E+000   7.75999999999999979E+000
   0.00000000000000000E+000   1.60000000000000003E-001
   7.75999999999999979E+000   8.08000000000000007E+000
   1.60000000000000003E-001   4.79999999999999982E-001
   5.20000000000000018E+000   5.52000000000000046E+000
   1.60000000000000003E-001   4.79999999999999982E-001
   5.52000000000000046E+000   5.83999999999999986E+000
   1.60000000000000003E-001   4.79999999999999982E-001
   5.83999999999999986E+000   6.16000000000000014E+000
   1.60000000000000003E-001   4.79999999999999982E-001
   6.16000000000000014E+000   6.48000000000000043E+000
   1.60000000000000003E-001   4.79999999999999982E-001
   6.48000000000000043E+000   6.79999999999999982E+000
   1.60000000000000003E-001   4.79999999999999982E-001
   6.79999999999999982E+000   7.12000000000000011E+000
   1.60000000000000003E-001   4.79999999999999982E-001
   7.12000000000000011E+000   7.44000000000000039E+000
   1.60000000000000003E-001   4.79999999999999982E-001
   7.44000000000000039E+000   7.75999999999999979E+000
   1.60000000000000003E-001   4.79999999999999982E-001
   7.75999999999999979E+000   8.08000000000000007E+000
   2.39999999999999991E-001   4.00000000000000022E-001
   2.24000000000000021E+000   2.47999999999999998E+000
   2.39999999999999991E-001   4.00000000000000022E-001
   2.47999999999999998E+000   2.80000000000000027E+000
   2.39999999999999991E-001   4.00000000000000022E-001
   2.80000000000000027E+000   3.12000000000000011E+000
   2.39999999999999991E-001   4.00000000000000022E-001
   3.12000000000000011E+000   3.43999999999999995E+000
   2.39999999999999991E-001   4.00000000000000022E-001
   3.43999999999999995E+000   3.76000000000000023E+000
   2.39999999999999991E-001   4.00000000000000022E-001
   3.76000000000000023E+000   4.08000000000000007E+000
   2.39999999999999991E-001   4.00000000000000022E-001
   4.08000000000000007E+000   4.40000000000000036E+000
   2.39999999999999991E-001   4.00000000000000022E-001
   4.40000000000000036E+000   4.71999999999999975E+000
   2.39999999999999991E-001   4.00000000000000022E-001
   4.71999999999999975E+000   5.04000000000000004E+000
   4.00000000000000022E-001   6.40000000000000013E-001
   2.24000000000000021E+000   2.47999999999999998E+000
   4.00000000000000022E-001   6.40000000000000013E-001
   2.47999999999999998E+000   2.80000000000000027E+000
   4.00000000000000022E-001   6.40000000000000013E-001
   2.80000000000000027E+000   3.12000000000000011E+000
   4.00000000000000022E-001   6.40000000000000013E-001
   3.12000000000000011E+000   3.43999999999999995E+000
   4.00000000000000022E-001   6.40000000000000013E-001
   3.43999999999999995E+000   3.76000000000000023E+000
   4.00000000000000022E-001   6.40000000000000013E-001
   3.76000000000000023E+000   4.08000000000000007E+000
   4.00000000000000022E-001   6.40000000000000013E-001
   4.08000000000000007E+000   4.40000000000000036E+000
   4.00000000000000022E-001   6.40000000000000013E-001
   4.40000000000000036E+000   4.71999999999999975E+000
   4.00000000000000022E-001   6.40000000000000013E-001
   4.71999999999999975E+000   5.04000000000000004E+000
   4.79999999999999982E-001   6.40000000000000013E-001
   5.04000000000000004E+000   5.28000000000000025E+000
   4.79999999999999982E-001   6.40000000000000013E-001
   5.28000000000000025E+000   5.52000000000000046E+000
   4.79999999999999982E-001   6.40000000000000013E-001
   5.52000000000000046E+000   5.75999999999999979E+000
   4.79999999999999982E-001   6.40000000000000013E-001
   5.75999999999999979E+000   6.08000000000000007E+000
   4.79999999999999982E-001   6.40000000000000013E-001
   6.08000000000000007E+000   6.40000000000000036E+000
   4.79999999999999982E-001   6.40000000000000013E-001
   6.40000000000000036E+000   6.71999999999999975E+000
   4.79999999999999982E-001   6.40000000000000013E-001
   6.71999999999999975E+000   7.04000000000000004E+000
   4.79999999999999982E-001   6.40000000000000013E-001
   7.04000000000000004E+000   7.36000000000000032E+000
   4.79999999999999982E-001   6.40000000000000013E-001
   7.36000000000000032E+000   7.67999999999999972E+000
   4.79999999999999982E-001   6.40000000000000013E-001
   7.67999999999999972E+000   8.00000000000000000E+000
   6.40000000000000013E-001   8.80000000000000004E-001
   2.31999999999999984E+000   2.47999999999999998E+000
   6.40000000000000013E-001   8.80000000000000004E-001
   2.47999999999999998E+000   2.80000000000000027E+000
   6.40000000000000013E-001   8.80000000000000004E-001
   2.80000000000000027E+000   3.12000000000000011E+000
   6.40000000000000013E-001   8.80000000000000004E-001
   3.12000000000000011E+000   3.43999999999999995E+000
   6.40000000000000013E-001   8.80000000000000004E-001
   3.43999999999999995E+000   3.76000000000000023E+000
   6.40000000000000013E-001   8.80000000000000004E-001
   3.76000000000000023E+000   4.08000000000000007E+000
   6.40000000000000013E-001   8.80000000000000004E-001
   4.08000000000000007E+000   4.40000000000000036E+000
   6.40000000000000013E-001   8.80000000000000004E-001
   4.40000000000000036E+000   4.71999999999999975E+000
   6.40000000000000013E-001   8.80000000000000004E-001
   4.71999999999999975E+000   5.04000000000000004E+000
   6.40000000000000013E-001   8.80000000000000004E-001
   5.04000000000000004E+000   5.28000000000000025E+000
   6.40000000000000013E-001   8.80000000000000004E-001
   5.28000000000000025E+000   5.52000000000000046E+000
   6.40000000000000013E-001   8.80000000000000004E-001
   5.52000000000000046E+000   5.75999999999999979E+000
   6.40000000000000013E-001   8.80000000000000004E-001
   5.75999999999999979E+000   6.08000000000000007E+000
   6.40000000000000013E-001   8.80000000000000004E-001
   6.08000000000000007E+000   6.40000000000000036E+000
   6.40000000000000013E-001   8.80000000000000004E-001
   6.40000000000000036E+000   6.71999999999999975E+000
   6.40000000000000013E-001   8.80000000000000004E-001
   6.71999999999999975E+000   7.04000000000000004E+000
   6.40000000000000013E-001   8.80000000000000004E-001
   7.04000000000000004E+000   7.36000000000000032E+000
   6.40000000000000013E-001   8.80000000000000004E-001
   7.36000000000000032E+000   7.67999999999999972E+000
   6.40000000000000013E-001   8.80000000000000004E-001
   7.67999999999999972E+000   8.00000000000000000E+000
   8.80000000000000004E-001   1.12000000000000011E+000
   2.39999999999999991E+000   2.64000000000000012E+000
   8.80000000000000004E-001   1.12000000000000011E+000
   2.64000000000000012E+000   2.87999999999999989E+000
   8.80000000000000004E-001   1.12000000000000011E+000
   2.87999999999999989E+000   3.12000000000000011E+000
   8.80000000000000004E-001   1.12000000000000011E+000
   3.12000000000000011E+000   3.43999999999999995E+000
   8.80000000000000004E-001   1.12000000000000011E+000
   3.43999999999999995E+000   3.76000000000000023E+000
   8.80000000000000004E-001   1.12000000000000011E+000
   3.76000000000000023E+000   4.08000000000000007E+000
   8.80000000000000004E-001   1.12000000000000011E+000
   4.08000000000000007E+000   4.40000000000000036E+000
   8.80000000000000004E-001   1.12000000000000011E+000
   4.40000000000000036E+000   4.71999999999999975E+000
   8.80000000000000004E-001   1.12000000000000011E+000
   4.71999999999999975E+000   5.04000000000000004E+000
   8.80000000000000004E-001   1.12000000000000011E+000
   5.04000000000000004E+000   5.28000000000000025E+000
   8.80000000000000004E-001   1.12000000000000011E+000
   5.28000000000000025E+000   5.60000000000000053E+000
   8.80000000000000004E-001   1.12000000000000011E+000
   5.60000000000000053E+000   5.91999999999999993E+000
   8.80000000000000004E-001   1.12000000000000011E+000
   5.91999999999999993E+000   6.24000000000000021E+000
   8.80000000000000004E-001   1.12000000000000011E+000
   6.24000000000000021E+000   6.56000000000000050E+000
   8.80000000000000004E-001   1.12000000000000011E+000
   6.56000000000000050E+000   6.87999999999999989E+000
   8.80000000000000004E-001   1.12000000000000011E+000
   6.87999999999999989E+000   7.20000000000000018E+000
   8.80000000000000004E-001   1.12000000000000011E+000
   7.20000000000000018E+000   7.52000000000000046E+000
   8.80000000000000004E-001   1.12000000000000011E+000
   7.52000000000000046E+000   7.83999999999999986E+000
   1.12000000000000011E+000   1.36000000000000010E+000
   2.47999999999999998E+000   2.80000000000000027E+000
   1.12000000000000011E+000   1.36000000000000010E+000
   2.80000000000000027E+000   3.12000000000000011E+000
   1.12000000000000011E+000   1.36000000000000010E+000
   3.12000000000000011E+000   3.43999999999999995E+000
   1.12000000000000011E+000   1.36000000000000010E+000
   3.43999999999999995E+000   3.76000000000000023E+000
   1.12000000000000011E+000   1.36000000000000010E+000
   3.76000000000000023E+000   4.08000000000000007E+000
   1.12000000000000011E+000   1.36000000000000010E+000
   4.08000000000000007E+000   4.40000000000000036E+000
   1.12000000000000011E+000   1.36000000000000010E+000
   4.40000000000000036E+000   4.71999999999999975E+000
   1.12000000000000011E+000   1.36000000000000010E+000
   4.71999999999999975E+000   5.04000000000000004E+000
   1.12000000000000011E+000   1.36000000000000010E+000
   5.04000000000000004E+000   5.20000000000000018E+000
   1.12000000000000011E+000   1.36000000000000010E+000
   5.20000000000000018E+000   5.52000000000000046E+000
   1.12000000000000011E+000   1.36000000000000010E+000
   5.52000000000000046E+000   5.83999999999999986E+000
   1.12000000000000011E+000   1.36000000000000010E+000
   5.83999999999999986E+000   6.16000000000000014E+000
   1.12000000000000011E+000   1.36000000000000010E+000
   6.16000000000000014E+000   6.48000000000000043E+000
   1.12000000000000011E+000   1.36000000000000010E+000
   6.48000000000000043E+000   6.79999999999999982E+000
   1.12000000000000011E+000   1.36000000000000010E+000
   6.79999999999999982E+000   7.12000000000000011E+000
   1.12000000000000011E+000   1.36000000000000010E+000
   7.12000000000000011E+000   7.44000000000000039E+000
   1.12000000000000011E+000   1.36000000000000010E+000
   7.44000000000000039E+000   7.75999999999999979E+000
   1.36000000000000010E+000   1.60000000000000009E+000
   2.56000000000000005E+000   2.80000000000000027E+000
   1.36000000000000010E+000   1.60000000000000009E+000
   2.80000000000000027E+000   3.12000000000000011E+000
   1.36000000000000010E+000   1.60000000000000009E+000
   3.12000000000000011E+000   3.43999999999999995E+000
   1.36000000000000010E+000   1.60000000000000009E+000
   3.43999999999999995E+000   3.76000000000000023E+000
   1.36000000000000010E+000   1.60000000000000009E+000
   3.76000000000000023E+000   4.08000000000000007E+000
   1.36000000000000010E+000   1.60000000000000009E+000
   4.08000000000000007E+000   4.40000000000000036E+000
   1.36000000000000010E+000   1.60000000000000009E+000
   4.40000000000000036E+000   4.71999999999999975E+000
   1.36000000000000010E+000   1.60000000000000009E+000
   4.71999999999999975E+000   5.04000000000000004E+000
   1.36000000000000010E+000   1.52000000000000002E+000
   5.04000000000000004E+000   5.28000000000000025E+000
   1.36000000000000010E+000   1.52000000000000002E+000
   5.28000000000000025E+000   5.52000000000000046E+000
   1.36000000000000010E+000   1.52000000000000002E+000
   5.52000000000000046E+000   5.75999999999999979E+000
   1.36000000000000010E+000   1.52000000000000002E+000
   5.75999999999999979E+000   6.08000000000000007E+000
   1.36000000000000010E+000   1.52000000000000002E+000
   6.08000000000000007E+000   6.40000000000000036E+000
   1.36000000000000010E+000   1.52000000000000002E+000
   6.40000000000000036E+000   6.71999999999999975E+000
   1.36000000000000010E+000   1.52000000000000002E+000
   6.71999999999999975E+000   7.04000000000000004E+000
   1.36000000000000010E+000   1.52000000000000002E+000
   7.04000000000000004E+000   7.36000000000000032E+000
   1.36000000000000010E+000   1.52000000000000002E+000
   7.36000000000000032E+000   7.67999999999999972E+000
   1.52000000000000002E+000   1.76000000000000001E+000
   5.04000000000000004E+000   5.28000000000000025E+000
   1.52000000000000002E+000   1.76000000000000001E+000
   5.28000000000000025E+000   5.52000000000000046E+000
   1.52000000000000002E+000   1.76000000000000001E+000
   5.52000000000000046E+000   5.75999999999999979E+000
   1.52000000000000002E+000   1.76000000000000001E+000
   5.75999999999999979E+000   6.08000000000000007E+000
   1.52000000000000002E+000   1.76000000000000001E+000
   6.08000000000000007E+000   6.40000000000000036E+000
   1.52000000000000002E+000   1.76000000000000001E+000
   6.40000000000000036E+000   6.71999999999999975E+000
   1.52000000000000002E+000   1.76000000000000001E+000
   6.71999999999999975E+000   7.04000000000000004E+000
   1.52000000000000002E+000   1.76000000000000001E+000
   7.04000000000000004E+000   7.36000000000000032E+000
   1.52000000000000002E+000   1.76000000000000001E+000
   7.36000000000000032E+000   7.67999999999999972E+000
   1.60000000000000009E+000   1.76000000000000001E+000
   2.72000000000000020E+000   2.95999999999999996E+000
   1.60000000000000009E+000   1.76000000000000001E+000
   2.95999999999999996E+000   3.20000000000000018E+000
   1.60000000000000009E+000   1.76000000000000001E+000
   3.20000000000000018E+000   3.43999999999999995E+000
   1.60000000000000009E+000   1.76000000000000001E+000
   3.43999999999999995E+000   3.76000000000000023E+000
   1.60000000000000009E+000   1.76000000000000001E+000
   3.76000000000000023E+000   4.08000000000000007E+000
   1.60000000000000009E+000   1.76000000000000001E+000
   4.08000000000000007E+000   4.40000000000000036E+000
   1.60000000000000009E+000   1.76000000000000001E+000
   4.40000000000000036E+000   4.71999999999999975E+000
   1.60000000000000009E+000   1.76000000000000001E+000
   4.71999999999999975E+000   5.04000000000000004E+000
   1.76000000000000001E+000   2.08000000000000007E+000
   2.72000000000000020E+000   2.95999999999999996E+000
   1.76000000000000001E+000   2.08000000000000007E+000
   2.95999999999999996E+000   3.20000000000000018E+000
   1.76000000000000001E+000   2.08000000000000007E+000
   3.20000000000000018E+000   3.43999999999999995E+000
   1.76000000000000001E+000   2.08000000000000007E+000
   3.43999999999999995E+000   3.76000000000000023E+000
   1.76000000000000001E+000   2.08000000000000007E+000
   3.76000000000000023E+000   4.08000000000000007E+000
   1.76000000000000001E+000   2.08000000000000007E+000
   4.08000000000000007E+000   4.40000000000000036E+000
   1.76000000000000001E+000   2.08000000000000007E+000
   4.40000000000000036E+000   4.71999999999999975E+000
   1.76000000000000001E+000   2.08000000000000007E+000
   4.71999999999999975E+000   5.04000000000000004E+000
   1.76000000000000001E+000   2.00000000000000000E+000
   5.04000000000000004E+000   5.20000000000000018E+000
   1.76000000000000001E+000   2.00000000000000000E+000
   5.20000000000000018E+000   5.52000000000000046E+000
   1.76000000000000001E+000   2.00000000000000000E+000
   5.52000000000000046E+000   5.83999999999999986E+000
   1.76000000000000001E+000   2.00000000000000000E+000
   5.83999999999999986E+000   6.16000000000000014E+000
   1.76000000000000001E+000   2.00000000000000000E+000
   6.16000000000000014E+000   6.48000000000000043E+000
   1.76000000000000001E+000   2.00000000000000000E+000
   6.48000000000000043E+000   6.79999999999999982E+000
   1.76000000000000001E+000   2.00000000000000000E+000
   6.79999999999999982E+000   7.12000000000000011E+000
   1.76000000000000001E+000   2.00000000000000000E+000
   7.12000000000000011E+000   7.44000000000000039E+000
   2.00000000000000000E+000   2.31999999999999984E+000
   5.04000000000000004E+000   5.20000000000000018E+000
   2.00000000000000000E+000   2.31999999999999984E+000
   5.20000000000000018E+000   5.52000000000000046E+000
   2.00000000000000000E+000   2.31999999999999984E+000
   5.52000000000000046E+000   5.83999999999999986E+000
   2.00000000000000000E+000   2.31999999999999984E+000
   5.83999999999999986E+000   6.16000000000000014E+000
   2.00000000000000000E+000   2.31999999999999984E+000
   6.16000000000000014E+000   6.48000000000000043E+000
   2.00000000000000000E+000   2.31999999999999984E+000
   6.48000000000000043E+000   6.79999999999999982E+000
   2.00000000000000000E+000   2.31999999999999984E+000
   6.79999999999999982E+000   7.12000000000000011E+000
   2.00000000000000000E+000   2.31999999999999984E+000
   7.12000000000000011E+000   7.44000000000000039E+000
   2.08000000000000007E+000   2.31999999999999984E+000
   3.04000000000000004E+000   3.28000000000000025E+000
   2.08000000000000007E+000   2.31999999999999984E+000
   3.28000000000000025E+000   3.52000000000000002E+000
   2.08000000000000007E+000   2.31999999999999984E+000
   3.52000000000000002E+000   3.76000000000000023E+000
   2.08000000000000007E+000   2.31999999999999984E+000
   3.76000000000000023E+000   4.08000000000000007E+000
   2.08000000000000007E+000   2.31999999999999984E+000
   4.08000000000000007E+000   4.40000000000000036E+000
   2.08000000000000007E+000   2.31999999999999984E+000
   4.40000000000000036E+000   4.71999999999999975E+000
   2.08000000000000007E+000   2.31999999999999984E+000
   4.71999999999999975E+000   5.04000000000000004E+000
   2.31999999999999984E+000   2.56000000000000005E+000
   3.35999999999999988E+000   3.60000000000000009E+000
   2.31999999999999984E+000   2.64000000000000012E+000
   3.60000000000000009E+000   3.83999999999999986E+000
   2.31999999999999984E+000   2.64000000000000012E+000
   3.83999999999999986E+000   4.08000000000000007E+000
   2.31999999999999984E+000   2.64000000000000012E+000
   4.08000000000000007E+000   4.40000000000000036E+000
   2.31999999999999984E+000   2.64000000000000012E+000
   4.40000000000000036E+000   4.71999999999999975E+000
   2.31999999999999984E+000   2.64000000000000012E+000
   4.71999999999999975E+000   5.04000000000000004E+000
   2.31999999999999984E+000   2.64000000000000012E+000
   5.04000000000000004E+000   5.28000000000000025E+000
   2.31999999999999984E+000   2.64000000000000012E+000
   5.28000000000000025E+000   5.60000000000000053E+000
   2.31999999999999984E+000   2.56000000000000005E+000
   5.60000000000000053E+000   5.91999999999999993E+000
   2.31999999999999984E+000   2.47999999999999998E+000
   5.91999999999999993E+000   6.16000000000000014E+000
   2.31999999999999984E+000   2.47999999999999998E+000
   6.16000000000000014E+000   6.40000000000000036E+000
   2.31999999999999984E+000   2.64000000000000012E+000
   6.40000000000000036E+000   6.56000000000000050E+000
   2.31999999999999984E+000   2.64000000000000012E+000
   6.56000000000000050E+000   6.79999999999999982E+000
   2.47999999999999998E+000   2.80000000000000027E+000
   5.91999999999999993E+000   6.16000000000000014E+000
   2.47999999999999998E+000   2.72000000000000020E+000
   6.16000000000000014E+000   6.40000000000000036E+000
   2.56000000000000005E+000   2.87999999999999989E+000
   5.60000000000000053E+000   5.91999999999999993E+000
   2.64000000000000012E+000   2.95999999999999996E+000
   3.83999999999999986E+000   4.08000000000000007E+000
   2.64000000000000012E+000   2.95999999999999996E+000
   4.08000000000000007E+000   4.40000000000000036E+000
   2.64000000000000012E+000   2.95999999999999996E+000
   4.40000000000000036E+000   4.71999999999999975E+000
   2.64000000000000012E+000   2.95999999999999996E+000
   4.71999999999999975E+000   5.04000000000000004E+000
   2.64000000000000012E+000   2.95999999999999996E+000
   5.04000000000000004E+000   5.28000000000000025E+000
   2.64000000000000012E+000   2.95999999999999996E+000
   5.28000000000000025E+000   5.60000000000000053E+000
Level_03/Cell
