1
0
4
0
(196 0
((0,216) (23,247) (0,0))
((0,248) (23,279) (0,0))
((0,280) (23,311) (0,0))
((0,312) (23,343) (0,0))
((0,344) (23,375) (0,0))
((0,376) (23,407) (0,0))
((0,408) (23,439) (0,0))
((0,440) (23,471) (0,0))
((0,472) (23,503) (0,0))
((0,520) (15,551) (0,0))
((0,552) (15,583) (0,0))
((0,584) (15,615) (0,0))
((0,616) (15,647) (0,0))
((0,648) (15,679) (0,0))
((0,680) (15,711) (0,0))
((0,712) (15,743) (0,0))
((0,744) (15,775) (0,0))
((0,776) (15,807) (0,0))
((16,520) (47,551) (0,0))
((16,552) (47,583) (0,0))
((16,584) (47,615) (0,0))
((16,616) (47,647) (0,0))
((16,648) (47,679) (0,0))
((16,680) (47,711) (0,0))
((16,712) (47,743) (0,0))
((16,744) (47,775) (0,0))
((16,776) (47,807) (0,0))
((24,224) (39,247) (0,0))
((24,248) (39,279) (0,0))
((24,280) (39,311) (0,0))
((24,312) (39,343) (0,0))
((24,344) (39,375) (0,0))
((24,376) (39,407) (0,0))
((24,408) (39,439) (0,0))
((24,440) (39,471) (0,0))
((24,472) (39,503) (0,0))
((40,224) (63,247) (0,0))
((40,248) (63,279) (0,0))
((40,280) (63,311) (0,0))
((40,312) (63,343) (0,0))
((40,344) (63,375) (0,0))
((40,376) (63,407) (0,0))
((40,408) (63,439) (0,0))
((40,440) (63,471) (0,0))
((40,472) (63,503) (0,0))
((48,504) (63,527) (0,0))
((48,528) (63,551) (0,0))
((48,552) (63,575) (0,0))
((48,576) (63,607) (0,0))
((48,608) (63,639) (0,0))
((48,640) (63,671) (0,0))
((48,672) (63,703) (0,0))
((48,704) (63,735) (0,0))
((48,736) (63,767) (0,0))
((48,768) (63,799) (0,0))
((64,232) (87,247) (0,0))
((64,248) (87,279) (0,0))
((64,280) (87,311) (0,0))
((64,312) (87,343) (0,0))
((64,344) (87,375) (0,0))
((64,376) (87,407) (0,0))
((64,408) (87,439) (0,0))
((64,440) (87,471) (0,0))
((64,472) (87,503) (0,0))
((64,504) (87,527) (0,0))
((64,528) (87,551) (0,0))
((64,552) (87,575) (0,0))
((64,576) (87,607) (0,0))
((64,608) (87,639) (0,0))
((64,640) (87,671) (0,0))
((64,672) (87,703) (0,0))
((64,704) (87,735) (0,0))
((64,736) (87,767) (0,0))
((64,768) (87,799) (0,0))
((88,240) (111,263) (0,0))
((88,264) (111,287) (0,0))
((88,288) (111,311) (0,0))
((88,312) (111,343) (0,0))
((88,344) (111,375) (0,0))
((88,376) (111,407) (0,0))
((88,408) (111,439) (0,0))
((88,440) (111,471) (0,0))
((88,472) (111,503) (0,0))
((88,504) (111,527) (0,0))
((88,528) (111,559) (0,0))
((88,560) (111,591) (0,0))
((88,592) (111,623) (0,0))
((88,624) (111,655) (0,0))
((88,656) (111,687) (0,0))
((88,688) (111,719) (0,0))
((88,720) (111,751) (0,0))
((88,752) (111,783) (0,0))
((112,248) (135,279) (0,0))
((112,280) (135,311) (0,0))
((112,312) (135,343) (0,0))
((112,344) (135,375) (0,0))
((112,376) (135,407) (0,0))
((112,408) (135,439) (0,0))
((112,440) (135,471) (0,0))
((112,472) (135,503) (0,0))
((112,504) (135,519) (0,0))
((112,520) (135,551) (0,0))
((112,552) (135,583) (0,0))
((112,584) (135,615) (0,0))
((112,616) (135,647) (0,0))
((112,648) (135,679) (0,0))
((112,680) (135,711) (0,0))
((112,712) (135,743) (0,0))
((112,744) (135,775) (0,0))
((136,256) (159,279) (0,0))
((136,280) (159,311) (0,0))
((136,312) (159,343) (0,0))
((136,344) (159,375) (0,0))
((136,376) (159,407) (0,0))
((136,408) (159,439) (0,0))
((136,440) (159,471) (0,0))
((136,472) (159,503) (0,0))
((136,504) (151,527) (0,0))
((136,528) (151,551) (0,0))
((136,552) (151,575) (0,0))
((136,576) (151,607) (0,0))
((136,608) (151,639) (0,0))
((136,640) (151,671) (0,0))
((136,672) (151,703) (0,0))
((136,704) (151,735) (0,0))
((136,736) (151,767) (0,0))
((152,504) (175,527) (0,0))
((152,528) (175,551) (0,0))
((152,552) (175,575) (0,0))
((152,576) (175,607) (0,0))
((152,608) (175,639) (0,0))
((152,640) (175,671) (0,0))
((152,672) (175,703) (0,0))
((152,704) (175,735) (0,0))
((152,736) (175,767) (0,0))
((160,272) (175,295) (0,0))
((160,296) (175,319) (0,0))
((160,320) (175,343) (0,0))
((160,344) (175,375) (0,0))
((160,376) (175,407) (0,0))
((160,408) (175,439) (0,0))
((160,440) (175,471) (0,0))
((160,472) (175,503) (0,0))
((176,272) (207,295) (0,0))
((176,296) (207,319) (0,0))
((176,320) (207,343) (0,0))
((176,344) (207,375) (0,0))
((176,376) (207,407) (0,0))
((176,408) (207,439) (0,0))
((176,440) (207,471) (0,0))
((176,472) (207,503) (0,0))
((176,504) (199,519) (0,0))
((176,520) (199,551) (0,0))
((176,552) (199,583) (0,0))
((176,584) (199,615) (0,0))
((176,616) (199,647) (0,0))
((176,648) (199,679) (0,0))
((176,680) (199,711) (0,0))
((176,712) (199,743) (0,0))
((200,504) (231,519) (0,0))
((200,520) (231,551) (0,0))
((200,552) (231,583) (0,0))
((200,584) (231,615) (0,0))
((200,616) (231,647) (0,0))
((200,648) (231,679) (0,0))
((200,680) (231,711) (0,0))
((200,712) (231,743) (0,0))
((208,304) (231,327) (0,0))
((208,328) (231,351) (0,0))
((208,352) (231,375) (0,0))
((208,376) (231,407) (0,0))
((208,408) (231,439) (0,0))
((208,440) (231,471) (0,0))
((208,472) (231,503) (0,0))
((232,336) (255,359) (0,0))
((232,360) (263,383) (0,0))
((232,384) (263,407) (0,0))
((232,408) (263,439) (0,0))
((232,440) (263,471) (0,0))
((232,472) (263,503) (0,0))
((232,504) (263,527) (0,0))
((232,528) (263,559) (0,0))
((232,560) (255,591) (0,0))
((232,592) (247,615) (0,0))
((232,616) (247,639) (0,0))
((232,640) (263,655) (0,0))
((232,656) (263,679) (0,0))
((248,592) (279,615) (0,0))
((248,616) (271,639) (0,0))
((256,560) (287,591) (0,0))
((264,384) (295,407) (0,0))
((264,408) (295,439) (0,0))
((264,440) (295,471) (0,0))
((264,472) (295,503) (0,0))
((264,504) (295,527) (0,0))
((264,528) (295,559) (0,0))
)
196
FabOnDisk: Cell_D_00000 0
FabOnDisk: Cell_D_00000 24661
FabOnDisk: Cell_D_00000 49322
FabOnDisk: Cell_D_00000 73983
FabOnDisk: Cell_D_00000 98644
FabOnDisk: Cell_D_00000 123305
FabOnDisk: Cell_D_00000 147966
FabOnDisk: Cell_D_00000 172627
FabOnDisk: Cell_D_00000 197288
FabOnDisk: Cell_D_00000 221949
FabOnDisk: Cell_D_00000 238418
FabOnDisk: Cell_D_00000 254887
FabOnDisk: Cell_D_00000 271356
FabOnDisk: Cell_D_00000 287825
FabOnDisk: Cell_D_00000 304294
FabOnDisk: Cell_D_00000 320763
FabOnDisk: Cell_D_00000 337232
FabOnDisk: Cell_D_00000 353701
FabOnDisk: Cell_D_00000 370170
FabOnDisk: Cell_D_00000 403024
FabOnDisk: Cell_D_00000 435878
FabOnDisk: Cell_D_00000 468732
FabOnDisk: Cell_D_00000 501586
FabOnDisk: Cell_D_00000 534440
FabOnDisk: Cell_D_00000 567294
FabOnDisk: Cell_D_00000 600148
FabOnDisk: Cell_D_00000 633002
FabOnDisk: Cell_D_00000 665856
FabOnDisk: Cell_D_00000 678230
FabOnDisk: Cell_D_00000 694700
FabOnDisk: Cell_D_00000 711170
FabOnDisk: Cell_D_00000 727640
FabOnDisk: Cell_D_00000 744110
FabOnDisk: Cell_D_00000 760580
FabOnDisk: Cell_D_00000 777050
FabOnDisk: Cell_D_00000 793520
FabOnDisk: Cell_D_00000 809990
FabOnDisk: Cell_D_00000 828508
FabOnDisk: Cell_D_00000 853170
FabOnDisk: Cell_D_00000 877832
FabOnDisk: Cell_D_00000 902494
FabOnDisk: Cell_D_00000 927156
FabOnDisk: Cell_D_00000 951818
FabOnDisk: Cell_D_00000 976480
FabOnDisk: Cell_D_00000 1001142
FabOnDisk: Cell_D_00000 1025804
FabOnDisk: Cell_D_00000 1038178
FabOnDisk: Cell_D_00000 1050552
FabOnDisk: Cell_D_00000 1062926
FabOnDisk: Cell_D_00000 1079396
FabOnDisk: Cell_D_00000 1095866
FabOnDisk: Cell_D_00000 1112336
FabOnDisk: Cell_D_00000 1128806
FabOnDisk: Cell_D_00000 1145276
FabOnDisk: Cell_D_00000 1161746
FabOnDisk: Cell_D_00000 1178216
FabOnDisk: Cell_D_00000 1190590
FabOnDisk: Cell_D_00000 1215252
FabOnDisk: Cell_D_00000 1239914
FabOnDisk: Cell_D_00000 1264576
FabOnDisk: Cell_D_00000 1289238
FabOnDisk: Cell_D_00000 1313900
FabOnDisk: Cell_D_00000 1338562
FabOnDisk: Cell_D_00000 1363224
FabOnDisk: Cell_D_00000 1387886
FabOnDisk: Cell_D_00000 1406404
FabOnDisk: Cell_D_00000 1424922
FabOnDisk: Cell_D_00000 1443440
FabOnDisk: Cell_D_00000 1468102
FabOnDisk: Cell_D_00000 1492764
FabOnDisk: Cell_D_00000 1517426
FabOnDisk: Cell_D_00000 1542088
FabOnDisk: Cell_D_00000 1566750
FabOnDisk: Cell_D_00000 1591412
FabOnDisk: Cell_D_00000 1616074
FabOnDisk: Cell_D_00000 1634593
FabOnDisk: Cell_D_00000 1653112
FabOnDisk: Cell_D_00000 1671631
FabOnDisk: Cell_D_00000 1696294
FabOnDisk: Cell_D_00000 1720957
FabOnDisk: Cell_D_00000 1745620
FabOnDisk: Cell_D_00000 1770283
FabOnDisk: Cell_D_00000 1794946
FabOnDisk: Cell_D_00000 1819609
FabOnDisk: Cell_D_00000 1838128
FabOnDisk: Cell_D_00000 1862791
FabOnDisk: Cell_D_00000 1887454
FabOnDisk: Cell_D_00000 1912117
FabOnDisk: Cell_D_00000 1936780
FabOnDisk: Cell_D_00000 1961443
FabOnDisk: Cell_D_00000 1986106
FabOnDisk: Cell_D_00000 2010769
FabOnDisk: Cell_D_00000 2035432
FabOnDisk: Cell_D_00000 2060096
FabOnDisk: Cell_D_00000 2084760
FabOnDisk: Cell_D_00000 2109424
FabOnDisk: Cell_D_00000 2134088
FabOnDisk: Cell_D_00000 2158752
FabOnDisk: Cell_D_00000 2183416
FabOnDisk: Cell_D_00000 2208080
FabOnDisk: Cell_D_00000 2232744
FabOnDisk: Cell_D_00000 2245120
FabOnDisk: Cell_D_00000 2269784
FabOnDisk: Cell_D_00000 2294448
FabOnDisk: Cell_D_00000 2319112
FabOnDisk: Cell_D_00000 2343776
FabOnDisk: Cell_D_00000 2368440
FabOnDisk: Cell_D_00000 2393104
FabOnDisk: Cell_D_00000 2417768
FabOnDisk: Cell_D_00000 2442432
FabOnDisk: Cell_D_00000 2460952
FabOnDisk: Cell_D_00000 2485616
FabOnDisk: Cell_D_00000 2510280
FabOnDisk: Cell_D_00000 2534944
FabOnDisk: Cell_D_00000 2559608
FabOnDisk: Cell_D_00000 2584272
FabOnDisk: Cell_D_00000 2608936
FabOnDisk: Cell_D_00000 2633600
FabOnDisk: Cell_D_00000 2645976
FabOnDisk: Cell_D_00000 2658352
FabOnDisk: Cell_D_00000 2670728
FabOnDisk: Cell_D_00000 2687200
FabOnDisk: Cell_D_00000 2703672
FabOnDisk: Cell_D_00000 2720144
FabOnDisk: Cell_D_00000 2736616
FabOnDisk: Cell_D_00000 2753088
FabOnDisk: Cell_D_00000 2769560
FabOnDisk: Cell_D_00000 2788080
FabOnDisk: Cell_D_00000 2806600
FabOnDisk: Cell_D_00000 2825120
FabOnDisk: Cell_D_00000 2849784
FabOnDisk: Cell_D_00000 2874448
FabOnDisk: Cell_D_00000 2899112
FabOnDisk: Cell_D_00000 2923776
FabOnDisk: Cell_D_00000 2948440
FabOnDisk: Cell_D_00000 2973104
FabOnDisk: Cell_D_00000 2985480
FabOnDisk: Cell_D_00000 2997856
FabOnDisk: Cell_D_00000 3010232
FabOnDisk: Cell_D_00000 3026704
FabOnDisk: Cell_D_00000 3043176
FabOnDisk: Cell_D_00000 3059648
FabOnDisk: Cell_D_00000 3076120
FabOnDisk: Cell_D_00000 3092592
FabOnDisk: Cell_D_00000 3117256
FabOnDisk: Cell_D_00000 3141920
FabOnDisk: Cell_D_00000 3166584
FabOnDisk: Cell_D_00000 3199440
FabOnDisk: Cell_D_00000 3232296
FabOnDisk: Cell_D_00000 3265152
FabOnDisk: Cell_D_00000 3298008
FabOnDisk: Cell_D_00000 3330864
FabOnDisk: Cell_D_00000 3343240
FabOnDisk: Cell_D_00000 3367904
FabOnDisk: Cell_D_00000 3392568
FabOnDisk: Cell_D_00000 3417232
FabOnDisk: Cell_D_00000 3441896
FabOnDisk: Cell_D_00000 3466560
FabOnDisk: Cell_D_00000 3491224
FabOnDisk: Cell_D_00000 3515888
FabOnDisk: Cell_D_00000 3532360
FabOnDisk: Cell_D_00000 3565216
FabOnDisk: Cell_D_00000 3598072
FabOnDisk: Cell_D_00000 3630928
FabOnDisk: Cell_D_00000 3663784
FabOnDisk: Cell_D_00000 3696640
FabOnDisk: Cell_D_00000 3729496
FabOnDisk: Cell_D_00000 3762352
FabOnDisk: Cell_D_00000 3780872
FabOnDisk: Cell_D_00000 3799392
FabOnDisk: Cell_D_00000 3817912
FabOnDisk: Cell_D_00000 3842576
FabOnDisk: Cell_D_00000 3867240
FabOnDisk: Cell_D_00000 3891904
FabOnDisk: Cell_D_00000 3916568
FabOnDisk: Cell_D_00000 3935088
FabOnDisk: Cell_D_00000 3959752
FabOnDisk: Cell_D_00000 3984416
FabOnDisk: Cell_D_00000 4017272
FabOnDisk: Cell_D_00000 4050128
FabOnDisk: Cell_D_00000 4082984
FabOnDisk: Cell_D_00000 4107648
FabOnDisk: Cell_D_00000 4140504
FabOnDisk: Cell_D_00000 4165168
FabOnDisk: Cell_D_00000 4177544
FabOnDisk: Cell_D_00000 4189920
FabOnDisk: Cell_D_00000 4206392
FabOnDisk: Cell_D_00000 4231056
FabOnDisk: Cell_D_00000 4255720
FabOnDisk: Cell_D_00000 4274240
FabOnDisk: Cell_D_00000 4307096
FabOnDisk: Cell_D_00000 4331760
FabOnDisk: Cell_D_00000 4364616
FabOnDisk: Cell_D_00000 4397472
FabOnDisk: Cell_D_00000 4430328
FabOnDisk: Cell_D_00000 4454992

196,4
   0.00000000000000000E+000 ,
  -3.87797510696738265E-007 ,
   9.89075001363331707E-001 ,
  -9.43964584154857733E-002 ,
   0.00000000000000000E+000 ,
  -3.71659682197337652E-007 ,
   8.80366379566962065E-001 ,
  -8.87271894922819770E-002 ,
   0.00000000000000000E+000 ,
  -3.20290303316634315E-007 ,
   1.49115845047962742E-001 ,
  -7.58146294707146701E-002 ,
   0.00000000000000000E+000 ,
   7.16699094863093161E-002 ,
   1.23555663720413419E-001 ,
  -4.98589316258878021E-002 ,
   0.00000000000000000E+000 ,
   7.12351307616802654E-001 ,
   1.33313205242996058E-001 ,
  -4.49613550835193734E-002 ,
   0.00000000000000000E+000 ,
   8.78072876388848567E-001 ,
   1.49729933222440603E-001 ,
  -4.58974283368952657E-002 ,
   0.00000000000000000E+000 ,
   7.39439101512307656E-003 ,
   1.61401260749742897E-001 ,
  -4.65093588594222979E-002 ,
   0.00000000000000000E+000 ,
   7.69440742633650549E-003 ,
   1.46712719105216632E-001 ,
  -4.67874739316216370E-002 ,
   0.00000000000000000E+000 ,
   9.91248860321159553E-001 ,
   1.39967449512610531E-001 ,
  -4.64868276291989860E-002 ,
   0.00000000000000000E+000 ,
   9.90143345173558176E-001 ,
   1.40005340330161210E-001 ,
  -4.64811798833128439E-002 ,
   0.00000000000000000E+000 ,
   1.84099288638533663E-002 ,
   1.46787206410993493E-001 ,
  -4.65736446311695862E-002 ,
   0.00000000000000000E+000 ,
   4.66006643118795083E-001 ,
   1.62783340097066631E-001 ,
  -4.64908522795180190E-002 ,
   0.00000000000000000E+000 ,
   9.98882793890044862E-001 ,
   1.51790689391303746E-001 ,
  -4.58220906871889058E-002 ,
   0.00000000000000000E+000 ,
   7.79953240231361256E-001 ,
   1.33334963863085854E-001 ,
  -4.49221336423704862E-002 ,
   0.00000000000000000E+000 ,
   5.28548175943588050E-001 ,
   1.23666265610846218E-001 ,
  -4.46465051161831772E-002 ,
   0.00000000000000000E+000 ,
  -4.10501420620613251E-007 ,
   1.49565887647690882E-001 ,
  -7.47151240808589384E-002 ,
                        NaN ,
  -3.15756609821552711E-007 ,
   8.77856095953143623E-001 ,
  -8.84317814945501518E-002 ,
                        NaN ,
  -3.19479963015632652E-007 ,
   9.88842891309823613E-001 ,
  -9.42516324643549869E-002 ,
   0.00000000000000000E+000 ,
   9.91293344654129882E-001 ,
   1.40321740066200518E-001 ,
  -4.64686329261590411E-002 ,
   0.00000000000000000E+000 ,
   4.28352522118191983E-003 ,
   1.47416621248036728E-001 ,
  -4.67141596138882717E-002 ,
   0.00000000000000000E+000 ,
   1.89336198925899230E-003 ,
   1.58431613341415367E-001 ,
  -4.64865339830268162E-002 ,
   0.00000000000000000E+000 ,
   2.14187342933127960E-003 ,
   1.59255040401477393E-001 ,
  -4.58702571150158417E-002 ,
   0.00000000000000000E+000 ,
   5.72997422405807709E-004 ,
   1.37639504874123852E-001 ,
  -4.67435551359716012E-002 ,
   0.00000000000000000E+000 ,
  -7.65389997653048601E-008 ,
   1.38226623804048904E-001 ,
  -6.25106558032222925E-002 ,
   0.00000000000000000E+000 ,
  -3.06094356393370342E-007 ,
   2.07352248099604591E-001 ,
  -7.95586134788788812E-002 ,
                        NaN ,
  -3.76746195050439644E-007 ,
   8.94079925052860158E-001 ,
  -8.97139789675784616E-002 ,
                        NaN ,
  -4.13728290670354293E-007 ,
   9.89588943758547446E-001 ,
  -9.47001108331494423E-002 ,
   0.00000000000000000E+000 ,
  -3.40803914687106818E-007 ,
   9.90557525277417139E-001 ,
  -9.36426438943901290E-002 ,
   0.00000000000000000E+000 ,
  -4.18267469347192376E-007 ,
   9.10370392926559524E-001 ,
  -8.93681693662095183E-002 ,
   0.00000000000000000E+000 ,
  -3.90755618684988423E-007 ,
   3.68052598245980189E-001 ,
  -7.82648016161137799E-002 ,
   0.00000000000000000E+000 ,
   1.34871362463809509E-006 ,
   1.46498690748128074E-001 ,
  -5.89986544961729059E-002 ,
   0.00000000000000000E+000 ,
   4.23622094661378959E-004 ,
   1.49714988756491668E-001 ,
  -4.52373754726440036E-002 ,
   0.00000000000000000E+000 ,
   3.23303902962514874E-003 ,
   1.65523362916143502E-001 ,
  -4.59736853001882009E-002 ,
   0.00000000000000000E+000 ,
   1.83383018541806854E-003 ,
   1.60242651792855489E-001 ,
  -4.64761107582186070E-002 ,
   0.00000000000000000E+000 ,
   7.73055632312129922E-003 ,
   1.48671870891927627E-001 ,
  -4.67940292338970346E-002 ,
   0.00000000000000000E+000 ,
   9.99283423469756071E-001 ,
   1.40637607861852698E-001 ,
  -4.64628377171668674E-002 ,
   0.00000000000000000E+000 ,
  -4.09549550960368305E-007 ,
   9.92463287053883092E-001 ,
  -9.42855734706369575E-002 ,
   0.00000000000000000E+000 ,
  -4.13029006026430056E-007 ,
   9.37919699519831340E-001 ,
  -9.06907770287845166E-002 ,
   0.00000000000000000E+000 ,
  -3.94498928598766553E-007 ,
   6.47440040028115171E-001 ,
  -8.18713606533324617E-002 ,
   0.00000000000000000E+000 ,
  -3.95392772589476796E-007 ,
   2.14621058373637541E-001 ,
  -6.65862768585102210E-002 ,
   0.00000000000000000E+000 ,
   4.46327706186746772E-004 ,
   1.60380898003340683E-001 ,
  -4.65221620520599524E-002 ,
   0.00000000000000000E+000 ,
   2.48686308381929630E-003 ,
   1.61944449104550886E-001 ,
  -4.58469375750872460E-002 ,
   0.00000000000000000E+000 ,
   6.42698612809694397E-002 ,
   1.60191784060572467E-001 ,
  -4.62490963313083384E-002 ,
   0.00000000000000000E+000 ,
   6.08390403143846181E-001 ,
   1.44826109683147131E-001 ,
  -4.63945004436316921E-002 ,
   0.00000000000000000E+000 ,
   9.88376165581823618E-001 ,
   1.41756554149341435E-001 ,
  -4.64242155588782401E-002 ,
   0.00000000000000000E+000 ,
   9.99479600456872896E-001 ,
   1.42258394490472811E-001 ,
  -4.64008645882516141E-002 ,
   0.00000000000000000E+000 ,
   6.31424689211650292E-001 ,
   1.43401946684530462E-001 ,
  -4.63676072774351147E-002 ,
   0.00000000000000000E+000 ,
   2.93934662714727180E-001 ,
   1.44219226447335230E-001 ,
  -4.62168652973942232E-002 ,
   0.00000000000000000E+000 ,
   9.86984593011463018E-001 ,
   1.52084592161935428E-001 ,
  -4.60932627434744932E-002 ,
   0.00000000000000000E+000 ,
   4.08740078061567536E-001 ,
   1.54005297136823038E-001 ,
  -4.57669184325404793E-002 ,
   0.00000000000000000E+000 ,
   2.40753762382316149E-003 ,
   1.60864927421547455E-001 ,
  -4.53919754143806836E-002 ,
   0.00000000000000000E+000 ,
  -4.34410530735132007E-007 ,
   1.77078695033258626E-001 ,
  -6.28590407484259234E-002 ,
   0.00000000000000000E+000 ,
  -3.52112690965957920E-007 ,
   6.25638511304640876E-001 ,
  -7.89326347962403529E-002 ,
                        NaN ,
  -3.56937407808453703E-007 ,
   9.18910574549204884E-001 ,
  -8.89535676423894722E-002 ,
                        NaN ,
  -4.07214105755838753E-007 ,
   9.88743267980949359E-001 ,
  -9.42176347987581791E-002 ,
   0.00000000000000000E+000 ,
  -3.61571916361209832E-007 ,
   9.95186324875196093E-001 ,
  -9.41936503821449861E-002 ,
   0.00000000000000000E+000 ,
  -3.97265236948435589E-007 ,
   9.65185327508643276E-001 ,
  -9.20940009080226663E-002 ,
   0.00000000000000000E+000 ,
  -3.96529646439230474E-007 ,
   8.06435514269850828E-001 ,
  -8.50210779089024815E-002 ,
   0.00000000000000000E+000 ,
  -4.02580144739919532E-007 ,
   1.91458380823058105E-001 ,
  -7.19940481092535833E-002 ,
   0.00000000000000000E+000 ,
   3.76240152865712052E-001 ,
   1.37373982004412559E-001 ,
  -4.63522757491800774E-002 ,
   0.00000000000000000E+000 ,
   2.93307792641334282E-002 ,
   1.52053003895029765E-001 ,
  -4.55185121056128350E-002 ,
   0.00000000000000000E+000 ,
   1.74645337460427943E-002 ,
   1.56806000134115386E-001 ,
  -4.62153980203634657E-002 ,
   0.00000000000000000E+000 ,
   2.01270595196794758E-002 ,
   1.44860068130681391E-001 ,
  -4.64943360709406048E-002 ,
   0.00000000000000000E+000 ,
   4.63471485241709821E-002 ,
   1.44570130031494049E-001 ,
  -4.67678785775798994E-002 ,
   0.00000000000000000E+000 ,
   9.56287689966986543E-001 ,
   1.44172158259561783E-001 ,
  -4.63573958851509690E-002 ,
   0.00000000000000000E+000 ,
   4.41273921043954312E-002 ,
   1.44906678387828419E-001 ,
  -4.63696545378006614E-002 ,
   0.00000000000000000E+000 ,
   8.46699490193911358E-002 ,
   1.44359680277922287E-001 ,
  -4.59818344526195869E-002 ,
   0.00000000000000000E+000 ,
   2.82817263637615418E-002 ,
   1.46813158482199446E-001 ,
  -4.58489540798267120E-002 ,
   0.00000000000000000E+000 ,
   2.78763154256776308E-002 ,
   1.39403628193557561E-001 ,
  -4.52734044023828316E-002 ,
   0.00000000000000000E+000 ,
   5.58354528162633215E-002 ,
   1.41694063676464782E-001 ,
  -4.50767364991473060E-002 ,
   0.00000000000000000E+000 ,
  -4.54829996674603975E-007 ,
   1.68763787842464624E-001 ,
  -6.84957767893681208E-002 ,
   0.00000000000000000E+000 ,
  -4.24555543941694295E-007 ,
   7.40468806690636305E-001 ,
  -8.26591263226726103E-002 ,
                        NaN ,
  -3.94931465831369055E-007 ,
   9.46616831570139428E-001 ,
  -9.06757161342854195E-002 ,
                        NaN ,
  -3.56823188572635895E-007 ,
   9.91962138535963489E-001 ,
  -9.49581482185824499E-002 ,
   0.00000000000000000E+000 ,
  -3.59545976074087670E-007 ,
   9.92259497309332050E-001 ,
  -9.43580459870325683E-002 ,
   0.00000000000000000E+000 ,
  -4.45332990363318237E-007 ,
   9.68088645099591139E-001 ,
  -9.10917035634576933E-002 ,
  -6.18652343749999944E-002 ,
  -3.30964581098647404E-007 ,
   8.76274394639680265E-001 ,
  -8.58207454196327629E-002 ,
   0.00000000000000000E+000 ,
  -3.54614814478705186E-007 ,
   2.59063399297642716E-001 ,
  -7.75098318887550847E-002 ,
   0.00000000000000000E+000 ,
   5.03755980882666705E-007 ,
   1.54247755697201561E-001 ,
  -5.91786548609862448E-002 ,
   0.00000000000000000E+000 ,
   2.29891002290422072E-002 ,
   1.63696474301440187E-001 ,
  -4.55878809961315079E-002 ,
   0.00000000000000000E+000 ,
   1.69195906961921751E-002 ,
   1.64027329110243647E-001 ,
  -4.61297517249994668E-002 ,
   0.00000000000000000E+000 ,
   1.26791057394613077E-002 ,
   1.63070462892838081E-001 ,
  -4.64784125914373958E-002 ,
   0.00000000000000000E+000 ,
   1.24525887698101884E-002 ,
   1.47708484434237980E-001 ,
  -4.67505784987664041E-002 ,
   0.00000000000000000E+000 ,
   9.98955496732152781E-001 ,
   1.43706670558583910E-001 ,
  -4.63008887540127811E-002 ,
   0.00000000000000000E+000 ,
   3.26318272829748263E-002 ,
   1.45391256545918196E-001 ,
  -4.61405596333739482E-002 ,
   0.00000000000000000E+000 ,
   1.82097821074156292E-002 ,
   1.56766914317987893E-001 ,
  -4.59869404316522179E-002 ,
   0.00000000000000000E+000 ,
   6.49423015061274672E-002 ,
   1.47014936185665884E-001 ,
  -4.55857161401465871E-002 ,
   0.00000000000000000E+000 ,
   2.19585725701633115E-002 ,
   1.44477784066711412E-001 ,
  -4.52212679586983732E-002 ,
   0.00000000000000000E+000 ,
  -1.43651385250604452E-007 ,
   1.62631108385536738E-001 ,
  -6.56821105171901953E-002 ,
   0.00000000000000000E+000 ,
  -3.79777765802495183E-007 ,
   5.98414116836516685E-001 ,
  -8.11063646623072509E-002 ,
   0.00000000000000000E+000 ,
  -3.80618547818650937E-007 ,
   9.27594432963446569E-001 ,
  -8.96571301035328644E-002 ,
  -1.00000000000000006E-001 ,
  -4.03341346197313013E-007 ,
   9.87834748490423187E-001 ,
  -9.42833942029463884E-002 ,
   0.00000000000000000E+000 ,
  -3.93137168943637937E-007 ,
   9.88922050042483014E-001 ,
  -9.46937136905622728E-002 ,
  -6.18652343749999944E-002 ,
  -3.79536821951079753E-007 ,
   9.31831729315610313E-001 ,
  -9.04790767553138031E-002 ,
  -6.18652343749999944E-002 ,
  -3.95619615564770730E-007 ,
   6.37316891653186612E-001 ,
  -8.26661087343265044E-002 ,
   0.00000000000000000E+000 ,
  -3.21633985926948605E-007 ,
   1.53064162416766292E-001 ,
  -6.86075518100961179E-002 ,
   0.00000000000000000E+000 ,
   1.30199254013818166E-002 ,
   1.56526752319817580E-001 ,
  -4.85211768689152792E-002 ,
   0.00000000000000000E+000 ,
   1.93449574517822534E-002 ,
   1.45439438503229962E-001 ,
  -4.57822178122804097E-002 ,
   0.00000000000000000E+000 ,
   1.30908035767634736E-002 ,
   1.55912560478740969E-001 ,
  -4.61917677526486117E-002 ,
   0.00000000000000000E+000 ,
   2.01027068566113805E-002 ,
   1.46164277525206415E-001 ,
  -4.62555681919809142E-002 ,
   0.00000000000000000E+000 ,
   1.98599574790632755E-001 ,
   1.42442231462203611E-001 ,
  -4.58838787106866791E-002 ,
   0.00000000000000000E+000 ,
   1.01731925001137577E-001 ,
   1.43823899092040658E-001 ,
  -4.59993569908318453E-002 ,
   0.00000000000000000E+000 ,
   3.96645915477179464E-003 ,
   1.65553546471196328E-001 ,
  -4.59820698959934535E-002 ,
   0.00000000000000000E+000 ,
   4.31428334175060213E-004 ,
   1.51007544846593317E-001 ,
  -4.56134611749213215E-002 ,
   0.00000000000000000E+000 ,
   1.61032810809622895E-001 ,
   1.32910642458222511E-001 ,
  -4.79681485276365477E-002 ,
   0.00000000000000000E+000 ,
  -3.69038234255684704E-007 ,
   1.42596770289499020E-001 ,
  -6.95915480295748040E-002 ,
   0.00000000000000000E+000 ,
  -3.97106600285522672E-007 ,
   6.65942009958051084E-001 ,
  -8.30294144731998224E-002 ,
   0.00000000000000000E+000 ,
  -3.57921951669590028E-007 ,
   9.37179823741385309E-001 ,
  -9.05394525708825282E-002 ,
   0.00000000000000000E+000 ,
  -4.16422125348825318E-007 ,
   9.89367872723877606E-001 ,
  -9.46588757945457104E-002 ,
  -8.74999999999999944E-002 ,
  -3.68934785414553173E-007 ,
   9.94475019011466510E-001 ,
  -9.52067562387007987E-002 ,
  -8.74999999999999944E-002 ,
  -4.29669121442555971E-007 ,
   9.67172683592971927E-001 ,
  -9.27138433408526558E-002 ,
  -8.74999999999999944E-002 ,
  -4.35465171288191182E-007 ,
   8.21467398822488648E-001 ,
  -8.71062341932721390E-002 ,
  -8.74999999999999944E-002 ,
  -2.80587581542167856E-007 ,
   3.09387713186666136E-001 ,
  -7.75814822830695749E-002 ,
   0.00000000000000000E+000 ,
   2.22003844240625964E-007 ,
   1.54284954328203577E-001 ,
  -6.27906052771896039E-002 ,
   0.00000000000000000E+000 ,
   4.24444543591976711E-002 ,
   1.33532929756915719E-001 ,
  -4.73863690789671083E-002 ,
   0.00000000000000000E+000 ,
   1.47558320909075657E-003 ,
   1.51175328759789840E-001 ,
  -4.59080706794094545E-002 ,
   0.00000000000000000E+000 ,
   7.05487945621447315E-002 ,
   1.49091301189241326E-001 ,
  -4.58938108233743411E-002 ,
   0.00000000000000000E+000 ,
   5.42724175104108419E-002 ,
   1.45865928080277124E-001 ,
  -4.57488350958837053E-002 ,
   0.00000000000000000E+000 ,
   3.46064037678142089E-002 ,
   1.63305328614311462E-001 ,
  -4.58404343620538099E-002 ,
   0.00000000000000000E+000 ,
   5.39397132014110769E-001 ,
   1.58048644908620806E-001 ,
  -4.54470420313395976E-002 ,
   0.00000000000000000E+000 ,
   3.43074312640461929E-004 ,
   1.60188443200318914E-001 ,
  -4.78401849434419782E-002 ,
   0.00000000000000000E+000 ,
   1.00696987980067318E-004 ,
   1.44769752184928241E-001 ,
  -5.65240560874708878E-002 ,
   0.00000000000000000E+000 ,
  -3.36223904534461805E-007 ,
   2.07433639043385937E-001 ,
  -7.23897045365024944E-002 ,
   0.00000000000000000E+000 ,
  -2.96279063511288244E-007 ,
   7.52643507231457232E-001 ,
  -8.39873375766091307E-002 ,
   0.00000000000000000E+000 ,
  -3.56233522317005864E-007 ,
   9.52692848071552190E-001 ,
  -9.09009662867767410E-002 ,
   0.00000000000000000E+000 ,
  -2.89125171731882102E-007 ,
   9.91622920115864170E-001 ,
  -9.47767089959621611E-002 ,
   0.00000000000000000E+000 ,
   3.04990559368058176E-002 ,
   1.65882733826970719E-001 ,
  -4.56426556791131033E-002 ,
   0.00000000000000000E+000 ,
   3.04685382556132422E-002 ,
   1.65996324004501622E-001 ,
  -4.55984150473899494E-002 ,
   0.00000000000000000E+000 ,
   6.88190122719703257E-001 ,
   1.34387814188806548E-001 ,
  -4.51735465262757541E-002 ,
   0.00000000000000000E+000 ,
   1.85856873040057390E-007 ,
   1.35902293264994423E-001 ,
  -5.93429516042956948E-002 ,
   0.00000000000000000E+000 ,
  -4.14958835301759472E-007 ,
   3.32752672376300462E-001 ,
  -7.12583796351249910E-002 ,
   0.00000000000000000E+000 ,
  -4.53796723912980892E-007 ,
   5.73417299963120408E-001 ,
  -8.11085716482547320E-002 ,
   0.00000000000000000E+000 ,
  -3.69377991484102313E-007 ,
   8.73352526726010825E-001 ,
  -8.85077703779600516E-002 ,
   0.00000000000000000E+000 ,
  -4.48085221049934140E-007 ,
   9.73168176095479454E-001 ,
  -9.32323790698938448E-002 ,
   0.00000000000000000E+000 ,
  -4.28811745558535077E-007 ,
   9.95079143280121259E-001 ,
  -9.60191797386109186E-002 ,
  -6.18652343749999944E-002 ,
  -3.30520072757666916E-007 ,
   9.94023845189761945E-001 ,
  -9.47395036840382454E-002 ,
  -8.74999999999999944E-002 ,
  -3.08424299189551556E-007 ,
   9.78824444363063817E-001 ,
  -9.20759305296926789E-002 ,
  -8.74999999999999944E-002 ,
  -4.01422131927767156E-007 ,
   9.30723230295579906E-001 ,
  -8.80841950582831879E-002 ,
  -8.74999999999999944E-002 ,
  -3.62131705844742112E-007 ,
   7.13548320880224907E-001 ,
  -8.23764357737760550E-002 ,
  -4.99999999999999958E-002 ,
  -1.84882985074317295E-007 ,
   2.71237701039964085E-001 ,
  -7.13585184109225279E-002 ,
   0.00000000000000000E+000 ,
   1.44734488759911951E-004 ,
   1.33244716526524337E-001 ,
  -5.62391067260144678E-002 ,
   0.00000000000000000E+000 ,
   2.31244946987921914E-003 ,
   1.50265172048237555E-001 ,
  -4.62471385489596765E-002 ,
   0.00000000000000000E+000 ,
   3.29072537183256797E-001 ,
   1.49861579216439583E-001 ,
  -4.55284345442018012E-002 ,
  -8.74999999999999944E-002 ,
  -3.48919774399635231E-007 ,
   9.96765562930084226E-001 ,
  -9.65075400512308973E-002 ,
  -8.74999999999999944E-002 ,
  -3.66481108006239065E-007 ,
   9.88838965907685608E-001 ,
  -9.48952365772643136E-002 ,
  -8.74999999999999944E-002 ,
  -4.04166349118421019E-007 ,
   9.64699348160766079E-001 ,
  -9.25956532748367922E-002 ,
  -8.74999999999999944E-002 ,
  -3.83405189185742237E-007 ,
   8.59300256859784173E-001 ,
  -8.94107132025424856E-002 ,
  -8.74999999999999944E-002 ,
  -7.40637201817731223E-007 ,
   5.51189552769571489E-001 ,
  -8.35842758307778766E-002 ,
  -8.74999999999999944E-002 ,
  -3.41111952387265795E-007 ,
   1.62274012387605110E-001 ,
  -7.59708864181592169E-002 ,
  -6.56249999999999889E-002 ,
  -2.93144305193005446E-007 ,
   1.62281582150498371E-001 ,
  -6.83527304193307372E-002 ,
   0.00000000000000000E+000 ,
   1.22253946833228341E-005 ,
   1.36101319790087466E-001 ,
  -6.01495457548750084E-002 ,
   0.00000000000000000E+000 ,
   1.04987978175359879E-003 ,
   1.71109094934315642E-001 ,
  -5.09409609693859608E-002 ,
   0.00000000000000000E+000 ,
   7.75351384726679521E-005 ,
   1.59106812680737675E-001 ,
  -5.45781086522900555E-002 ,
   0.00000000000000000E+000 ,
   6.02308023500818844E-007 ,
   1.38078256010450012E-001 ,
  -6.29728535974081322E-002 ,
   0.00000000000000000E+000 ,
  -3.74918612743304412E-007 ,
   2.06605692890992731E-001 ,
  -7.46962558520937597E-002 ,
   0.00000000000000000E+000 ,
  -3.84863567579667516E-007 ,
   7.42784420557267899E-001 ,
  -8.26565994417201438E-002 ,
   0.00000000000000000E+000 ,
  -4.55379962571737035E-007 ,
   8.99105505247492109E-001 ,
  -8.86259846019000763E-002 ,
   0.00000000000000000E+000 ,
  -4.51552220389569242E-007 ,
   9.69946460023987655E-001 ,
  -9.29103609139142750E-002 ,
   0.00000000000000000E+000 ,
  -4.39966626293212239E-007 ,
   9.93167539496264684E-001 ,
  -9.56749747616662816E-002 ,
  -1.25000000000000007E-002 ,
  -3.25278006704613282E-007 ,
   3.07198271119541844E-001 ,
  -7.50541800764895073E-002 ,
  -1.25000000000000007E-002 ,
  -3.37735226578351290E-007 ,
   2.37912714599181507E-001 ,
  -7.71247898278507316E-002 ,
  -1.25000000000000007E-002 ,
  -3.33064259712229914E-007 ,
   5.01887855683897599E-001 ,
  -8.11899691814921970E-002 ,
  -1.25000000000000007E-002 ,
  -3.54674717427724530E-007 ,
   7.17998168432308792E-001 ,
  -8.59896624724082181E-002 ,
  -1.25000000000000007E-002 ,
  -4.76926640431250742E-007 ,
   9.09983210278362487E-001 ,
  -9.00990675133399865E-002 ,
   0.00000000000000000E+000 ,
  -3.92354309613818787E-007 ,
   9.69225597650702264E-001 ,
  -9.32606316436422472E-002 ,
   0.00000000000000000E+000 ,
  -4.74052285676238988E-007 ,
   9.90539300640515208E-001 ,
  -9.56043942937295221E-002 ,
   0.00000000000000000E+000 ,
  -3.83484181984093006E-007 ,
   9.97664652212999825E-001 ,
  -9.72468878742650394E-002 ,
  -8.74999999999999944E-002 ,
  -3.71328260704676426E-007 ,
   9.96065110252067121E-001 ,
  -9.59731418003717807E-002 ,
  -8.74999999999999944E-002 ,
  -3.51928614405636088E-007 ,
   9.88595607968084211E-001 ,
  -9.42905366461403299E-002 ,
  -8.74999999999999944E-002 ,
  -3.74615059930369791E-007 ,
   9.70385771570255184E-001 ,
  -9.20972241080071918E-002 ,
  -8.74999999999999944E-002 ,
  -3.84563189784680229E-007 ,
   9.13686059277772356E-001 ,
  -8.94352523593913290E-002 ,
  -8.74999999999999944E-002 ,
  -3.90000299850125145E-007 ,
   8.22433091562820517E-001 ,
  -8.51439852737637670E-002 ,
  -8.74999999999999944E-002 ,
  -4.12866517427917586E-007 ,
   6.52404793928537008E-001 ,
  -8.07168438811011191E-002 ,
  -6.56249999999999889E-002 ,
  -4.04720169685854348E-007 ,
   5.39464893128115519E-001 ,
  -7.67489332291678289E-002 ,
  -8.74999999999999944E-002 ,
  -3.44718183814085118E-007 ,
   9.95504962070574928E-001 ,
  -9.57175099956764641E-002 ,
  -8.74999999999999944E-002 ,
  -3.96135103014880433E-007 ,
   9.89416127126927503E-001 ,
  -9.50495435528387472E-002 ,
  -8.74999999999999944E-002 ,
  -3.62212841368118449E-007 ,
   9.78447803818007777E-001 ,
  -9.36630283100461231E-002 ,
  -8.74999999999999944E-002 ,
  -3.57296262194281720E-007 ,
   9.55740192537906652E-001 ,
  -9.21807314684729151E-002 ,
  -8.74999999999999944E-002 ,
  -4.32407192978805675E-007 ,
   9.22356007650911636E-001 ,
  -9.01815004336835868E-002 ,
  -1.25000000000000007E-002 ,
  -4.42399654489304629E-007 ,
   9.02334382635864407E-001 ,
  -8.85527260316271297E-002 ,
  -1.25000000000000007E-002 ,
  -3.54840676216410602E-007 ,
   9.02229131791208228E-001 ,
  -8.78915036524937493E-002 ,
  -1.25000000000000007E-002 ,
  -4.78119423174992633E-007 ,
   9.07727563166463525E-001 ,
  -8.89999995556840784E-002 ,
  -1.25000000000000007E-002 ,
  -4.49799421397050858E-007 ,
   9.34439644375088529E-001 ,
  -8.92499735397978833E-002 ,
  -1.25000000000000007E-002 ,
  -2.63653473961971725E-007 ,
   9.66133448947620876E-001 ,
  -8.96824011702111734E-002 ,
  -1.25000000000000007E-002 ,
  -4.28253730400772598E-007 ,
   9.83123767918828717E-001 ,
  -9.18353258034993875E-002 ,
   0.00000000000000000E+000 ,
  -3.44195834657520761E-007 ,
   9.92229643195280286E-001 ,
  -9.48155576661714045E-002 ,
   0.00000000000000000E+000 ,
  -4.06006199027727885E-007 ,
   9.95504824992433313E-001 ,
  -9.60462952421569233E-002 ,
   0.00000000000000000E+000 ,
  -4.07368288207604981E-007 ,
   9.87082477088031318E-001 ,
  -9.43904952867677810E-002 ,
   0.00000000000000000E+000 ,
  -3.83945939874376844E-007 ,
   9.93199348376681779E-001 ,
  -9.47225014502103835E-002 ,
   0.00000000000000000E+000 ,
  -3.75611661098056349E-007 ,
   9.85574995657816810E-001 ,
  -9.42823852891163383E-002 ,
  -8.74999999999999944E-002 ,
  -3.52467110650060495E-007 ,
   9.96855764612116224E-001 ,
  -9.65068532273152951E-002 ,
  -8.74999999999999944E-002 ,
  -4.28772704578166064E-007 ,
   9.93713774052589538E-001 ,
  -9.57642181089502498E-002 ,
  -8.74999999999999944E-002 ,
  -3.89442160554136550E-007 ,
   9.89887089932519504E-001 ,
  -9.48262982359287243E-002 ,
  -1.25000000000000007E-002 ,
  -3.75123419062216530E-007 ,
   9.87628728889733520E-001 ,
  -9.40822486072999259E-002 ,
  -1.25000000000000007E-002 ,
  -4.71402253355242408E-007 ,
   9.87574349020834852E-001 ,
  -9.38051302267817189E-002 ,
  -1.25000000000000007E-002 ,
  -4.57158278437411942E-007 ,
   9.88204451198263167E-001 ,
  -9.42956844481915302E-002 ,

196,4
   0.00000000000000000E+000 ,
   3.47695514053711050E-007 ,
   9.98982287430952742E-001 ,
  -8.86231164510151020E-002 ,
   0.00000000000000000E+000 ,
   4.22573628663504396E-007 ,
   9.89743379242844168E-001 ,
  -7.45897493538803386E-002 ,
   0.00000000000000000E+000 ,
   8.04809060422691402E-001 ,
   9.01983719392715710E-001 ,
  -4.38090846571242143E-002 ,
   0.00000000000000000E+000 ,
   9.99939601965437963E-001 ,
   3.16003969538696361E-001 ,
  -4.31934090534389636E-002 ,
   0.00000000000000000E+000 ,
   9.99999907032120272E-001 ,
   1.63952846755499843E-001 ,
  -4.37756898808552494E-002 ,
   0.00000000000000000E+000 ,
   1.00000024195530424E+000 ,
   1.67595334970802756E-001 ,
  -4.48583381000095260E-002 ,
   0.00000000000000000E+000 ,
   9.99999949319763881E-001 ,
   1.68168064189817973E-001 ,
  -4.58137191894364137E-002 ,
   0.00000000000000000E+000 ,
   9.99816912494332910E-001 ,
   1.67634584305196094E-001 ,
  -4.62923069888454344E-002 ,
   0.00000000000000000E+000 ,
   1.00000034025692042E+000 ,
   1.48063123887407694E-001 ,
  -4.64117741466358105E-002 ,
   0.00000000000000000E+000 ,
   1.00000034503973301E+000 ,
   1.46956263241540097E-001 ,
  -4.63834841102420195E-002 ,
   0.00000000000000000E+000 ,
   9.99834080308358630E-001 ,
   1.65723657437012867E-001 ,
  -4.62795123632285879E-002 ,
   0.00000000000000000E+000 ,
   9.99999900554643717E-001 ,
   1.66382459668143801E-001 ,
  -4.58094119983241260E-002 ,
   0.00000000000000000E+000 ,
   1.00000021727137578E+000 ,
   1.65372538118586876E-001 ,
  -4.48845627438688236E-002 ,
   0.00000000000000000E+000 ,
   1.00000017013001830E+000 ,
   1.57968375657674853E-001 ,
  -4.37580206976938627E-002 ,
   0.00000000000000000E+000 ,
   9.99932363091511012E-001 ,
   1.90808291246178763E-001 ,
  -4.30638081157509178E-002 ,
   0.00000000000000000E+000 ,
   7.95286875402885562E-001 ,
   8.84249683883211013E-001 ,
  -4.36633549976582214E-002 ,
                        NaN ,
   3.81936779047885426E-007 ,
   9.88714380273517213E-001 ,
  -7.44774145133220156E-002 ,
                        NaN ,
   3.36134261485877611E-007 ,
   9.98906880509291439E-001 ,
  -8.85303151288720364E-002 ,
   0.00000000000000000E+000 ,
   1.00000038290887971E+000 ,
   1.48945638444635431E-001 ,
  -4.62374919767485071E-002 ,
   0.00000000000000000E+000 ,
   9.99999576704168613E-001 ,
   1.66663106823213419E-001 ,
  -4.60610225041497567E-002 ,
   0.00000000000000000E+000 ,
   9.98799751248955592E-001 ,
   1.69828788558397975E-001 ,
  -4.56843066792847613E-002 ,
   0.00000000000000000E+000 ,
   9.99933844579026454E-001 ,
   1.79007274285016033E-001 ,
  -4.49659303574713662E-002 ,
   0.00000000000000000E+000 ,
   9.99829131471783650E-001 ,
   2.79207360625463030E-001 ,
  -4.37371078698794921E-002 ,
   0.00000000000000000E+000 ,
   9.79696927699647335E-001 ,
   7.08583445504182508E-001 ,
  -4.31296031672974770E-002 ,
   0.00000000000000000E+000 ,
   5.01765487059047999E-001 ,
   9.44523180621609226E-001 ,
  -4.54059808858726308E-002 ,
                        NaN ,
   3.70497085138019310E-007 ,
   9.92785833608605284E-001 ,
  -7.54654750449553213E-002 ,
                        NaN ,
   5.51610218203394260E-007 ,
   9.99207462541641278E-001 ,
  -8.87177629628142783E-002 ,
   0.00000000000000000E+000 ,
   3.67197062954757157E-007 ,
   9.98466505692995443E-001 ,
  -8.90207911831937815E-002 ,
   0.00000000000000000E+000 ,
   4.04207963164705305E-007 ,
   9.91794982624063182E-001 ,
  -7.65456431857968606E-002 ,
   0.00000000000000000E+000 ,
   2.08680401002827066E-002 ,
   9.32302767525038711E-001 ,
  -5.15070151372545443E-002 ,
   0.00000000000000000E+000 ,
   9.87476915693628499E-001 ,
   6.19779829119333825E-001 ,
  -4.32962760921244971E-002 ,
   0.00000000000000000E+000 ,
   9.96567389679986815E-001 ,
   2.12469173431600794E-001 ,
  -4.38343074982727107E-002 ,
   0.00000000000000000E+000 ,
   9.93847869185831900E-001 ,
   1.81230132774424652E-001 ,
  -4.50403104305056867E-002 ,
   0.00000000000000000E+000 ,
   8.07482875621132523E-001 ,
   1.69465856917177055E-001 ,
  -4.58749528226794975E-002 ,
   0.00000000000000000E+000 ,
   9.99999695859886240E-001 ,
   1.67863280454183972E-001 ,
  -4.62553799796955323E-002 ,
   0.00000000000000000E+000 ,
   1.00000039339985158E+000 ,
   1.48647519217120105E-001 ,
  -4.64021809688225997E-002 ,
   0.00000000000000000E+000 ,
   3.54162613689318263E-007 ,
   9.98945385823345910E-001 ,
  -8.96492842595800477E-002 ,
   0.00000000000000000E+000 ,
   3.74125950157171041E-007 ,
   9.94756932645797454E-001 ,
  -7.88901739434498678E-002 ,
   0.00000000000000000E+000 ,
   4.54975308373986740E-007 ,
   9.62234892163927991E-001 ,
  -6.00865716019639076E-002 ,
   0.00000000000000000E+000 ,
   4.47805325924803488E-001 ,
   7.92892240640461043E-001 ,
  -4.48362268689692506E-002 ,
   0.00000000000000000E+000 ,
   9.99783917074025030E-001 ,
   2.73244943132772478E-001 ,
  -4.37508844157097412E-002 ,
   0.00000000000000000E+000 ,
   9.99980617699088969E-001 ,
   1.80148728053870361E-001 ,
  -4.48279259257314752E-002 ,
   0.00000000000000000E+000 ,
   9.99999189771460739E-001 ,
   1.69467568344249420E-001 ,
  -4.55588724221559702E-002 ,
   0.00000000000000000E+000 ,
   9.99999921060732322E-001 ,
   1.61871528468199660E-001 ,
  -4.58605469977663924E-002 ,
   0.00000000000000000E+000 ,
   1.00000034299786300E+000 ,
   1.48836126444493899E-001 ,
  -4.62454619894246688E-002 ,
   0.00000000000000000E+000 ,
   1.00000037378190099E+000 ,
   1.45441550107436673E-001 ,
  -4.63367169126503858E-002 ,
   0.00000000000000000E+000 ,
   9.99999877244698299E-001 ,
   1.47222795730738737E-001 ,
  -4.59887307866980663E-002 ,
   0.00000000000000000E+000 ,
   9.99996585537916483E-001 ,
   1.55130041178848849E-001 ,
  -4.57792434829164332E-002 ,
   0.00000000000000000E+000 ,
   9.99999372385160346E-001 ,
   1.64849593106158876E-001 ,
  -4.53323419930570515E-002 ,
   0.00000000000000000E+000 ,
   9.99970184333958678E-001 ,
   1.73940908085157192E-001 ,
  -4.49359866767158750E-002 ,
   0.00000000000000000E+000 ,
   9.99927273459218502E-001 ,
   2.27331123835475601E-001 ,
  -4.37399373335432690E-002 ,
   0.00000000000000000E+000 ,
   7.76386564169334714E-001 ,
   7.23737142043093695E-001 ,
  -4.37585005619380643E-002 ,
   0.00000000000000000E+000 ,
   3.82967739678382968E-007 ,
   9.42204868349288738E-001 ,
  -5.87297824405556002E-002 ,
                        NaN ,
   4.06202225762729607E-007 ,
   9.91250203015903386E-001 ,
  -7.65802283870604811E-002 ,
                        NaN ,
   3.82698686930175958E-007 ,
   9.98934643898248154E-001 ,
  -8.81103403140022640E-002 ,
   0.00000000000000000E+000 ,
   3.76558818041778450E-007 ,
   9.98885797526635533E-001 ,
  -9.09423342857391959E-002 ,
   0.00000000000000000E+000 ,
   4.26083811028505698E-007 ,
   9.96875321149708005E-001 ,
  -8.23748013619028246E-002 ,
   0.00000000000000000E+000 ,
   3.58511318687316112E-007 ,
   9.78211399769028711E-001 ,
  -6.74068784269310078E-002 ,
   0.00000000000000000E+000 ,
   6.10269753036890461E-001 ,
   8.66367346539755001E-001 ,
  -4.40396401879635732E-002 ,
   0.00000000000000000E+000 ,
   9.99979314418794285E-001 ,
   2.28763936516966943E-001 ,
  -4.32222449687499691E-002 ,
   0.00000000000000000E+000 ,
   9.99977399714394033E-001 ,
   1.73693669039312215E-001 ,
  -4.48057006918223255E-002 ,
   0.00000000000000000E+000 ,
   9.99999231805796418E-001 ,
   1.67917149142872202E-001 ,
  -4.53348522287639333E-002 ,
   0.00000000000000000E+000 ,
   9.99465977285518448E-001 ,
   1.66655574794144695E-001 ,
  -4.58042561165194137E-002 ,
   0.00000000000000000E+000 ,
   9.99954713039196363E-001 ,
   1.66573587908383142E-001 ,
  -4.62450632029518249E-002 ,
   0.00000000000000000E+000 ,
   9.99999685860420540E-001 ,
   1.48440702718459494E-001 ,
  -4.61591821497617308E-002 ,
   0.00000000000000000E+000 ,
   9.98551485711895226E-001 ,
   1.52256998806426430E-001 ,
  -4.59254035365027069E-002 ,
   0.00000000000000000E+000 ,
   9.99837729059992353E-001 ,
   1.63847795369478688E-001 ,
  -4.55471942365912527E-002 ,
   0.00000000000000000E+000 ,
   9.99998936312633702E-001 ,
   1.67317711554731186E-001 ,
  -4.49851012914785145E-002 ,
   0.00000000000000000E+000 ,
   9.99966051864983441E-001 ,
   1.73393765245689530E-001 ,
  -4.44114995882449112E-002 ,
   0.00000000000000000E+000 ,
   9.99972352288934330E-001 ,
   1.75284743922507813E-001 ,
  -4.32338074112645077E-002 ,
   0.00000000000000000E+000 ,
   8.05514831191352809E-001 ,
   8.17754090636893638E-001 ,
  -4.34833521018597666E-002 ,
   0.00000000000000000E+000 ,
   3.91303239239739084E-007 ,
   9.67251629917483258E-001 ,
  -6.37015037740859408E-002 ,
                        NaN ,
   4.01525983917350297E-007 ,
   9.94916380546417289E-001 ,
  -7.95048419386644722E-002 ,
                        NaN ,
   4.60873299431790529E-007 ,
   9.99341414229160563E-001 ,
  -8.92510851756005141E-002 ,
   0.00000000000000000E+000 ,
   3.61313013918495921E-007 ,
   9.98944135655843390E-001 ,
  -8.94030946860187581E-002 ,
   0.00000000000000000E+000 ,
   4.63504890834789713E-007 ,
   9.95332763974478452E-001 ,
  -8.29265010074051317E-002 ,
   0.00000000000000000E+000 ,
   4.19198907509281789E-007 ,
   9.80824515284977938E-001 ,
  -7.27668562106824762E-002 ,
   0.00000000000000000E+000 ,
   2.35942985058405191E-001 ,
   9.25936060325992627E-001 ,
  -4.77128664124550350E-002 ,
   0.00000000000000000E+000 ,
   9.90787960275325563E-001 ,
   6.10038046704516002E-001 ,
  -4.38411199557166426E-002 ,
   0.00000000000000000E+000 ,
   9.99346669358459727E-001 ,
   1.77206041022197669E-001 ,
  -4.48694778801217997E-002 ,
   0.00000000000000000E+000 ,
   9.99789850108176892E-001 ,
   1.71433862803905851E-001 ,
  -4.54778052589503295E-002 ,
   0.00000000000000000E+000 ,
   9.99980571470965973E-001 ,
   1.67161426568053578E-001 ,
  -4.58129518165412281E-002 ,
   0.00000000000000000E+000 ,
   9.99999091212196101E-001 ,
   1.66562271301192055E-001 ,
  -4.59212695196391865E-002 ,
   0.00000000000000000E+000 ,
   9.99999947131543609E-001 ,
   1.48518373137985688E-001 ,
  -4.57865850182742479E-002 ,
   0.00000000000000000E+000 ,
   9.99986869637989106E-001 ,
   1.68817810098544768E-001 ,
  -4.57587871475722691E-002 ,
   0.00000000000000000E+000 ,
   9.99493218342679124E-001 ,
   1.76237913933860874E-001 ,
  -4.53614323903964237E-002 ,
   0.00000000000000000E+000 ,
   9.99997146852138807E-001 ,
   1.75067748001877521E-001 ,
  -4.42905571957288025E-002 ,
   0.00000000000000000E+000 ,
   9.99953305760892475E-001 ,
   1.93961211740335371E-001 ,
  -4.40994666450474776E-002 ,
   0.00000000000000000E+000 ,
   9.40172644404896451E-001 ,
   7.59181596173616691E-001 ,
  -4.40430420687906790E-002 ,
   0.00000000000000000E+000 ,
   1.50426249760783706E-005 ,
   9.55881818261369087E-001 ,
  -5.84736314061804208E-002 ,
   0.00000000000000000E+000 ,
   4.50063163699623096E-007 ,
   9.92715372620701086E-001 ,
  -7.71812318365559247E-002 ,
   0.00000000000000000E+000 ,
   4.74638187795024709E-007 ,
   9.98951816049716168E-001 ,
  -8.76010977476901070E-002 ,
   0.00000000000000000E+000 ,
   3.24655272037338270E-007 ,
   9.99103784313677634E-001 ,
  -8.82128714868337521E-002 ,
   0.00000000000000000E+000 ,
   4.00153270363734102E-007 ,
   9.93961954941321002E-001 ,
  -7.81636002585218287E-002 ,
   0.00000000000000000E+000 ,
   3.68807848504095413E-007 ,
   9.64197792401320530E-001 ,
  -6.02717920710626395E-002 ,
   0.00000000000000000E+000 ,
   9.93985214603514633E-001 ,
   8.04789023617629273E-001 ,
  -4.43237152251858835E-002 ,
   0.00000000000000000E+000 ,
   9.99229974761841278E-001 ,
   2.77604113759922000E-001 ,
  -4.46812583952345896E-002 ,
   0.00000000000000000E+000 ,
   9.99997950142626046E-001 ,
   1.71632730222099905E-001 ,
  -4.48660381617809884E-002 ,
   0.00000000000000000E+000 ,
   9.99996832638346711E-001 ,
   1.74451097159368990E-001 ,
  -4.51910665275724599E-002 ,
   0.00000000000000000E+000 ,
   9.99985563460926485E-001 ,
   1.73628637370015299E-001 ,
  -4.53811192327460006E-002 ,
   0.00000000000000000E+000 ,
   9.99970528597241448E-001 ,
   1.52827959853300083E-001 ,
  -4.52456548188614818E-002 ,
   0.00000000000000000E+000 ,
   9.99979713291481609E-001 ,
   1.66916593475052472E-001 ,
  -4.52481769783465923E-002 ,
   0.00000000000000000E+000 ,
   9.99823263605183477E-001 ,
   1.90203176232092597E-001 ,
  -4.50195915036746205E-002 ,
   0.00000000000000000E+000 ,
   9.99978383209271904E-001 ,
   1.99495671056547030E-001 ,
  -4.36910011289446953E-002 ,
   0.00000000000000000E+000 ,
   9.99967588105973304E-001 ,
   2.70119188795930498E-001 ,
  -4.30667489915528071E-002 ,
   0.00000000000000000E+000 ,
   9.85007878938914061E-001 ,
   8.20446717891664790E-001 ,
  -4.34378033562448918E-002 ,
   0.00000000000000000E+000 ,
   3.88698092916411398E-007 ,
   9.66246497644725588E-001 ,
  -6.13311896773055601E-002 ,
   0.00000000000000000E+000 ,
   3.93732686685705274E-007 ,
   9.94172432311023146E-001 ,
  -7.86493348272238046E-002 ,
   0.00000000000000000E+000 ,
   3.59248079223336341E-007 ,
   9.99115235092830622E-001 ,
  -8.82949936146244091E-002 ,
   0.00000000000000000E+000 ,
   5.21890179932498768E-007 ,
   9.99328630281836605E-001 ,
  -9.07571436213706895E-002 ,
   0.00000000000000000E+000 ,
   4.09151062817935587E-007 ,
   9.97297201401849742E-001 ,
  -8.31877416440072598E-002 ,
   0.00000000000000000E+000 ,
   3.78720396389595345E-007 ,
   9.84675078613416188E-001 ,
  -6.95973857591025563E-002 ,
   0.00000000000000000E+000 ,
   3.90269822219567603E-002 ,
   9.24317338297661606E-001 ,
  -4.95572607758692010E-002 ,
   0.00000000000000000E+000 ,
   9.97231177069506480E-001 ,
   6.87885957651645064E-001 ,
  -4.47394355961032303E-002 ,
   0.00000000000000000E+000 ,
   9.99956401392494421E-001 ,
   2.48695403133172732E-001 ,
  -4.38474916134601184E-002 ,
   0.00000000000000000E+000 ,
   9.99963116065100577E-001 ,
   1.83380288137943770E-001 ,
  -4.44382576617873074E-002 ,
   0.00000000000000000E+000 ,
   9.99985516162977484E-001 ,
   1.74769227031029734E-001 ,
  -4.51009546424101168E-002 ,
   0.00000000000000000E+000 ,
   9.97130268435017286E-001 ,
   1.68218534783710100E-001 ,
  -4.51818146359578426E-002 ,
   0.00000000000000000E+000 ,
   9.99487487966373656E-001 ,
   1.70342536530326355E-001 ,
  -4.52300475115194264E-002 ,
   0.00000000000000000E+000 ,
   9.99990520582097586E-001 ,
   1.75787637335759500E-001 ,
  -4.43258161629341424E-002 ,
   0.00000000000000000E+000 ,
   9.98264759767254817E-001 ,
   3.15403890852239632E-001 ,
  -4.41695868539810979E-002 ,
   0.00000000000000000E+000 ,
   9.66531967351025534E-001 ,
   5.37835881082300182E-001 ,
  -4.30736361640852786E-002 ,
   0.00000000000000000E+000 ,
   4.62655035405259762E-001 ,
   8.61597719094134185E-001 ,
  -4.50450849704820411E-002 ,
   0.00000000000000000E+000 ,
   4.13160695068691575E-007 ,
   9.70679556379737685E-001 ,
  -6.59386296264401761E-002 ,
   0.00000000000000000E+000 ,
   3.62085986430560220E-007 ,
   9.94615749824023121E-001 ,
  -8.09578309188077327E-002 ,
   0.00000000000000000E+000 ,
   3.17634934700017645E-007 ,
   9.99135746883319409E-001 ,
  -8.93738747945708595E-002 ,
   0.00000000000000000E+000 ,
   9.97904531431941133E-001 ,
   1.75655305732860423E-001 ,
  -4.52532354261095879E-002 ,
   0.00000000000000000E+000 ,
   9.97004862867264197E-001 ,
   1.79864749205856045E-001 ,
  -4.49780739184105841E-002 ,
   0.00000000000000000E+000 ,
   9.99987835021709959E-001 ,
   1.68622163683680631E-001 ,
  -4.31830053229356470E-002 ,
   0.00000000000000000E+000 ,
   9.98616260222845220E-001 ,
   6.43653355739319810E-001 ,
  -4.31144192084982406E-002 ,
   0.00000000000000000E+000 ,
   3.63752652929553513E-002 ,
   8.59721807261874083E-001 ,
  -4.83655878335652184E-002 ,
   0.00000000000000000E+000 ,
   2.64878366684121598E-005 ,
   9.54223706172533159E-001 ,
  -5.77972681707825467E-002 ,
   0.00000000000000000E+000 ,
   3.57959566663312637E-007 ,
   9.88947504365601637E-001 ,
  -7.32520595777724493E-002 ,
   0.00000000000000000E+000 ,
   3.59218347663849469E-007 ,
   9.97815239667178555E-001 ,
  -8.44722911328284060E-002 ,
   0.00000000000000000E+000 ,
   3.47988474455108425E-007 ,
   9.99633218157044312E-001 ,
  -9.11662401852706000E-002 ,
   0.00000000000000000E+000 ,
   3.83821438600432573E-007 ,
   9.99050448208447128E-001 ,
  -9.05516786000799823E-002 ,
   0.00000000000000000E+000 ,
   3.59517677065557303E-007 ,
   9.96449915924312757E-001 ,
  -8.55643735010793716E-002 ,
   0.00000000000000000E+000 ,
   3.28236833680574700E-007 ,
   9.87772989210085273E-001 ,
  -7.82731322570497795E-002 ,
   0.00000000000000000E+000 ,
   3.57179960998981486E-007 ,
   9.61407838177429919E-001 ,
  -6.39267929152260855E-002 ,
   0.00000000000000000E+000 ,
   2.87292430947839045E-002 ,
   8.46663569804277372E-001 ,
  -4.81009532847274032E-002 ,
   0.00000000000000000E+000 ,
   9.98883450480879675E-001 ,
   5.14494817896790080E-001 ,
  -4.35539143786801697E-002 ,
   0.00000000000000000E+000 ,
   9.98709900676991946E-001 ,
   2.40569520782282498E-001 ,
  -4.40288125321638274E-002 ,
   0.00000000000000000E+000 ,
   9.99950049526406315E-001 ,
   1.74790064564728953E-001 ,
  -4.44529113377407081E-002 ,
   0.00000000000000000E+000 ,
   4.08320525798302074E-007 ,
   9.99748365051488008E-001 ,
  -9.23125355734615988E-002 ,
   0.00000000000000000E+000 ,
   3.90018741946623991E-007 ,
   9.99095794251686486E-001 ,
  -8.84533815186604178E-002 ,
   0.00000000000000000E+000 ,
   4.06003421519502225E-007 ,
   9.97030831822332098E-001 ,
  -8.29233959204995486E-002 ,
   0.00000000000000000E+000 ,
   4.01829952995672913E-007 ,
   9.91124639432911514E-001 ,
  -7.22404460397047254E-002 ,
   0.00000000000000000E+000 ,
   3.68679970968804828E-005 ,
   9.67627926344718392E-001 ,
  -5.75201525457795376E-002 ,
   0.00000000000000000E+000 ,
   7.89906345378236341E-001 ,
   9.05957765838224849E-001 ,
  -4.38727695328193362E-002 ,
   0.00000000000000000E+000 ,
   8.87697687395928026E-001 ,
   8.08958555648506161E-001 ,
  -4.40269986521636264E-002 ,
   0.00000000000000000E+000 ,
   9.99269433085355652E-001 ,
   6.21716128639258736E-001 ,
  -4.36051343117961759E-002 ,
   0.00000000000000000E+000 ,
   8.66932897641098488E-001 ,
   3.60275417645638585E-001 ,
  -4.51303754196527990E-002 ,
   0.00000000000000000E+000 ,
   9.97880233282238072E-001 ,
   4.73658372063402888E-001 ,
  -4.48792852830467298E-002 ,
   0.00000000000000000E+000 ,
   9.89567320027771702E-001 ,
   6.90951261748201317E-001 ,
  -4.33047957276491008E-002 ,
   0.00000000000000000E+000 ,
   4.88923197717900604E-001 ,
   9.02224914362299790E-001 ,
  -4.48508909031112152E-002 ,
   0.00000000000000000E+000 ,
   4.18159306593578406E-007 ,
   9.66538541086842229E-001 ,
  -6.37434378669440166E-002 ,
   0.00000000000000000E+000 ,
   3.48497967674885850E-007 ,
   9.89652851295727776E-001 ,
  -7.46305920948045209E-002 ,
   0.00000000000000000E+000 ,
   4.40625727394322749E-007 ,
   9.97435320217730292E-001 ,
  -8.37369817526978921E-002 ,
   0.00000000000000000E+000 ,
   3.05105399303030798E-007 ,
   9.99480890090456930E-001 ,
  -9.02225093710902898E-002 ,
   0.00000000000000000E+000 ,
   7.75355340674383497E-002 ,
   8.97763909356986467E-001 ,
  -5.00323225377665021E-002 ,
   0.00000000000000000E+000 ,
   3.84981711102585666E-001 ,
   9.20917223035175647E-001 ,
  -4.73706303762097408E-002 ,
   0.00000000000000000E+000 ,
   5.88775327704950347E-004 ,
   9.55009475362423421E-001 ,
  -5.55442350910783367E-002 ,
   0.00000000000000000E+000 ,
   3.74859102699886524E-007 ,
   9.81594005618189547E-001 ,
  -6.41590095504140367E-002 ,
   0.00000000000000000E+000 ,
   3.88740222242213872E-007 ,
   9.93527916230171115E-001 ,
  -7.54234815518289581E-002 ,
   0.00000000000000000E+000 ,
   3.80754854533960197E-007 ,
   9.97967515207662914E-001 ,
  -8.31624453233086036E-002 ,
   0.00000000000000000E+000 ,
   3.37661658494287664E-007 ,
   9.99463978504684047E-001 ,
  -8.89679939329673791E-002 ,
   0.00000000000000000E+000 ,
   4.15153732000154048E-007 ,
   9.99884225175886598E-001 ,
  -9.31225890323538336E-002 ,
  -4.37499999999999972E-002 ,
   5.52554606008471481E-007 ,
   9.99574857809706896E-001 ,
  -9.18813080514987168E-002 ,
  -6.59667968749999972E-002 ,
   4.29792418614986123E-007 ,
   9.98694861063388561E-001 ,
  -8.84572953428022640E-002 ,
  -6.59667968749999972E-002 ,
   3.81921286209932061E-007 ,
   9.96393488441558839E-001 ,
  -8.40868702554668362E-002 ,
   0.00000000000000000E+000 ,
   3.42038458042409592E-007 ,
   9.91155424716798628E-001 ,
  -7.66975230530035496E-002 ,
   0.00000000000000000E+000 ,
   4.93460070025831979E-007 ,
   9.76534122394082771E-001 ,
  -6.91974323983056971E-002 ,
   0.00000000000000000E+000 ,
   3.19980814479225040E-006 ,
   9.52116225351443912E-001 ,
  -6.13234591612270077E-002 ,
   0.00000000000000000E+000 ,
   3.16178388781507822E-004 ,
   9.16117443653570507E-001 ,
  -5.71946945733147749E-002 ,
  -7.65624999999999917E-002 ,
   3.47196982232942686E-007 ,
   9.99500484950960666E-001 ,
  -9.15262034891714260E-002 ,
   4.56249999999999989E-001 ,
   3.94784048036485956E-007 ,
   9.99204013601474594E-001 ,
  -8.87244545027146558E-002 ,
  -3.28124999999999944E-002 ,
   3.95828065337580574E-007 ,
   9.98234703576512783E-001 ,
  -8.55784896754227253E-002 ,
   0.00000000000000000E+000 ,
   4.48569358058567352E-007 ,
   9.96571521604108557E-001 ,
  -8.12489809823000175E-002 ,
   0.00000000000000000E+000 ,
   4.58804673385511551E-007 ,
   9.93184607100363492E-001 ,
  -7.73664886154131204E-002 ,
   0.00000000000000000E+000 ,
   4.09398717939754313E-007 ,
   9.89097522020357833E-001 ,
  -7.55051098002092330E-002 ,
   0.00000000000000000E+000 ,
   3.97945850181344110E-007 ,
   9.87350592492317269E-001 ,
  -7.54438798859664583E-002 ,
   0.00000000000000000E+000 ,
   3.93436104262073804E-007 ,
   9.90628367539494792E-001 ,
  -7.58013273850409730E-002 ,
   0.00000000000000000E+000 ,
   3.56809976128219502E-007 ,
   9.91374192056461490E-001 ,
  -7.84945253993681313E-002 ,
   0.00000000000000000E+000 ,
   4.07834671055641723E-007 ,
   9.92581486498387733E-001 ,
  -8.28349460655020825E-002 ,
   0.00000000000000000E+000 ,
   3.50210021233494089E-007 ,
   9.96462437438956461E-001 ,
  -8.63995638730699761E-002 ,
   0.00000000000000000E+000 ,
   3.37822184280442363E-007 ,
   9.99153986608031230E-001 ,
  -8.94331703422530516E-002 ,
   0.00000000000000000E+000 ,
   4.18632321545748237E-007 ,
   9.99641628458491360E-001 ,
  -9.12054600798049425E-002 ,
   0.00000000000000000E+000 ,
   4.18642594422448506E-007 ,
   9.98898548636038996E-001 ,
  -8.76169276962227295E-002 ,
   0.00000000000000000E+000 ,
   4.50943185740717712E-007 ,
   9.99104970092369871E-001 ,
  -8.99775727806077369E-002 ,
   0.00000000000000000E+000 ,
   3.77592814805347199E-007 ,
   9.98828680727931850E-001 ,
  -8.72957428364976862E-002 ,
   1.00000000000000000E+000 ,
   5.22765037846857835E-007 ,
   9.99759411364926631E-001 ,
  -9.23962874420931751E-002 ,
   1.00000000000000000E+000 ,
   3.63704191337891571E-007 ,
   9.99544689005620990E-001 ,
  -9.04425644911611704E-002 ,
   1.00000000000000000E+000 ,
   3.92878571898100841E-007 ,
   9.99120410051656860E-001 ,
  -8.88371098755017519E-002 ,
   0.00000000000000000E+000 ,
   3.84265695885862724E-007 ,
   9.98648434669854979E-001 ,
  -8.80687127813833542E-002 ,
   0.00000000000000000E+000 ,
   4.32822476068096276E-007 ,
   9.98443672765421564E-001 ,
  -8.79846399327707251E-002 ,
   0.00000000000000000E+000 ,
   3.89468237057843102E-007 ,
   9.98814974270387790E-001 ,
  -8.81703228384590199E-002 ,
