1
0
4
0
(15 0
((0,432) (23,463) (0,0))
((0,464) (23,495) (0,0))
((0,496) (23,527) (0,0))
((0,528) (23,559) (0,0))
((0,560) (23,591) (0,0))
((24,432) (55,463) (0,0))
((24,464) (55,495) (0,0))
((24,496) (55,527) (0,0))
((24,528) (55,559) (0,0))
((24,560) (55,591) (0,0))
((56,432) (87,463) (0,0))
((56,464) (87,495) (0,0))
((56,496) (87,527) (0,0))
((56,528) (87,559) (0,0))
((56,560) (87,591) (0,0))
)
15
FabOnDisk: Cell_D_00000 0
FabOnDisk: Cell_D_00000 24661
FabOnDisk: Cell_D_00000 49322
FabOnDisk: Cell_D_00000 73983
FabOnDisk: Cell_D_00000 98644
FabOnDisk: Cell_D_00000 123305
FabOnDisk: Cell_D_00000 156159
FabOnDisk: Cell_D_00000 189013
FabOnDisk: Cell_D_00000 221867
FabOnDisk: Cell_D_00000 254721
FabOnDisk: Cell_D_00000 287575
FabOnDisk: Cell_D_00000 320429
FabOnDisk: Cell_D_00000 353283
FabOnDisk: Cell_D_00000 386137
FabOnDisk: Cell_D_00000 418991

15,4
   0.00000000000000000E+000 ,
  -7.89409804669334094E-008 ,
   9.99999803881303606E-001 ,
  -1.00000000000000006E-001 ,
   0.00000000000000000E+000 ,
  -7.21168509914075509E-008 ,
   9.76508508993550128E-001 ,
  -1.00000000000000006E-001 ,
   0.00000000000000000E+000 ,
  -6.67862831916291680E-008 ,
   1.45865456597526967E-003 ,
  -9.96551529862165775E-002 ,
   0.00000000000000000E+000 ,
  -7.67077737088218383E-008 ,
   9.76508021710688845E-001 ,
  -1.00000000000000006E-001 ,
  -1.00000000000000006E-001 ,
  -7.32003966944281307E-008 ,
   9.99999617878821079E-001 ,
  -1.00000000000000006E-001 ,
   0.00000000000000000E+000 ,
  -8.43099562772166959E-008 ,
   9.99999658074737674E-001 ,
  -1.00000000000000006E-001 ,
  -1.00000000000000006E-001 ,
  -7.35746628655679871E-008 ,
   9.99992635270016250E-001 ,
  -1.00000000000000006E-001 ,
  -1.00000000000000006E-001 ,
  -7.83677492675153122E-008 ,
   9.22395030287829876E-001 ,
  -1.00000000000000006E-001 ,
  -1.00000000000000006E-001 ,
  -7.12176487896415448E-008 ,
   9.99992623730204588E-001 ,
  -1.00000000000000006E-001 ,
  -1.00000000000000006E-001 ,
  -8.19572832405712187E-008 ,
   9.99999737209539385E-001 ,
  -1.00000000000000006E-001 ,
   0.00000000000000000E+000 ,
  -6.62641053560398048E-008 ,
   9.99999596860859818E-001 ,
  -1.00000000000000006E-001 ,
  -1.00000000000000006E-001 ,
  -7.79902487039250882E-008 ,
   9.99999786793256629E-001 ,
  -1.00000000000000006E-001 ,
  -1.00000000000000006E-001 ,
  -9.07171190205296558E-008 ,
   9.99999705685570506E-001 ,
  -1.00000000000000006E-001 ,
   0.00000000000000000E+000 ,
  -8.49185420001533796E-008 ,
   9.99999762735247599E-001 ,
  -1.00000000000000006E-001 ,
   0.00000000000000000E+000 ,
  -8.10818691443976098E-008 ,
   9.99999675972688129E-001 ,
  -1.00000000000000006E-001 ,

15,4
   2.12199579096527232E-308 ,
   6.55930656747403789E-008 ,
   1.00000024050679315E+000 ,
  -1.00000000000000006E-001 ,
   2.12199579096527232E-308 ,
   1.93689417359775456E-007 ,
   1.00000024993533887E+000 ,
  -1.00000000000000006E-001 ,
   2.12199579096527232E-308 ,
   1.00000006492162874E+000 ,
   9.99951446722166848E-001 ,
  -2.46604924603497202E-003 ,
   2.12199579096527232E-308 ,
   1.93609844329160856E-007 ,
   1.00000018486324715E+000 ,
  -1.00000000000000006E-001 ,
   1.00000000000000000E+000 ,
   8.16770712212992327E-008 ,
   1.00000032563959262E+000 ,
  -1.00000000000000006E-001 ,
   1.00000000000000000E+000 ,
   8.92154263453481227E-008 ,
   1.00000023566406337E+000 ,
  -1.00000000000000006E-001 ,
   1.00000000000000000E+000 ,
   7.57741601952674041E-008 ,
   1.00000025865266795E+000 ,
  -1.00000000000000006E-001 ,
   2.12199579145933796E-308 ,
   4.77845409401329125E-005 ,
   1.00000024382094277E+000 ,
  -9.99999999999588024E-002 ,
   1.00000000000000000E+000 ,
   7.47028474431687016E-008 ,
   1.00000025625548949E+000 ,
  -1.00000000000000006E-001 ,
   1.00000000000000000E+000 ,
   7.48312645289943978E-008 ,
   1.00000037738114300E+000 ,
  -1.00000000000000006E-001 ,
   1.00000000000000000E+000 ,
   7.75623696774886142E-008 ,
   1.00000038935049140E+000 ,
  -1.00000000000000006E-001 ,
   1.00000000000000000E+000 ,
   7.49328662195841102E-008 ,
   1.00000035927396302E+000 ,
  -1.00000000000000006E-001 ,
   1.00000000000000000E+000 ,
   8.76428514734781577E-008 ,
   1.00000034568589458E+000 ,
  -1.00000000000000006E-001 ,
   1.00000000000000000E+000 ,
   8.27813425284987579E-008 ,
   1.00000024030578638E+000 ,
  -1.00000000000000006E-001 ,
   0.00000000000000000E+000 ,
   6.96089026147674208E-008 ,
   1.00000030302020293E+000 ,
  -1.00000000000000006E-001 ,
