1
0
4
0
(15 0
((0,184) (15,199) (0,0))
((0,200) (15,231) (0,0))
((0,232) (15,263) (0,0))
((0,264) (15,295) (0,0))
((0,296) (15,327) (0,0))
((16,184) (47,199) (0,0))
((16,200) (47,231) (0,0))
((16,232) (47,263) (0,0))
((16,264) (47,295) (0,0))
((16,296) (47,327) (0,0))
((48,184) (79,199) (0,0))
((48,200) (79,231) (0,0))
((48,232) (79,263) (0,0))
((48,264) (79,295) (0,0))
((48,296) (79,327) (0,0))
)
15
FabOnDisk: Cell_D_00000 0
FabOnDisk: Cell_D_00000 8277
FabOnDisk: Cell_D_00000 24746
FabOnDisk: Cell_D_00000 41215
FabOnDisk: Cell_D_00000 57684
FabOnDisk: Cell_D_00000 74153
FabOnDisk: Cell_D_00000 90623
FabOnDisk: Cell_D_00000 123477
FabOnDisk: Cell_D_00000 156331
FabOnDisk: Cell_D_00000 189185
FabOnDisk: Cell_D_00000 222039
FabOnDisk: Cell_D_00000 238509
FabOnDisk: Cell_D_00000 271363
FabOnDisk: Cell_D_00000 304217
FabOnDisk: Cell_D_00000 337071

15,4
  -2.12248985661111356E-314 ,
   0.00000000000000000E+000 ,
   1.00000000000000000E+000 ,
  -1.00000000000000006E-001 ,
   0.00000000000000000E+000 ,
   0.00000000000000000E+000 ,
   1.00000000000000000E+000 ,
  -1.00000000000000006E-001 ,
  -1.00000000000000006E-001 ,
   0.00000000000000000E+000 ,
   0.00000000000000000E+000 ,
  -1.00000000000000006E-001 ,
  -1.00000000000000006E-001 ,
   0.00000000000000000E+000 ,
   1.00000000000000000E+000 ,
  -1.00000000000000006E-001 ,
  -1.00000000000000006E-001 ,
   0.00000000000000000E+000 ,
   1.00000000000000000E+000 ,
  -1.00000000000000006E-001 ,
   0.00000000000000000E+000 ,
   0.00000000000000000E+000 ,
   1.00000000000000000E+000 ,
  -1.00000000000000006E-001 ,
   0.00000000000000000E+000 ,
   0.00000000000000000E+000 ,
   1.00000000000000000E+000 ,
  -1.00000000000000006E-001 ,
  -1.00000000000000006E-001 ,
   0.00000000000000000E+000 ,
   1.00000000000000000E+000 ,
  -1.00000000000000006E-001 ,
  -1.00000000000000006E-001 ,
   0.00000000000000000E+000 ,
   1.00000000000000000E+000 ,
  -1.00000000000000006E-001 ,
   1.00000000000000000E+000 ,
   0.00000000000000000E+000 ,
   1.00000000000000000E+000 ,
  -1.00000000000000006E-001 ,
  -1.00000000000000006E-001 ,
   0.00000000000000000E+000 ,
   1.00000000000000000E+000 ,
  -1.00000000000000006E-001 ,
  -1.00000000000000006E-001 ,
   0.00000000000000000E+000 ,
   1.00000000000000000E+000 ,
  -1.00000000000000006E-001 ,
   0.00000000000000000E+000 ,
   0.00000000000000000E+000 ,
   1.00000000000000000E+000 ,
  -1.00000000000000006E-001 ,
  -1.00000000000000006E-001 ,
   0.00000000000000000E+000 ,
   1.00000000000000000E+000 ,
  -1.00000000000000006E-001 ,
  -1.00000000000000006E-001 ,
   0.00000000000000000E+000 ,
   1.00000000000000000E+000 ,
  -1.00000000000000006E-001 ,

15,4
   2.12199579096541806E-308 ,
   0.00000000000000000E+000 ,
   1.00000000000000000E+000 ,
  -1.00000000000000006E-001 ,
   1.00000000000000000E+000 ,
   0.00000000000000000E+000 ,
   1.00000000000000000E+000 ,
  -1.00000000000000006E-001 ,
   1.00000000000000000E+000 ,
   1.00000000000000000E+000 ,
   1.00000000000000000E+000 ,
   0.00000000000000000E+000 ,
   1.00000000000000000E+000 ,
   0.00000000000000000E+000 ,
   1.00000000000000000E+000 ,
  -1.00000000000000006E-001 ,
   1.09722098628424033E-318 ,
   0.00000000000000000E+000 ,
   1.00000000000000000E+000 ,
  -1.00000000000000006E-001 ,
   0.00000000000000000E+000 ,
   0.00000000000000000E+000 ,
   1.00000000000000000E+000 ,
  -1.00000000000000006E-001 ,
   1.00000000000000000E+000 ,
   0.00000000000000000E+000 ,
   1.00000000000000000E+000 ,
  -1.00000000000000006E-001 ,
   1.00000000000000000E+000 ,
   0.00000000000000000E+000 ,
   1.00000000000000000E+000 ,
  -1.00000000000000006E-001 ,
   1.00000000000000000E+000 ,
   0.00000000000000000E+000 ,
   1.00000000000000000E+000 ,
  -1.00000000000000006E-001 ,
   1.00000000000000000E+000 ,
   0.00000000000000000E+000 ,
   1.00000000000000000E+000 ,
  -1.00000000000000006E-001 ,
  -1.00000000000000006E-001 ,
   0.00000000000000000E+000 ,
   1.00000000000000000E+000 ,
  -1.00000000000000006E-001 ,
   1.37152623285530041E-318 ,
   0.00000000000000000E+000 ,
   1.00000000000000000E+000 ,
  -1.00000000000000006E-001 ,
   1.00000000000000000E+000 ,
   0.00000000000000000E+000 ,
   1.00000000000000000E+000 ,
  -1.00000000000000006E-001 ,
   1.00000000000000000E+000 ,
   0.00000000000000000E+000 ,
   1.00000000000000000E+000 ,
  -1.00000000000000006E-001 ,
   1.50867885614083045E-318 ,
   0.00000000000000000E+000 ,
   1.00000000000000000E+000 ,
  -1.00000000000000006E-001 ,
