1
0
4
0
(85 0
((0,312) (31,327) (0,0))
((0,328) (31,359) (0,0))
((0,360) (31,391) (0,0))
((0,392) (31,423) (0,0))
((0,424) (31,455) (0,0))
((0,456) (31,487) (0,0))
((0,488) (31,519) (0,0))
((0,520) (31,551) (0,0))
((0,552) (31,583) (0,0))
((0,584) (31,615) (0,0))
((0,616) (31,647) (0,0))
((0,648) (31,679) (0,0))
((0,680) (31,711) (0,0))
((32,312) (63,327) (0,0))
((32,328) (63,359) (0,0))
((32,360) (63,391) (0,0))
((32,392) (63,423) (0,0))
((32,424) (63,455) (0,0))
((32,456) (63,487) (0,0))
((32,488) (63,519) (0,0))
((32,520) (63,551) (0,0))
((32,552) (63,583) (0,0))
((32,584) (63,615) (0,0))
((32,616) (63,647) (0,0))
((32,648) (63,679) (0,0))
((32,680) (63,711) (0,0))
((64,328) (87,343) (0,0))
((64,344) (87,375) (0,0))
((64,376) (87,407) (0,0))
((64,408) (87,439) (0,0))
((64,440) (87,471) (0,0))
((64,472) (87,503) (0,0))
((64,504) (87,535) (0,0))
((64,536) (87,567) (0,0))
((64,568) (87,599) (0,0))
((64,600) (87,631) (0,0))
((64,632) (87,663) (0,0))
((64,664) (87,695) (0,0))
((88,336) (111,367) (0,0))
((88,368) (111,399) (0,0))
((88,400) (111,431) (0,0))
((88,432) (111,463) (0,0))
((88,464) (111,495) (0,0))
((88,496) (111,527) (0,0))
((88,528) (111,559) (0,0))
((88,560) (111,591) (0,0))
((88,592) (111,623) (0,0))
((88,624) (111,655) (0,0))
((88,656) (111,687) (0,0))
((112,344) (135,359) (0,0))
((112,360) (135,391) (0,0))
((112,392) (135,423) (0,0))
((112,424) (135,455) (0,0))
((112,456) (135,487) (0,0))
((112,488) (135,519) (0,0))
((112,520) (135,551) (0,0))
((112,552) (135,583) (0,0))
((112,584) (135,615) (0,0))
((112,616) (135,647) (0,0))
((112,648) (135,679) (0,0))
((136,360) (167,375) (0,0))
((136,376) (167,407) (0,0))
((136,408) (167,439) (0,0))
((136,440) (167,471) (0,0))
((136,472) (167,503) (0,0))
((136,504) (167,535) (0,0))
((136,536) (167,567) (0,0))
((136,568) (167,599) (0,0))
((136,600) (167,631) (0,0))
((136,632) (167,663) (0,0))
((168,400) (183,423) (0,0))
((168,424) (183,447) (0,0))
((168,448) (183,471) (0,0))
((168,472) (183,495) (0,0))
((168,496) (183,527) (0,0))
((168,528) (183,559) (0,0))
((168,560) (183,591) (0,0))
((168,592) (183,623) (0,0))
((184,424) (207,447) (0,0))
((184,448) (207,471) (0,0))
((184,472) (207,495) (0,0))
((184,496) (207,527) (0,0))
((184,528) (207,559) (0,0))
((184,560) (207,591) (0,0))
((184,592) (207,623) (0,0))
)
85
FabOnDisk: Cell_D_00000 0
FabOnDisk: Cell_D_00000 16469
FabOnDisk: Cell_D_00000 49322
FabOnDisk: Cell_D_00000 82175
FabOnDisk: Cell_D_00000 115028
FabOnDisk: Cell_D_00000 147881
FabOnDisk: Cell_D_00000 180734
FabOnDisk: Cell_D_00000 213587
FabOnDisk: Cell_D_00000 246440
FabOnDisk: Cell_D_00000 279293
FabOnDisk: Cell_D_00000 312146
FabOnDisk: Cell_D_00000 344999
FabOnDisk: Cell_D_00000 377852
FabOnDisk: Cell_D_00000 410705
FabOnDisk: Cell_D_00000 427175
FabOnDisk: Cell_D_00000 460029
FabOnDisk: Cell_D_00000 492883
FabOnDisk: Cell_D_00000 525737
FabOnDisk: Cell_D_00000 558591
FabOnDisk: Cell_D_00000 591445
FabOnDisk: Cell_D_00000 624299
FabOnDisk: Cell_D_00000 657153
FabOnDisk: Cell_D_00000 690007
FabOnDisk: Cell_D_00000 722861
FabOnDisk: Cell_D_00000 755715
FabOnDisk: Cell_D_00000 788569
FabOnDisk: Cell_D_00000 821423
FabOnDisk: Cell_D_00000 833797
FabOnDisk: Cell_D_00000 858459
FabOnDisk: Cell_D_00000 883121
FabOnDisk: Cell_D_00000 907783
FabOnDisk: Cell_D_00000 932445
FabOnDisk: Cell_D_00000 957107
FabOnDisk: Cell_D_00000 981769
FabOnDisk: Cell_D_00000 1006431
FabOnDisk: Cell_D_00000 1031093
FabOnDisk: Cell_D_00000 1055755
FabOnDisk: Cell_D_00000 1080417
FabOnDisk: Cell_D_00000 1105079
FabOnDisk: Cell_D_00000 1129742
FabOnDisk: Cell_D_00000 1154405
FabOnDisk: Cell_D_00000 1179068
FabOnDisk: Cell_D_00000 1203731
FabOnDisk: Cell_D_00000 1228394
FabOnDisk: Cell_D_00000 1253057
FabOnDisk: Cell_D_00000 1277720
FabOnDisk: Cell_D_00000 1302383
FabOnDisk: Cell_D_00000 1327046
FabOnDisk: Cell_D_00000 1351709
FabOnDisk: Cell_D_00000 1376372
FabOnDisk: Cell_D_00000 1388748
FabOnDisk: Cell_D_00000 1413412
FabOnDisk: Cell_D_00000 1438076
FabOnDisk: Cell_D_00000 1462740
FabOnDisk: Cell_D_00000 1487404
FabOnDisk: Cell_D_00000 1512068
FabOnDisk: Cell_D_00000 1536732
FabOnDisk: Cell_D_00000 1561396
FabOnDisk: Cell_D_00000 1586060
FabOnDisk: Cell_D_00000 1610724
FabOnDisk: Cell_D_00000 1635388
FabOnDisk: Cell_D_00000 1651860
FabOnDisk: Cell_D_00000 1684716
FabOnDisk: Cell_D_00000 1717572
FabOnDisk: Cell_D_00000 1750428
FabOnDisk: Cell_D_00000 1783284
FabOnDisk: Cell_D_00000 1816140
FabOnDisk: Cell_D_00000 1848996
FabOnDisk: Cell_D_00000 1881852
FabOnDisk: Cell_D_00000 1914708
FabOnDisk: Cell_D_00000 1947564
FabOnDisk: Cell_D_00000 1959940
FabOnDisk: Cell_D_00000 1972316
FabOnDisk: Cell_D_00000 1984692
FabOnDisk: Cell_D_00000 1997068
FabOnDisk: Cell_D_00000 2013540
FabOnDisk: Cell_D_00000 2030012
FabOnDisk: Cell_D_00000 2046484
FabOnDisk: Cell_D_00000 2062956
FabOnDisk: Cell_D_00000 2081476
FabOnDisk: Cell_D_00000 2099996
FabOnDisk: Cell_D_00000 2118516
FabOnDisk: Cell_D_00000 2143180
FabOnDisk: Cell_D_00000 2167844
FabOnDisk: Cell_D_00000 2192508

85,4
   0.00000000000000000E+000 ,
  -4.10760372781928387E-007 ,
   9.97124744616110004E-001 ,
  -9.59347566824440556E-002 ,
   0.00000000000000000E+000 ,
  -3.90224668040781938E-007 ,
   9.56239954099200262E-001 ,
  -9.36557857817637424E-002 ,
  -4.21875000000000028E-002 ,
  -3.50150994944222038E-007 ,
   3.22529596162457854E-001 ,
  -8.43451982647423631E-002 ,
   0.00000000000000000E+000 ,
   3.41299315150591151E-007 ,
   1.25036321227737057E-001 ,
  -6.33300547729427898E-002 ,
   0.00000000000000000E+000 ,
   5.71912571244777464E-003 ,
   1.34424400809510819E-001 ,
  -4.72934228645847179E-002 ,
   0.00000000000000000E+000 ,
   6.00405248658028232E-002 ,
   1.20492850459521170E-001 ,
  -4.72777319728804671E-002 ,
   0.00000000000000000E+000 ,
   9.99999511075958747E-001 ,
   1.15023340875955907E-001 ,
  -4.67054053204280228E-002 ,
   0.00000000000000000E+000 ,
   9.57500285004407536E-001 ,
   1.15557480357703968E-001 ,
  -4.67150870967786916E-002 ,
   0.00000000000000000E+000 ,
   6.02298416705448064E-002 ,
   1.28396654626572682E-001 ,
  -4.70379355655780942E-002 ,
   0.00000000000000000E+000 ,
   3.51924235556564519E-003 ,
   1.25618599539358083E-001 ,
  -5.06465767833870623E-002 ,
   0.00000000000000000E+000 ,
  -2.60990491210096773E-007 ,
   1.25894074660805516E-001 ,
  -7.53982211358284887E-002 ,
   0.00000000000000000E+000 ,
  -4.68559803257355590E-007 ,
   8.26720743463963070E-001 ,
  -8.99344146524564403E-002 ,
                        NaN ,
  -3.91923406285142629E-007 ,
   9.88558268909232263E-001 ,
  -9.58395107517132916E-002 ,
  -1.00000000000000006E-001 ,
  -3.36007350427085895E-007 ,
   9.97744822909135243E-001 ,
  -9.66357563305375311E-002 ,
  -1.00000000000000006E-001 ,
  -3.97188081213015391E-007 ,
   9.69646489897058705E-001 ,
  -9.48556396515919387E-002 ,
  -4.21875000000000028E-002 ,
  -4.61098209389008968E-007 ,
   7.08149886137689477E-001 ,
  -8.78376209124823726E-002 ,
   0.00000000000000000E+000 ,
  -3.03722205021445366E-007 ,
   1.31760241544043200E-001 ,
  -7.15899783957419517E-002 ,
   0.00000000000000000E+000 ,
   1.01908811595676288E-002 ,
   1.21903586597308891E-001 ,
  -4.69687253216896569E-002 ,
   0.00000000000000000E+000 ,
   2.24830043549788278E-001 ,
   1.20233682217653334E-001 ,
  -4.72060723492392781E-002 ,
   0.00000000000000000E+000 ,
   9.81531051758236961E-001 ,
   1.14925143947594122E-001 ,
  -4.68725084631764766E-002 ,
   0.00000000000000000E+000 ,
   6.28905412327083968E-001 ,
   1.15367361244149841E-001 ,
  -4.66409845319864652E-002 ,
   0.00000000000000000E+000 ,
   1.53936428624710214E-001 ,
   1.19551709296087702E-001 ,
  -4.67033244989116178E-002 ,
   0.00000000000000000E+000 ,
   3.53889013417672707E-004 ,
   1.17415005063113254E-001 ,
  -5.57370058877911106E-002 ,
   0.00000000000000000E+000 ,
  -3.80298287824831807E-007 ,
   3.73359392565966064E-001 ,
  -8.11504143137600220E-002 ,
                        NaN ,
  -4.28682799640347630E-007 ,
   8.98008614438013275E-001 ,
  -9.19649036565540617E-002 ,
                        NaN ,
  -4.10473041876548302E-007 ,
   9.91404817777187586E-001 ,
  -9.65412870325671052E-002 ,
  -1.00000000000000006E-001 ,
  -2.99942962328486122E-007 ,
   9.95636561930762221E-001 ,
  -9.59710737819512855E-002 ,
  -4.21875000000000028E-002 ,
  -3.87978769186758898E-007 ,
   9.51400296116608812E-001 ,
  -9.39468682575172465E-002 ,
  -4.21875000000000028E-002 ,
  -4.17780148757381214E-007 ,
   5.08651638412295437E-001 ,
  -8.61742743909683501E-002 ,
   0.00000000000000000E+000 ,
  -4.56449680109860628E-008 ,
   1.22713721859691982E-001 ,
  -6.99898811152617484E-002 ,
   0.00000000000000000E+000 ,
   3.17822558874134367E-002 ,
   1.31074931594072824E-001 ,
  -4.91640468463120164E-002 ,
   0.00000000000000000E+000 ,
   1.16014966165736741E-001 ,
   1.16382005630077404E-001 ,
  -4.73994701093892745E-002 ,
   0.00000000000000000E+000 ,
   3.43418575691936845E-001 ,
   1.11439235760524849E-001 ,
  -4.69741525672933355E-002 ,
   0.00000000000000000E+000 ,
   2.25110402404241156E-001 ,
   1.21593465321272659E-001 ,
  -4.70713697540009954E-002 ,
   0.00000000000000000E+000 ,
   9.73755019177559907E-004 ,
   1.17388035736584767E-001 ,
  -5.76935666176950843E-002 ,
   0.00000000000000000E+000 ,
  -3.18951139766678144E-007 ,
   1.53022566852336644E-001 ,
  -7.91403357030439902E-002 ,
   0.00000000000000000E+000 ,
  -4.00727460307090697E-007 ,
   8.42760103775968772E-001 ,
  -9.06381137727660380E-002 ,
   0.00000000000000000E+000 ,
  -3.78931020353606728E-007 ,
   9.84727684654475688E-001 ,
  -9.58541869973670579E-002 ,
   0.00000000000000000E+000 ,
  -2.91026592795461086E-007 ,
   9.87080763062198385E-001 ,
  -9.64193332565549538E-002 ,
  -1.00000000000000006E-001 ,
  -4.13687823250949483E-007 ,
   8.85699945890988882E-001 ,
  -9.21799177646719509E-002 ,
  -1.00000000000000006E-001 ,
  -4.68490798118034165E-007 ,
   4.19091410617247861E-001 ,
  -8.37757653235186861E-002 ,
   0.00000000000000000E+000 ,
  -2.12947982660249870E-007 ,
   1.37577275612778799E-001 ,
  -6.95029237982365405E-002 ,
   0.00000000000000000E+000 ,
   2.04707360566000083E-003 ,
   1.13071204997085728E-001 ,
  -5.32092273276611530E-002 ,
   0.00000000000000000E+000 ,
   6.94257370449269384E-001 ,
   1.06996304588227203E-001 ,
  -4.60066771150974413E-002 ,
   0.00000000000000000E+000 ,
   2.54827091741310463E-004 ,
   1.11507595703053519E-001 ,
  -5.61046966365314481E-002 ,
   0.00000000000000000E+000 ,
  -3.85888128798321309E-007 ,
   1.42368165156065679E-001 ,
  -7.13100690570721979E-002 ,
   0.00000000000000000E+000 ,
  -3.77962828570881697E-007 ,
   3.95392895173721060E-001 ,
  -8.38084656841483894E-002 ,
   0.00000000000000000E+000 ,
  -4.62635575220130106E-007 ,
   8.82562624109350824E-001 ,
  -9.20808059023515424E-002 ,
   0.00000000000000000E+000 ,
  -3.73346092947207778E-007 ,
   9.86736121518393627E-001 ,
  -9.63125538471255871E-002 ,
   0.00000000000000000E+000 ,
  -3.90952442750858028E-007 ,
   9.97272534949488088E-001 ,
  -9.70501170244708750E-002 ,
  -1.00000000000000006E-001 ,
  -3.86339477998516914E-007 ,
   9.77200430439678303E-001 ,
  -9.57357657294514303E-002 ,
  -1.00000000000000006E-001 ,
  -3.88315050002891204E-007 ,
   8.68512266258249621E-001 ,
  -9.14565053233006992E-002 ,
  -1.00000000000000006E-001 ,
  -4.83602211263646618E-007 ,
   4.54591785194195686E-001 ,
  -8.44371877550418037E-002 ,
   0.00000000000000000E+000 ,
  -3.64753202273156798E-007 ,
   1.59651597477292434E-001 ,
  -7.53004890191901893E-002 ,
   0.00000000000000000E+000 ,
   4.01934617262285624E-007 ,
   1.39174003469453134E-001 ,
  -6.59171929060037437E-002 ,
   0.00000000000000000E+000 ,
  -2.13472864687474206E-007 ,
   1.45103743741853558E-001 ,
  -7.11374267734992266E-002 ,
   0.00000000000000000E+000 ,
  -3.56065033568714828E-007 ,
   3.68252013382354748E-001 ,
  -8.07113553090955393E-002 ,
   0.00000000000000000E+000 ,
  -3.46333614291160150E-007 ,
   7.77867123397914639E-001 ,
  -8.84458266406647486E-002 ,
   0.00000000000000000E+000 ,
  -4.04376004502117407E-007 ,
   9.43594158764570867E-001 ,
  -9.38677749640523668E-002 ,
   0.00000000000000000E+000 ,
  -3.47066122180176995E-007 ,
   9.91609919776447635E-001 ,
  -9.69771804671782228E-002 ,
  -5.87890625000000028E-002 ,
  -3.33238201037138395E-007 ,
   9.97624793665867871E-001 ,
  -9.77256143236533981E-002 ,
  -6.59667968749999972E-002 ,
  -4.76081168497002737E-007 ,
   9.84948087290341445E-001 ,
  -9.68596063026729709E-002 ,
  -8.74999999999999944E-002 ,
  -3.76810460734954790E-007 ,
   9.35702519389434828E-001 ,
  -9.43755051576659204E-002 ,
  -8.74999999999999944E-002 ,
  -4.31502137141806963E-007 ,
   8.24401284111239474E-001 ,
  -9.09939639004418294E-002 ,
  -1.25000000000000007E-002 ,
  -4.34812133616657901E-007 ,
   6.68954264698021661E-001 ,
  -8.74168376224842558E-002 ,
  -1.25000000000000007E-002 ,
  -4.10636428854909496E-007 ,
   6.61199285975837769E-001 ,
  -8.60550400117146563E-002 ,
  -9.37500000000000139E-003 ,
  -3.36818440838207738E-007 ,
   7.44329533732187021E-001 ,
  -8.92099677175386269E-002 ,
   0.00000000000000000E+000 ,
  -4.76824787994656077E-007 ,
   8.96740199867448684E-001 ,
  -9.27969290534484542E-002 ,
   0.00000000000000000E+000 ,
  -4.32713594153789078E-007 ,
   9.69093018302148668E-001 ,
  -9.57167214110690029E-002 ,
   0.00000000000000000E+000 ,
  -3.90105232882924386E-007 ,
   9.93744523788148038E-001 ,
  -9.76931899461543907E-002 ,
  -8.74999999999999944E-002 ,
  -3.82419397829350118E-007 ,
   9.96084106546941239E-001 ,
  -9.66085428371053212E-002 ,
  -8.74999999999999944E-002 ,
  -3.55513211265403890E-007 ,
   9.90392168389872207E-001 ,
  -9.51349959046457333E-002 ,
  -1.25000000000000007E-002 ,
  -4.23668207660991520E-007 ,
   9.81328127422110286E-001 ,
  -9.35152146532884226E-002 ,
  -1.25000000000000007E-002 ,
  -3.79956984258106385E-007 ,
   9.72159366069073827E-001 ,
  -9.18999111327151175E-002 ,
  -1.25000000000000007E-002 ,
  -3.54434496327469749E-007 ,
   9.69751527785694289E-001 ,
  -9.08177007406582026E-002 ,
  -1.25000000000000007E-002 ,
  -4.04695669911085979E-007 ,
   9.72245618820986035E-001 ,
  -9.23800704064643985E-002 ,
   0.00000000000000000E+000 ,
  -3.38825655314024004E-007 ,
   9.84761497519635043E-001 ,
  -9.45906729241453442E-002 ,
   0.00000000000000000E+000 ,
  -4.49042614879392421E-007 ,
   9.94662542486143719E-001 ,
  -9.65971542296677754E-002 ,
   0.00000000000000000E+000 ,
  -3.89268928818044059E-007 ,
   9.97129015557878695E-001 ,
  -9.73097708737429568E-002 ,
  -1.25000000000000007E-002 ,
  -4.03813975559248243E-007 ,
   9.94605162730685666E-001 ,
  -9.65070702971485977E-002 ,
  -1.25000000000000007E-002 ,
  -2.95431405387689793E-007 ,
   9.92234334096157577E-001 ,
  -9.57597994802141667E-002 ,
  -1.25000000000000007E-002 ,
  -3.57363698642467171E-007 ,
   9.91631267598112265E-001 ,
  -9.52785296331592757E-002 ,
  -1.25000000000000007E-002 ,
  -3.87598363183783327E-007 ,
   9.92238568998138004E-001 ,
  -9.59628800269213267E-002 ,
  -1.25000000000000007E-002 ,
  -4.14152333144371874E-007 ,
   9.95516614957048240E-001 ,
  -9.70426084630214431E-002 ,
   0.00000000000000000E+000 ,
  -4.06325565739914162E-007 ,
   9.98360441648857622E-001 ,
  -9.80673194085688871E-002 ,

85,4
   0.00000000000000000E+000 ,
   4.08357781710316730E-007 ,
   9.99371466406823394E-001 ,
  -9.34576385008645955E-002 ,
   0.00000000000000000E+000 ,
   3.95331639606081134E-007 ,
   9.97510915222403427E-001 ,
  -8.33295300468241545E-002 ,
   0.00000000000000000E+000 ,
   1.05348067187381114E-001 ,
   9.66573486573761853E-001 ,
  -5.31145523052761401E-002 ,
   0.00000000000000000E+000 ,
   9.99906860666982089E-001 ,
   6.81440121514483077E-001 ,
  -4.47838030980083207E-002 ,
   0.00000000000000000E+000 ,
   9.99980481187681902E-001 ,
   1.94032637971657651E-001 ,
  -4.59092604757658784E-002 ,
   0.00000000000000000E+000 ,
   1.00000002750910233E+000 ,
   1.56595227069542348E-001 ,
  -4.63124154859348922E-002 ,
   0.00000000000000000E+000 ,
   1.00000038080072784E+000 ,
   1.22544679533965126E-001 ,
  -4.64250392689436048E-002 ,
   0.00000000000000000E+000 ,
   1.00000034012476080E+000 ,
   1.35792399438603162E-001 ,
  -4.63626492627231615E-002 ,
   0.00000000000000000E+000 ,
   9.99945748337468743E-001 ,
   1.76954133765301252E-001 ,
  -4.58403954370675479E-002 ,
   0.00000000000000000E+000 ,
   9.99982783472403769E-001 ,
   3.42059627285576540E-001 ,
  -4.46953509418476710E-002 ,
   0.00000000000000000E+000 ,
   9.56603579022566985E-001 ,
   8.87891703427454382E-001 ,
  -4.46636356921993327E-002 ,
   0.00000000000000000E+000 ,
   3.61115334238567844E-007 ,
   9.90524332824282872E-001 ,
  -7.24223327856800547E-002 ,
                        NaN ,
   3.98104699230635104E-007 ,
   9.99370642682709365E-001 ,
  -8.95275546026114838E-002 ,
   0.00000000000000000E+000 ,
   3.88105730256497744E-007 ,
   9.99652274557599529E-001 ,
  -9.38586398791706328E-002 ,
   1.56250000000000000E-002 ,
   3.98473623854965524E-007 ,
   9.98663113059113372E-001 ,
  -8.48804933381453602E-002 ,
   1.56250000000000000E-002 ,
   3.22766625569779116E-007 ,
   9.83473978328245457E-001 ,
  -6.45216124162475702E-002 ,
   1.56250000000000000E-002 ,
   9.54076988143831572E-001 ,
   8.30652771677205859E-001 ,
  -4.48657237215343840E-002 ,
   0.00000000000000000E+000 ,
   9.99915950716692592E-001 ,
   1.94344303142046815E-001 ,
  -4.48606297412273702E-002 ,
   0.00000000000000000E+000 ,
   1.00000027878149611E+000 ,
   1.43471362220675969E-001 ,
  -4.61902428985077676E-002 ,
   0.00000000000000000E+000 ,
   1.00000035334790227E+000 ,
   1.29443376873394966E-001 ,
  -4.62777120796938751E-002 ,
   0.00000000000000000E+000 ,
   1.00000037990368962E+000 ,
   1.34424145888558472E-001 ,
  -4.62276081222637025E-002 ,
   0.00000000000000000E+000 ,
   9.99995036026165018E-001 ,
   1.68516571874125914E-001 ,
  -4.48238673647159622E-002 ,
   0.00000000000000000E+000 ,
   9.99712672348154863E-001 ,
   4.52338991545470803E-001 ,
  -4.42653303551306943E-002 ,
   0.00000000000000000E+000 ,
   2.63781512685962102E-002 ,
   9.45046735896992507E-001 ,
  -5.15740322983319829E-002 ,
                        NaN ,
   3.62018225843067008E-007 ,
   9.95077521897847928E-001 ,
  -7.62143681298132619E-002 ,
                        NaN ,
   4.10360925080458545E-007 ,
   9.99650340629314904E-001 ,
  -9.02566260699891598E-002 ,
   1.56250000000000000E-002 ,
   2.89160242939582475E-007 ,
   9.99330415520314763E-001 ,
  -9.24071209174587432E-002 ,
   1.56250000000000000E-002 ,
   3.85590281044232339E-007 ,
   9.97610711585659060E-001 ,
  -8.20714629789509875E-002 ,
   1.56250000000000000E-002 ,
   1.11105115292613383E-003 ,
   9.74549126824699408E-001 ,
  -5.78315012696220265E-002 ,
   0.00000000000000000E+000 ,
   9.93496010254903306E-001 ,
   7.92930623583008809E-001 ,
  -4.48884604875856505E-002 ,
   0.00000000000000000E+000 ,
   9.99186810741677034E-001 ,
   2.48470575085895956E-001 ,
  -4.60173765116287242E-002 ,
   0.00000000000000000E+000 ,
   9.99956031593697725E-001 ,
   1.52217323723527614E-001 ,
  -4.56890777443680618E-002 ,
   0.00000000000000000E+000 ,
   9.99999848067319896E-001 ,
   1.38286913131987127E-001 ,
  -4.53691045929367695E-002 ,
   0.00000000000000000E+000 ,
   9.93637965753280228E-001 ,
   1.60095450684612534E-001 ,
  -4.45399630557635623E-002 ,
   0.00000000000000000E+000 ,
   9.92949332704561094E-001 ,
   5.03178604640003524E-001 ,
  -4.42546171676007696E-002 ,
   0.00000000000000000E+000 ,
   6.97312860567298021E-001 ,
   9.21967883398438937E-001 ,
  -4.46270051006046053E-002 ,
   0.00000000000000000E+000 ,
   3.77645273331557497E-007 ,
   9.91772413408645193E-001 ,
  -7.22946871038611383E-002 ,
   0.00000000000000000E+000 ,
   3.93638737555983792E-007 ,
   9.99321119614582032E-001 ,
  -8.80873221446193261E-002 ,
   1.56250000000000000E-002 ,
   3.05629176680077082E-007 ,
   9.99491185051814335E-001 ,
  -8.91123480317905087E-002 ,
   1.56250000000000000E-002 ,
   3.69899853996971113E-007 ,
   9.94629075284723219E-001 ,
  -7.59491875288978713E-002 ,
   1.56250000000000000E-002 ,
   1.57604154736815018E-003 ,
   9.59219694924338895E-001 ,
  -5.45194297501973915E-002 ,
   0.00000000000000000E+000 ,
   9.96372319742805823E-001 ,
   7.82438346817974195E-001 ,
  -4.59645325333754851E-002 ,
   0.00000000000000000E+000 ,
   9.99114232850066619E-001 ,
   3.67351449399760721E-001 ,
  -4.43858746121926773E-002 ,
   0.00000000000000000E+000 ,
   9.99865322493851738E-001 ,
   1.48314420182130952E-001 ,
  -4.41668130905917070E-002 ,
   0.00000000000000000E+000 ,
   9.97557245304269147E-001 ,
   4.75876573791388979E-001 ,
  -4.42188586746907891E-002 ,
   0.00000000000000000E+000 ,
   7.07710844440876841E-001 ,
   8.18762700898981732E-001 ,
  -4.45459841968217432E-002 ,
   0.00000000000000000E+000 ,
   1.25490915876911129E-002 ,
   9.59179900691658593E-001 ,
  -5.38441751585988435E-002 ,
   0.00000000000000000E+000 ,
   3.28289048567280435E-007 ,
   9.94520111955511932E-001 ,
  -7.57022705298296822E-002 ,
   0.00000000000000000E+000 ,
   3.65512137889122932E-007 ,
   9.99482864718486907E-001 ,
  -8.89395884689456739E-002 ,
   7.81250000000000000E-003 ,
   6.90842212650978530E-007 ,
   9.99703949268289649E-001 ,
  -9.38242720218585569E-002 ,
   1.56250000000000000E-002 ,
   4.49202579708431527E-007 ,
   9.99071398917054543E-001 ,
  -8.69351843952055892E-002 ,
   7.81250000000000000E-003 ,
   3.21266719021261666E-007 ,
   9.92961793680853466E-001 ,
  -7.48316530549889142E-002 ,
   0.00000000000000000E+000 ,
   4.64443627630071847E-003 ,
   9.63496834780584566E-001 ,
  -5.67447994444370621E-002 ,
   0.00000000000000000E+000 ,
   6.98160884771690804E-001 ,
   8.77738195712636893E-001 ,
  -4.50968575476895575E-002 ,
   0.00000000000000000E+000 ,
   7.69870881369101756E-001 ,
   7.12457130312529441E-001 ,
  -4.41769003291283477E-002 ,
   0.00000000000000000E+000 ,
   7.60905131777641963E-001 ,
   8.13044296953160939E-001 ,
  -4.42197954743633603E-002 ,
   0.00000000000000000E+000 ,
   1.02147059576137011E-002 ,
   9.35219572641806440E-001 ,
  -5.27592760076791081E-002 ,
   0.00000000000000000E+000 ,
   4.75556849507486088E-007 ,
   9.83622825402186818E-001 ,
  -6.89404966121884150E-002 ,
   0.00000000000000000E+000 ,
   3.72458506305128129E-007 ,
   9.97302043424361351E-001 ,
  -8.17826532163773712E-002 ,
   0.00000000000000000E+000 ,
   3.96667505670460955E-007 ,
   9.99700645690239753E-001 ,
  -9.08600629875137705E-002 ,
   7.81250000000000000E-003 ,
   3.94345507536284234E-007 ,
   9.99864919951255593E-001 ,
  -9.41692385933718679E-002 ,
   7.81250000000000000E-003 ,
   4.23245207969363999E-007 ,
   9.99627226259947599E-001 ,
  -8.87915784791332013E-002 ,
   7.81250000000000000E-003 ,
   3.73740977175557485E-007 ,
   9.97869029945327113E-001 ,
  -8.07597304423880863E-002 ,
   0.00000000000000000E+000 ,
   4.03088581393534875E-007 ,
   9.91857372489398093E-001 ,
  -7.16628938544077304E-002 ,
   0.00000000000000000E+000 ,
   3.56969465492977725E-006 ,
   9.79414365927072650E-001 ,
  -6.41044952771919058E-002 ,
   0.00000000000000000E+000 ,
   4.37848431375760050E-006 ,
   9.72487178274512698E-001 ,
  -6.38295668697024393E-002 ,
   0.00000000000000000E+000 ,
   3.69424837549380122E-007 ,
   9.86513138857747052E-001 ,
  -6.74875256239343829E-002 ,
   0.00000000000000000E+000 ,
   4.35827581252709175E-007 ,
   9.95680784459368362E-001 ,
  -7.69669045108572203E-002 ,
   0.00000000000000000E+000 ,
   4.34125800119741284E-007 ,
   9.99067160873463367E-001 ,
  -8.53996783290190409E-002 ,
   0.00000000000000000E+000 ,
   3.07852772525457356E-007 ,
   9.99864324928534609E-001 ,
  -9.17994361001869680E-002 ,
   0.00000000000000000E+000 ,
   3.55616112933876412E-007 ,
   9.99546651312935075E-001 ,
  -9.30458291107354035E-002 ,
   0.00000000000000000E+000 ,
   3.50138557245391259E-007 ,
   9.98648189380534013E-001 ,
  -9.04830210840612548E-002 ,
   0.00000000000000000E+000 ,
   3.61342238182658364E-007 ,
   9.96798042393557071E-001 ,
  -8.78531225207297983E-002 ,
   0.00000000000000000E+000 ,
   3.00445171191686441E-007 ,
   9.94033809743013697E-001 ,
  -8.59636144876102098E-002 ,
  -9.37500000000000139E-003 ,
   4.10710107737593082E-007 ,
   9.91504426117056137E-001 ,
  -8.56154443385124947E-002 ,
   0.00000000000000000E+000 ,
   3.35782477359205489E-007 ,
   9.95027637795427244E-001 ,
  -8.59923589182091802E-002 ,
   0.00000000000000000E+000 ,
   3.46856106768429276E-007 ,
   9.98162317262803800E-001 ,
  -8.87117754571768169E-002 ,
   0.00000000000000000E+000 ,
   3.91824336866412032E-007 ,
   9.99548103386911579E-001 ,
  -9.22300659278844220E-002 ,
   0.00000000000000000E+000 ,
   2.76897701501888379E-007 ,
   9.99801156934261304E-001 ,
  -9.37488170569088508E-002 ,
   0.00000000000000000E+000 ,
   2.96315705524787077E-007 ,
   9.99546319888956036E-001 ,
  -9.21673956339046918E-002 ,
   0.00000000000000000E+000 ,
   3.21171841007792774E-007 ,
   9.99188450633465397E-001 ,
  -9.10910383934535051E-002 ,
  -1.25000000000000007E-002 ,
   4.07052655554296327E-007 ,
   9.98881529043764482E-001 ,
  -9.08985003076168835E-002 ,
   0.00000000000000000E+000 ,
   4.57380417237379409E-007 ,
   9.99312232114933918E-001 ,
  -9.10954676583237283E-002 ,
   0.00000000000000000E+000 ,
   3.85458990267097812E-007 ,
   9.99731624629548121E-001 ,
  -9.26401111239122804E-002 ,
   0.00000000000000000E+000 ,
   4.02816073518640813E-007 ,
   9.99931088400678347E-001 ,
  -9.47887867327424222E-002 ,
