1
0
4
0
(15 0
((0,184) (15,199) (0,0))
((0,200) (15,231) (0,0))
((0,232) (15,263) (0,0))
((0,264) (15,295) (0,0))
((0,296) (15,327) (0,0))
((16,184) (47,199) (0,0))
((16,200) (47,231) (0,0))
((16,232) (47,263) (0,0))
((16,264) (47,295) (0,0))
((16,296) (47,327) (0,0))
((48,184) (79,199) (0,0))
((48,200) (79,231) (0,0))
((48,232) (79,263) (0,0))
((48,264) (79,295) (0,0))
((48,296) (79,327) (0,0))
)
15
FabOnDisk: Cell_D_00000 0
FabOnDisk: Cell_D_00000 8277
FabOnDisk: Cell_D_00000 24746
FabOnDisk: Cell_D_00000 41215
FabOnDisk: Cell_D_00000 57684
FabOnDisk: Cell_D_00000 74153
FabOnDisk: Cell_D_00000 90623
FabOnDisk: Cell_D_00000 123477
FabOnDisk: Cell_D_00000 156331
FabOnDisk: Cell_D_00000 189185
FabOnDisk: Cell_D_00000 222039
FabOnDisk: Cell_D_00000 238509
FabOnDisk: Cell_D_00000 271363
FabOnDisk: Cell_D_00000 304217
FabOnDisk: Cell_D_00000 337071

15,4
  -2.12248985661111356E-314 ,
   0.00000000000000000E+000 ,
   1.00000000000000000E+000 ,
  -1.00000000000000006E-001 ,
   0.00000000000000000E+000 ,
  -3.29314948959842361E-008 ,
   9.99999919748832067E-001 ,
  -1.00000000000000006E-001 ,
  -1.00000000000000006E-001 ,
  -3.09387330971809909E-008 ,
   2.27275905454794739E-003 ,
  -9.99999999947413648E-002 ,
  -1.00000000000000006E-001 ,
  -3.97473610402479925E-008 ,
   9.83328087693774666E-001 ,
  -1.00000000000000006E-001 ,
  -1.00000000000000006E-001 ,
   0.00000000000000000E+000 ,
   9.99999920080602567E-001 ,
  -1.00000000000000006E-001 ,
   0.00000000000000000E+000 ,
   0.00000000000000000E+000 ,
   1.00000000000000000E+000 ,
  -1.00000000000000006E-001 ,
   0.00000000000000000E+000 ,
  -3.00094129407906998E-008 ,
   9.99999894008917867E-001 ,
  -1.00000000000000006E-001 ,
  -1.00000000000000006E-001 ,
  -5.59713357829487403E-008 ,
   9.99980023413182373E-001 ,
  -1.00000000000000006E-001 ,
  -2.50000000000000014E-002 ,
  -4.12763573930578602E-008 ,
   9.99999881254794887E-001 ,
  -1.00000000000000006E-001 ,
   1.00000000000000000E+000 ,
   0.00000000000000000E+000 ,
   9.99999972305292362E-001 ,
  -1.00000000000000006E-001 ,
  -1.00000000000000006E-001 ,
   0.00000000000000000E+000 ,
   1.00000000000000000E+000 ,
  -1.00000000000000006E-001 ,
  -1.00000000000000006E-001 ,
   0.00000000000000000E+000 ,
   9.99999999993592015E-001 ,
  -1.00000000000000006E-001 ,
   0.00000000000000000E+000 ,
   0.00000000000000000E+000 ,
   9.99999999991894373E-001 ,
  -1.00000000000000006E-001 ,
  -1.00000000000000006E-001 ,
   0.00000000000000000E+000 ,
   9.99999999989580002E-001 ,
  -1.00000000000000006E-001 ,
  -1.00000000000000006E-001 ,
   0.00000000000000000E+000 ,
   9.99999999999366507E-001 ,
  -1.00000000000000006E-001 ,

15,4
   2.12199579096541806E-308 ,
   0.00000000000000000E+000 ,
   1.00000000000000000E+000 ,
  -1.00000000000000006E-001 ,
   1.00000000000000000E+000 ,
   3.87645394360167926E-008 ,
   1.00000008779785676E+000 ,
  -1.00000000000000006E-001 ,
   5.00000000000000000E-001 ,
   1.00000001656008797E+000 ,
   1.00000005924730928E+000 ,
  -4.86773868720836046E-003 ,
   1.00000000000000000E+000 ,
   9.80178955251262954E-008 ,
   1.00000010010806828E+000 ,
  -1.00000000000000006E-001 ,
   1.09722098628424033E-318 ,
   2.06829077489064079E-008 ,
   1.00000001331675592E+000 ,
  -1.00000000000000006E-001 ,
   0.00000000000000000E+000 ,
   0.00000000000000000E+000 ,
   1.00000000000000000E+000 ,
  -1.00000000000000006E-001 ,
   1.00000000000000000E+000 ,
   3.79198726910546593E-008 ,
   1.00000011329520455E+000 ,
  -1.00000000000000006E-001 ,
   1.00000000000000000E+000 ,
   3.89568776685876162E-008 ,
   1.00000014888416699E+000 ,
  -1.00000000000000006E-001 ,
   1.00000000000000000E+000 ,
   4.58062476353936683E-008 ,
   1.00000012659433812E+000 ,
  -1.00000000000000006E-001 ,
   1.00000000000000000E+000 ,
   0.00000000000000000E+000 ,
   1.00000001363171753E+000 ,
  -1.00000000000000006E-001 ,
  -1.00000000000000006E-001 ,
   0.00000000000000000E+000 ,
   1.00000000000000000E+000 ,
  -1.00000000000000006E-001 ,
   1.37152623285530041E-318 ,
   0.00000000000000000E+000 ,
   1.00000000000155675E+000 ,
  -1.00000000000000006E-001 ,
   1.00000000000000000E+000 ,
   0.00000000000000000E+000 ,
   1.00000000002188871E+000 ,
  -1.00000000000000006E-001 ,
   1.00000000000000000E+000 ,
   0.00000000000000000E+000 ,
   1.00000000001694067E+000 ,
  -1.00000000000000006E-001 ,
   1.50867885614083045E-318 ,
   0.00000000000000000E+000 ,
   1.00000000000000000E+000 ,
  -1.00000000000000006E-001 ,
