1
0
4
0
(8 0
((0,72) (31,87) (0,0))
((0,88) (31,119) (0,0))
((0,120) (31,151) (0,0))
((0,152) (31,183) (0,0))
((32,72) (63,87) (0,0))
((32,88) (63,119) (0,0))
((32,120) (63,151) (0,0))
((32,152) (63,183) (0,0))
)
8
FabOnDisk: Cell_D_00000 0
FabOnDisk: Cell_D_00000 16467
FabOnDisk: Cell_D_00000 49319
FabOnDisk: Cell_D_00000 82172
FabOnDisk: Cell_D_00000 115025
FabOnDisk: Cell_D_00000 131493
FabOnDisk: Cell_D_00000 164346
FabOnDisk: Cell_D_00000 197200

8,4
  -1.00000000000000006E-001 ,
  -1.54939901164136239E-007 ,
   9.80291614762516583E-001 ,
  -9.90857728720477560E-002 ,
  -1.00000000000000006E-001 ,
  -7.26162229317096046E-008 ,
   1.22856386466407300E-001 ,
  -9.56395399426838294E-002 ,
   0.00000000000000000E+000 ,
  -6.10810930744022981E-008 ,
   1.07212413957048780E-001 ,
  -8.31918860857904091E-002 ,
   0.00000000000000000E+000 ,
  -1.57997921423771286E-007 ,
   1.26274198330013576E-001 ,
  -9.90553417480143500E-002 ,
  -8.74999999999999944E-002 ,
  -2.02636153789723454E-007 ,
   9.99407422312572846E-001 ,
  -9.99282265194330749E-002 ,
  -1.00000000000000006E-001 ,
  -2.79882385375654729E-007 ,
   6.82037987564466874E-001 ,
  -9.97274702212594538E-002 ,
  -1.25000000000000007E-002 ,
  -1.87706719061315432E-007 ,
   4.56848915237808906E-001 ,
  -9.92718730491950196E-002 ,
   0.00000000000000000E+000 ,
  -2.06669614036837026E-007 ,
   9.70450781632779869E-001 ,
  -9.99260424719906198E-002 ,

8,4
   1.56250000000000000E-002 ,
   1.66789574181560258E-007 ,
   9.99994551148966737E-001 ,
  -8.74786104327051756E-002 ,
   1.56250000000000000E-002 ,
   9.99999421097785834E-001 ,
   9.99030633461962969E-001 ,
  -4.48224822759475672E-002 ,
   0.00000000000000000E+000 ,
   1.00000006793307561E+000 ,
   9.55279606063868414E-001 ,
  -4.41885903101187430E-002 ,
   0.00000000000000000E+000 ,
   9.95331397844423260E-001 ,
   9.99994364208257047E-001 ,
  -4.46939214931124096E-002 ,
   7.81250000000000000E-003 ,
   2.45321583032475085E-007 ,
   1.00000094254568883E+000 ,
  -9.62985904922436103E-002 ,
   7.81250000000000000E-003 ,
   1.32943363117951132E-006 ,
   1.00000009123905276E+000 ,
  -6.42659967115109115E-002 ,
   0.00000000000000000E+000 ,
   4.99448551700669256E-003 ,
   9.99997524765938839E-001 ,
  -5.60522990734548879E-002 ,
   0.00000000000000000E+000 ,
   1.97765371177698030E-007 ,
   1.00000059235817007E+000 ,
  -8.56131207696941565E-002 ,
