1
0
4
0
(28 0
((0,152) (15,167) (0,0))
((0,168) (15,199) (0,0))
((0,200) (15,231) (0,0))
((0,232) (15,263) (0,0))
((0,264) (15,295) (0,0))
((0,296) (15,327) (0,0))
((0,328) (15,359) (0,0))
((16,152) (47,167) (0,0))
((16,168) (47,199) (0,0))
((16,200) (47,231) (0,0))
((16,232) (47,263) (0,0))
((16,264) (47,295) (0,0))
((16,296) (47,327) (0,0))
((16,328) (47,359) (0,0))
((48,152) (79,167) (0,0))
((48,168) (79,199) (0,0))
((48,200) (79,231) (0,0))
((48,232) (79,263) (0,0))
((48,264) (79,295) (0,0))
((48,296) (79,327) (0,0))
((48,328) (79,359) (0,0))
((80,152) (111,167) (0,0))
((80,168) (111,199) (0,0))
((80,200) (111,231) (0,0))
((80,232) (111,263) (0,0))
((80,264) (111,295) (0,0))
((80,296) (111,327) (0,0))
((80,328) (111,359) (0,0))
)
28
FabOnDisk: Cell_D_00000 0
FabOnDisk: Cell_D_00000 8277
FabOnDisk: Cell_D_00000 24746
FabOnDisk: Cell_D_00000 41215
FabOnDisk: Cell_D_00000 57684
FabOnDisk: Cell_D_00000 74153
FabOnDisk: Cell_D_00000 90622
FabOnDisk: Cell_D_00000 107091
FabOnDisk: Cell_D_00000 123561
FabOnDisk: Cell_D_00000 156415
FabOnDisk: Cell_D_00000 189269
FabOnDisk: Cell_D_00000 222123
FabOnDisk: Cell_D_00000 254977
FabOnDisk: Cell_D_00000 287831
FabOnDisk: Cell_D_00000 320685
FabOnDisk: Cell_D_00000 337155
FabOnDisk: Cell_D_00000 370009
FabOnDisk: Cell_D_00000 402863
FabOnDisk: Cell_D_00000 435717
FabOnDisk: Cell_D_00000 468571
FabOnDisk: Cell_D_00000 501425
FabOnDisk: Cell_D_00000 534279
FabOnDisk: Cell_D_00000 550750
FabOnDisk: Cell_D_00000 583605
FabOnDisk: Cell_D_00000 616460
FabOnDisk: Cell_D_00000 649315
FabOnDisk: Cell_D_00000 682170
FabOnDisk: Cell_D_00000 715025

28,4
   0.00000000000000000E+000 ,
  -2.16213789396139107E-007 ,
   9.94508729063124153E-001 ,
  -9.66779367106527926E-002 ,
  -4.21875000000000028E-002 ,
  -2.11960759621139531E-007 ,
   1.62859055848190160E-001 ,
  -9.19207996185401749E-002 ,
   0.00000000000000000E+000 ,
   2.75728707658030793E-004 ,
   1.25087444877828496E-001 ,
  -5.57415352330491165E-002 ,
   0.00000000000000000E+000 ,
   2.09806164169957260E-001 ,
   1.15042549870140287E-001 ,
  -4.70799149904702202E-002 ,
   0.00000000000000000E+000 ,
   6.63269075590350483E-003 ,
   1.17441117427020819E-001 ,
  -4.70324625591651280E-002 ,
   0.00000000000000000E+000 ,
  -1.50980545002100626E-007 ,
   1.25720363565616361E-001 ,
  -7.97756211107235463E-002 ,
                        NaN ,
  -2.04681530340773685E-007 ,
   9.16035846806390719E-001 ,
  -9.65960060132359660E-002 ,
  -1.00000000000000006E-001 ,
  -2.09686836986317408E-007 ,
   9.95798680453038543E-001 ,
  -9.79872104400036220E-002 ,
  -4.21875000000000028E-002 ,
  -1.90877439563196865E-007 ,
   5.63097871867635713E-001 ,
  -9.54208625374067809E-002 ,
  -4.21875000000000028E-002 ,
  -1.25260699789095198E-007 ,
   1.22157533339297297E-001 ,
  -7.76313466089065540E-002 ,
   0.00000000000000000E+000 ,
   1.11474822892178110E-001 ,
   1.07438237576805248E-001 ,
  -4.73784431847430951E-002 ,
   0.00000000000000000E+000 ,
   4.85050175086678933E-005 ,
   1.12110595350327344E-001 ,
  -5.91778654235283821E-002 ,
   0.00000000000000000E+000 ,
  -2.10536450616522001E-007 ,
   1.19695838521004946E-001 ,
  -8.94910096901037067E-002 ,
   0.00000000000000000E+000 ,
  -2.37155502305309376E-007 ,
   9.45891599766572000E-001 ,
  -9.79231745478214843E-002 ,
  -8.74999999999999944E-002 ,
  -2.55326816609598430E-007 ,
   9.99191152218745660E-001 ,
  -9.92282451980157076E-002 ,
  -1.00000000000000006E-001 ,
  -1.88569747668098702E-007 ,
   9.24398256958492537E-001 ,
  -9.83848885437921539E-002 ,
  -1.00000000000000006E-001 ,
  -1.50228160223395872E-007 ,
   1.40151278609416424E-001 ,
  -9.39367580715820411E-002 ,
  -1.25000000000000007E-002 ,
  -1.68912739871736377E-007 ,
   1.07052376816879874E-001 ,
  -8.50798559700738921E-002 ,
  -9.37500000000000139E-003 ,
  -1.57969982191671928E-007 ,
   1.11895456144263661E-001 ,
  -8.99434227226192373E-002 ,
   0.00000000000000000E+000 ,
  -2.04869981457585163E-007 ,
   6.31977651194060464E-001 ,
  -9.67127382424368964E-002 ,
   0.00000000000000000E+000 ,
  -2.74080082158426458E-007 ,
   9.90747875755305429E-001 ,
  -9.92015277228022740E-002 ,
  -8.74999999999999944E-002 ,
  -2.06747515148672950E-007 ,
   9.99966567780984694E-001 ,
  -9.97891279069947346E-002 ,
  -8.74999999999999944E-002 ,
  -2.69655562494782426E-007 ,
   9.97940883251801081E-001 ,
  -9.95818225017495867E-002 ,
  -8.74999999999999944E-002 ,
  -2.58319658740407040E-007 ,
   9.73742293341630427E-001 ,
  -9.86856118870498289E-002 ,
  -1.25000000000000007E-002 ,
  -2.14356635466073438E-007 ,
   9.45790042575622270E-001 ,
  -9.73494713681148927E-002 ,
  -1.25000000000000007E-002 ,
  -2.34184508355496887E-007 ,
   9.50895629653583319E-001 ,
  -9.80058905006492287E-002 ,
   0.00000000000000000E+000 ,
  -2.50153617277359289E-007 ,
   9.91170144554033183E-001 ,
  -9.92138432633768996E-002 ,
   0.00000000000000000E+000 ,
  -2.65326815680409544E-007 ,
   9.99682666689808985E-001 ,
  -9.97820362261764987E-002 ,

28,4
   0.00000000000000000E+000 ,
   1.74937044271686904E-007 ,
   9.99672599086951719E-001 ,
  -9.18866606476294173E-002 ,
   0.00000000000000000E+000 ,
   7.22825598233769906E-001 ,
   9.94889738201213181E-001 ,
  -4.55951525286571110E-002 ,
   0.00000000000000000E+000 ,
   9.99977652322880384E-001 ,
   4.90611584704479908E-001 ,
  -4.47898843588710113E-002 ,
   0.00000000000000000E+000 ,
   1.00000020554033053E+000 ,
   1.44051296369045623E-001 ,
  -4.64137711101613101E-002 ,
   0.00000000000000000E+000 ,
   1.00000013810179800E+000 ,
   1.77235695104001556E-001 ,
  -4.58894508531682427E-002 ,
   0.00000000000000000E+000 ,
   9.99980177316509011E-001 ,
   9.34455972225827214E-001 ,
  -4.46670512522282862E-002 ,
                        NaN ,
   1.97535059114909420E-007 ,
   9.99672971203115268E-001 ,
  -7.87136184534216327E-002 ,
   1.56250000000000000E-002 ,
   2.93434874525289494E-007 ,
   9.99928483173855187E-001 ,
  -9.24303039314902652E-002 ,
   1.56250000000000000E-002 ,
   1.54447412451465445E-005 ,
   9.98979396202207881E-001 ,
  -5.82263124944710428E-002 ,
   1.56250000000000000E-002 ,
   9.99910944281610758E-001 ,
   9.06406177496405063E-001 ,
  -4.48592581603984367E-002 ,
   0.00000000000000000E+000 ,
   1.00000012671750538E+000 ,
   1.70258795853598460E-001 ,
  -4.48332264887563933E-002 ,
   0.00000000000000000E+000 ,
   1.00000011564490965E+000 ,
   5.62935523751490363E-001 ,
  -4.42954091423428745E-002 ,
   0.00000000000000000E+000 ,
   9.96146022112908702E-001 ,
   9.88445670736563198E-001 ,
  -4.42637798388148887E-002 ,
   0.00000000000000000E+000 ,
   3.21930441892670960E-007 ,
   9.99927903139487650E-001 ,
  -8.11058129290431612E-002 ,
   3.90625000000000000E-003 ,
   2.94460082688427283E-007 ,
   9.99996748210786657E-001 ,
  -9.57582542565408729E-002 ,
   1.56250000000000000E-002 ,
   2.35576111046389159E-007 ,
   9.99955935596644196E-001 ,
  -7.93485479922351467E-002 ,
   1.56250000000000000E-002 ,
   9.41361245085463039E-001 ,
   9.97388436060664629E-001 ,
  -4.59763197824933564E-002 ,
   0.00000000000000000E+000 ,
   9.94897622014997096E-001 ,
   9.68027477121065516E-001 ,
  -4.41755547536565596E-002 ,
   0.00000000000000000E+000 ,
   9.76760153235493478E-001 ,
   9.89057782978034927E-001 ,
  -4.42244111377210203E-002 ,
   0.00000000000000000E+000 ,
   3.80129679733713484E-006 ,
   9.99590008185349377E-001 ,
  -6.19004299851441120E-002 ,
   0.00000000000000000E+000 ,
   2.84016578482912541E-007 ,
   9.99996509687312018E-001 ,
  -9.02878728470409841E-002 ,
   0.00000000000000000E+000 ,
   2.33938283495427937E-007 ,
   1.00000065722453346E+000 ,
  -9.85132377068332482E-002 ,
   0.00000000000000000E+000 ,
   3.21031119572416335E-007 ,
   9.99999775625117659E-001 ,
  -9.44079010698758853E-002 ,
   0.00000000000000000E+000 ,
   2.92931103286284213E-007 ,
   9.99980799258306297E-001 ,
  -8.61190767528342144E-002 ,
   0.00000000000000000E+000 ,
   2.18730697372915587E-007 ,
   9.99821889203103553E-001 ,
  -8.20764631099018122E-002 ,
   0.00000000000000000E+000 ,
   2.19227694076938978E-007 ,
   9.99927949812477901E-001 ,
  -8.26429659227547742E-002 ,
   0.00000000000000000E+000 ,
   2.53063740792517409E-007 ,
   9.99996671232954437E-001 ,
  -9.06849504548356972E-002 ,
   0.00000000000000000E+000 ,
   2.53373939105558510E-007 ,
   1.00000076019402795E+000 ,
  -9.69721961483048095E-002 ,
