1
0
4
0
(2 0
((0,96) (31,127) (0,0))
((0,128) (31,159) (0,0))
)
2
FabOnDisk: Cell_D_00000 0
FabOnDisk: Cell_D_00000 32852

2,4
  -1.00000000000000006E-001 ,
  -1.97984474142203842E-007 ,
   1.18919248020461069E-001 ,
  -9.99995863217537084E-002 ,
  -1.25000000000000007E-002 ,
  -1.54024130852855291E-007 ,
   1.19991774547705127E-001 ,
  -9.99995369627108277E-002 ,

2,4
   5.00000000000000000E-001 ,
   9.99921247398096069E-001 ,
   1.00000104477573415E+000 ,
  -5.25076999927408042E-002 ,
   1.00000000000000000E+000 ,
   9.99919690739306755E-001 ,
   1.00000079822124599E+000 ,
  -5.22697248516618140E-002 ,
