1
0
4
0
(45 0
((0,120) (15,135) (0,0))
((0,136) (15,167) (0,0))
((0,168) (15,199) (0,0))
((0,200) (15,231) (0,0))
((0,232) (15,263) (0,0))
((0,264) (15,295) (0,0))
((0,296) (15,327) (0,0))
((0,328) (15,359) (0,0))
((0,360) (15,391) (0,0))
((16,120) (47,135) (0,0))
((16,136) (47,167) (0,0))
((16,168) (47,199) (0,0))
((16,200) (47,231) (0,0))
((16,232) (47,263) (0,0))
((16,264) (47,295) (0,0))
((16,296) (47,327) (0,0))
((16,328) (47,359) (0,0))
((16,360) (47,391) (0,0))
((48,120) (79,135) (0,0))
((48,136) (79,167) (0,0))
((48,168) (79,199) (0,0))
((48,200) (79,231) (0,0))
((48,232) (79,263) (0,0))
((48,264) (79,295) (0,0))
((48,296) (79,327) (0,0))
((48,328) (79,359) (0,0))
((48,360) (79,391) (0,0))
((80,120) (111,135) (0,0))
((80,136) (111,167) (0,0))
((80,168) (111,199) (0,0))
((80,200) (111,231) (0,0))
((80,232) (111,263) (0,0))
((80,264) (111,295) (0,0))
((80,296) (111,327) (0,0))
((80,328) (111,359) (0,0))
((80,360) (111,391) (0,0))
((112,120) (143,135) (0,0))
((112,136) (143,167) (0,0))
((112,168) (143,199) (0,0))
((112,200) (143,231) (0,0))
((112,232) (143,263) (0,0))
((112,264) (143,295) (0,0))
((112,296) (143,327) (0,0))
((112,328) (143,359) (0,0))
((112,360) (143,391) (0,0))
)
45
FabOnDisk: Cell_D_00000 0
FabOnDisk: Cell_D_00000 8277
FabOnDisk: Cell_D_00000 24746
FabOnDisk: Cell_D_00000 41215
FabOnDisk: Cell_D_00000 57684
FabOnDisk: Cell_D_00000 74153
FabOnDisk: Cell_D_00000 90622
FabOnDisk: Cell_D_00000 107091
FabOnDisk: Cell_D_00000 123560
FabOnDisk: Cell_D_00000 140029
FabOnDisk: Cell_D_00000 156499
FabOnDisk: Cell_D_00000 189353
FabOnDisk: Cell_D_00000 222207
FabOnDisk: Cell_D_00000 255061
FabOnDisk: Cell_D_00000 287915
FabOnDisk: Cell_D_00000 320769
FabOnDisk: Cell_D_00000 353623
FabOnDisk: Cell_D_00000 386477
FabOnDisk: Cell_D_00000 419331
FabOnDisk: Cell_D_00000 435801
FabOnDisk: Cell_D_00000 468655
FabOnDisk: Cell_D_00000 501509
FabOnDisk: Cell_D_00000 534363
FabOnDisk: Cell_D_00000 567217
FabOnDisk: Cell_D_00000 600071
FabOnDisk: Cell_D_00000 632925
FabOnDisk: Cell_D_00000 665779
FabOnDisk: Cell_D_00000 698633
FabOnDisk: Cell_D_00000 715104
FabOnDisk: Cell_D_00000 747959
FabOnDisk: Cell_D_00000 780814
FabOnDisk: Cell_D_00000 813669
FabOnDisk: Cell_D_00000 846524
FabOnDisk: Cell_D_00000 879379
FabOnDisk: Cell_D_00000 912234
FabOnDisk: Cell_D_00000 945089
FabOnDisk: Cell_D_00000 977944
FabOnDisk: Cell_D_00000 994416
FabOnDisk: Cell_D_00000 1027272
FabOnDisk: Cell_D_00000 1060128
FabOnDisk: Cell_D_00000 1092984
FabOnDisk: Cell_D_00000 1125840
FabOnDisk: Cell_D_00000 1158696
FabOnDisk: Cell_D_00000 1191552
FabOnDisk: Cell_D_00000 1224408

45,4
   0.00000000000000000E+000 ,
  -3.25071178934402778E-007 ,
   9.93625641679841021E-001 ,
  -9.54976460939250954E-002 ,
   0.00000000000000000E+000 ,
  -1.77580807184241731E-007 ,
   2.00962153697423845E-001 ,
  -9.06778799927737689E-002 ,
   0.00000000000000000E+000 ,
   3.55550819964866888E-005 ,
   1.22063096299690546E-001 ,
  -5.83317927611952322E-002 ,
   0.00000000000000000E+000 ,
   2.03975144424114931E-003 ,
   1.49190720554695788E-001 ,
  -4.70693161989100273E-002 ,
   0.00000000000000000E+000 ,
   2.93931895068248350E-001 ,
   1.33192132706797306E-001 ,
  -4.67216948564255080E-002 ,
   0.00000000000000000E+000 ,
   2.23785262535925334E-003 ,
   1.35291372316488856E-001 ,
  -4.70688553399996948E-002 ,
   0.00000000000000000E+000 ,
   2.38395115735880441E-003 ,
   1.28124903423140202E-001 ,
  -4.64335545691468704E-002 ,
   0.00000000000000000E+000 ,
  -1.42377408513830147E-007 ,
   1.22938371341069178E-001 ,
  -7.96484520105682214E-002 ,
  -1.00000000000000006E-001 ,
  -1.95622650501822372E-007 ,
   9.25025985225039094E-001 ,
  -9.53907156284432983E-002 ,
   0.00000000000000000E+000 ,
  -2.42057824648012742E-007 ,
   9.94959602130702336E-001 ,
  -9.67990494100181009E-002 ,
  -6.18652343749999944E-002 ,
  -1.87948131574730074E-007 ,
   6.50961029089282661E-001 ,
  -9.37654551994499819E-002 ,
   0.00000000000000000E+000 ,
  -1.14876376575819420E-007 ,
   1.38544316852186239E-001 ,
  -7.60963417052750724E-002 ,
   0.00000000000000000E+000 ,
   4.72726900420181520E-003 ,
   1.40183274238031508E-001 ,
  -4.67193862292729009E-002 ,
   0.00000000000000000E+000 ,
   3.88875335775494685E-002 ,
   1.34486063312380888E-001 ,
  -4.70973950389516269E-002 ,
   0.00000000000000000E+000 ,
   1.80144746025244773E-002 ,
   1.36339529263407894E-001 ,
  -4.67185203283339845E-002 ,
   0.00000000000000000E+000 ,
   3.60961358521221353E-005 ,
   1.35241058474785403E-001 ,
  -5.63999959257451486E-002 ,
   0.00000000000000000E+000 ,
  -1.72722015747760373E-007 ,
   1.96198500810862597E-001 ,
  -8.77524483919388532E-002 ,
  -1.00000000000000006E-001 ,
  -2.20108198598768575E-007 ,
   9.50681527447751029E-001 ,
  -9.67255368899897494E-002 ,
   0.00000000000000000E+000 ,
  -2.09814609279246422E-007 ,
   9.98594442091145895E-001 ,
  -9.82921923471592046E-002 ,
  -8.74999999999999944E-002 ,
  -2.17688443260424967E-007 ,
   9.21878431648560981E-001 ,
  -9.68148474530765024E-002 ,
  -8.74999999999999944E-002 ,
  -2.49404720321703079E-007 ,
   1.57064309716970635E-001 ,
  -8.95067410451468315E-002 ,
   0.00000000000000000E+000 ,
  -7.57026836304597925E-008 ,
   1.30452532487019240E-001 ,
  -6.91617101494877567E-002 ,
   0.00000000000000000E+000 ,
   5.90095431570270522E-004 ,
   1.26911059533751258E-001 ,
  -4.96510697702958678E-002 ,
   0.00000000000000000E+000 ,
   5.96721535097080374E-007 ,
   1.35441305552912061E-001 ,
  -6.08699680437278234E-002 ,
   0.00000000000000000E+000 ,
  -1.78950563043129940E-007 ,
   1.27112246158000042E-001 ,
  -8.26673399849436330E-002 ,
   0.00000000000000000E+000 ,
  -2.13514262131406242E-007 ,
   5.83428880930706328E-001 ,
  -9.42074338977706843E-002 ,
   0.00000000000000000E+000 ,
  -2.26900132181573876E-007 ,
   9.88782610443506460E-001 ,
  -9.82594719876878075E-002 ,
  -8.74999999999999944E-002 ,
  -2.51686481171861178E-007 ,
   9.99827338129631205E-001 ,
  -9.92881736491825623E-002 ,
  -8.74999999999999944E-002 ,
  -2.81133381278707151E-007 ,
   9.92384359841167019E-001 ,
  -9.87244587882352698E-002 ,
  -8.74999999999999944E-002 ,
  -2.06970233254786562E-007 ,
   8.36377286781930240E-001 ,
  -9.63144005562254629E-002 ,
  -8.74999999999999944E-002 ,
  -2.20239451476212788E-007 ,
   3.21644530833822606E-001 ,
  -9.14520657845455942E-002 ,
  -1.25000000000000007E-002 ,
  -1.73062914636282731E-007 ,
   1.39404210558469022E-001 ,
  -8.56281196849039833E-002 ,
  -1.25000000000000007E-002 ,
  -1.70074575398404156E-007 ,
   1.58853844911823167E-001 ,
  -8.89958792786046254E-002 ,
  -9.37500000000000139E-003 ,
  -2.22089443344029860E-007 ,
   7.10617616339445646E-001 ,
  -9.45085044720423706E-002 ,
   0.00000000000000000E+000 ,
  -1.90213085777666218E-007 ,
   9.68005001310607294E-001 ,
  -9.78213992812044103E-002 ,
   0.00000000000000000E+000 ,
  -2.83594682230379413E-007 ,
   9.98764295827745174E-001 ,
  -9.92772975299953953E-002 ,
  -8.74999999999999944E-002 ,
  -2.16671236780998713E-007 ,
   9.99991517061574187E-001 ,
  -9.97547873280975467E-002 ,
  -8.74999999999999944E-002 ,
  -2.85905379988213239E-007 ,
   9.99706828457648244E-001 ,
  -9.95729534986294629E-002 ,
  -8.74999999999999944E-002 ,
  -2.69309103486201355E-007 ,
   9.95890646611478969E-001 ,
  -9.88703144431460623E-002 ,
  -8.74999999999999944E-002 ,
  -1.98502128219434474E-007 ,
   9.80718017865928160E-001 ,
  -9.76870186792439393E-002 ,
  -1.25000000000000007E-002 ,
  -2.40301969416704473E-007 ,
   9.71598799064705254E-001 ,
  -9.64733350123210681E-002 ,
  -1.25000000000000007E-002 ,
  -2.87777592179074412E-007 ,
   9.73463560799417760E-001 ,
  -9.70898671450691197E-002 ,
  -1.25000000000000007E-002 ,
  -2.07483547034078099E-007 ,
   9.91156679207014779E-001 ,
  -9.83711860974595537E-002 ,
   0.00000000000000000E+000 ,
  -2.89998556444532187E-007 ,
   9.98937539956108567E-001 ,
  -9.92937704085563727E-002 ,
   0.00000000000000000E+000 ,
  -2.70641485678358492E-007 ,
   9.99946703663484926E-001 ,
  -9.97514525652375417E-002 ,

45,4
   0.00000000000000000E+000 ,
   2.55140508829315437E-007 ,
   9.99448191406430153E-001 ,
  -9.05758795211865364E-002 ,
   2.59399414062500000E-003 ,
   5.75285339894700876E-001 ,
   9.94012943029668250E-001 ,
  -4.57558911939779100E-002 ,
   0.00000000000000000E+000 ,
   9.99999841758502983E-001 ,
   5.83794479510767794E-001 ,
  -4.32670556334593948E-002 ,
   0.00000000000000000E+000 ,
   9.99999964049784529E-001 ,
   1.70347202437369089E-001 ,
  -4.52926428751177501E-002 ,
   0.00000000000000000E+000 ,
   1.00000019539957985E+000 ,
   1.49682120219970072E-001 ,
  -4.65935407284356895E-002 ,
   0.00000000000000000E+000 ,
   1.00000014868579412E+000 ,
   1.67068564715703638E-001 ,
  -4.63934585310985664E-002 ,
   0.00000000000000000E+000 ,
   9.99999977178357757E-001 ,
   2.05437848595990347E-001 ,
  -4.33816939990742667E-002 ,
   0.00000000000000000E+000 ,
   9.99942616354167368E-001 ,
   9.41056710575014055E-001 ,
  -4.30190302837235236E-002 ,
  -1.00000000000000006E-001 ,
   1.83398844003131563E-007 ,
   9.99438810783526366E-001 ,
  -7.83664397836534715E-002 ,
   0.00000000000000000E+000 ,
   1.95814279665331584E-007 ,
   9.99819820251243385E-001 ,
  -9.11658239875307447E-002 ,
   7.81250000000000000E-003 ,
   1.95181469958591488E-006 ,
   9.98306255107237361E-001 ,
  -6.08466245109718501E-002 ,
   2.59399414062500000E-003 ,
   9.99887805714140598E-001 ,
   9.07093158019639412E-001 ,
  -4.37688431920200821E-002 ,
   0.00000000000000000E+000 ,
   9.99998032276200544E-001 ,
   1.71409715768130966E-001 ,
  -4.48986655808682120E-002 ,
   0.00000000000000000E+000 ,
   1.00000015867458525E+000 ,
   1.62639526415466390E-001 ,
  -4.60151489214654999E-002 ,
   0.00000000000000000E+000 ,
   1.00000009253202093E+000 ,
   1.67623841615603064E-001 ,
  -4.58228871591938591E-002 ,
   0.00000000000000000E+000 ,
   9.99998450094321756E-001 ,
   5.18353550668568142E-001 ,
  -4.37406010962824512E-002 ,
   0.00000000000000000E+000 ,
   5.76318552140759777E-001 ,
   9.86622872406076934E-001 ,
  -4.46713361723121913E-002 ,
  -1.00000000000000006E-001 ,
   2.35913639352535369E-007 ,
   9.99818390576113436E-001 ,
  -8.08287154766443583E-002 ,
   0.00000000000000000E+000 ,
   2.48346689614711057E-007 ,
   9.99975530788668299E-001 ,
  -9.41196256000713799E-002 ,
   7.81250000000000000E-003 ,
   2.07252707898733435E-007 ,
   9.99787231810716381E-001 ,
  -7.75319111953040041E-002 ,
   7.81250000000000000E-003 ,
   9.95475702218105774E-001 ,
   9.90757789645165032E-001 ,
  -4.50550332039330800E-002 ,
   5.85937500000000000E-003 ,
   9.99989921677770677E-001 ,
   8.03056712861680788E-001 ,
  -4.38909009156418714E-002 ,
   0.00000000000000000E+000 ,
   9.99994211961644730E-001 ,
   3.35219349782723275E-001 ,
  -4.46125170790271641E-002 ,
   0.00000000000000000E+000 ,
   9.99818351076795397E-001 ,
   6.59821239335905751E-001 ,
  -4.42453655367526372E-002 ,
   0.00000000000000000E+000 ,
   9.99944961869129068E-001 ,
   9.61507674153074032E-001 ,
  -4.37453101459923110E-002 ,
   0.00000000000000000E+000 ,
   2.72865579932615097E-006 ,
   9.98489871563651765E-001 ,
  -5.87884660838992740E-002 ,
   0.00000000000000000E+000 ,
   3.40740390229066460E-007 ,
   9.99975510474281015E-001 ,
  -8.84849652036076850E-002 ,
   0.00000000000000000E+000 ,
   2.23586486151806135E-007 ,
   9.99998680973497756E-001 ,
  -9.70118446824432545E-002 ,
   0.00000000000000000E+000 ,
   2.32029435707269397E-007 ,
   9.99989422846154552E-001 ,
  -9.01689022785394506E-002 ,
   7.81250000000000000E-003 ,
   2.72024068478968289E-007 ,
   9.99637594905823823E-001 ,
  -7.11588647876882918E-002 ,
   3.90625000000000000E-003 ,
   9.05954737800825360E-002 ,
   9.95031726553693208E-001 ,
  -5.05525815150209626E-002 ,
   0.00000000000000000E+000 ,
   9.74896236418940965E-001 ,
   9.77380682939681833E-001 ,
  -4.44487799924203758E-002 ,
   0.00000000000000000E+000 ,
   9.39398573892790134E-001 ,
   9.89465956897913501E-001 ,
  -4.47251152160222029E-002 ,
   0.00000000000000000E+000 ,
   1.74473362002266203E-007 ,
   9.98711617324484546E-001 ,
  -6.31093251725575732E-002 ,
   0.00000000000000000E+000 ,
   1.91396424095198911E-007 ,
   9.99933473915624149E-001 ,
  -8.37818226830247398E-002 ,
   0.00000000000000000E+000 ,
   2.71632016957403152E-007 ,
   9.99999107116349206E-001 ,
  -9.45658508212475907E-002 ,
   0.00000000000000000E+000 ,
   2.40684609138004959E-007 ,
   1.00000093426298298E+000 ,
  -9.88084172441866804E-002 ,
   1.00000000000000000E+000 ,
   2.73174488804527595E-007 ,
   1.00000046132167308E+000 ,
  -9.65476083620318698E-002 ,
   1.00000000000000000E+000 ,
   2.88573047673764031E-007 ,
   9.99993623550250788E-001 ,
  -9.19751732361686336E-002 ,
   1.00000000000000000E+000 ,
   2.50985283897995996E-007 ,
   9.99928431630148662E-001 ,
  -8.63962045990272209E-002 ,
   0.00000000000000000E+000 ,
   2.24160841372771997E-007 ,
   9.99711170562048057E-001 ,
  -8.46459270673590031E-002 ,
   0.00000000000000000E+000 ,
   2.28186716738845273E-007 ,
   9.99841897112069833E-001 ,
  -8.50069489207926493E-002 ,
   0.00000000000000000E+000 ,
   2.93445175119594532E-007 ,
   9.99976927694650963E-001 ,
  -8.96417888500034288E-002 ,
   0.00000000000000000E+000 ,
   2.97176824526553834E-007 ,
   9.99998647639378402E-001 ,
  -9.48385469452781849E-002 ,
   0.00000000000000000E+000 ,
   2.38299557228508278E-007 ,
   1.00000072381234562E+000 ,
  -9.79594168357794393E-002 ,
