1
0
4
0
(6 0
((0,88) (15,103) (0,0))
((0,104) (15,135) (0,0))
((0,136) (15,167) (0,0))
((16,88) (39,103) (0,0))
((16,104) (39,135) (0,0))
((16,136) (39,167) (0,0))
)
6
FabOnDisk: Cell_D_00000 0
FabOnDisk: Cell_D_00000 8276
FabOnDisk: Cell_D_00000 24745
FabOnDisk: Cell_D_00000 41214
FabOnDisk: Cell_D_00000 53587
FabOnDisk: Cell_D_00000 78249

6,4
   0.00000000000000000E+000 ,
  -1.45044960170724837E-007 ,
   9.94436855922231855E-001 ,
  -9.97748620991758400E-002 ,
  -5.15625000000000042E-002 ,
  -7.38538698063453180E-008 ,
   1.06962114374547945E-001 ,
  -9.62179753745731753E-002 ,
   0.00000000000000000E+000 ,
  -2.18406762786310017E-007 ,
   1.08498213184707565E-001 ,
  -9.97640753643285333E-002 ,
  -1.00000000000000006E-001 ,
  -1.93308691938903747E-007 ,
   9.99368862669524738E-001 ,
  -9.99883910407911580E-002 ,
  -1.00000000000000006E-001 ,
  -1.86224609244195892E-007 ,
   2.43212029216545833E-001 ,
  -9.98691465173436321E-002 ,
  -1.25000000000000007E-002 ,
  -1.91690970600242873E-007 ,
   7.45888952519750514E-001 ,
  -9.99878113990775169E-002 ,

6,4
   1.56250000000000000E-002 ,
   1.55859764614925258E-007 ,
   1.00000003152131667E+000 ,
  -9.36541370728799089E-002 ,
   1.56250000000000000E-002 ,
   9.99999986482673631E-001 ,
   9.98669875624024650E-001 ,
  -4.77406880301236361E-002 ,
   1.00000000000000000E+000 ,
   9.76121124243650495E-001 ,
   9.99999779861453941E-001 ,
  -4.77321801839311055E-002 ,
   1.56250000000000000E-002 ,
   1.78450276491439710E-007 ,
   1.00000068687169885E+000 ,
  -9.70909919949284467E-002 ,
   2.50000000000000000E-001 ,
   3.28251568545289307E-001 ,
   1.00000021327240907E+000 ,
  -5.21783331167717940E-002 ,
   1.00000000000000000E+000 ,
   1.84513105991815050E-006 ,
   1.00000084491150765E+000 ,
  -7.13327497247353282E-002 ,
