1
0
4
0
(18 0
((0,40) (23,55) (0,0))
((0,56) (23,87) (0,0))
((0,88) (23,119) (0,0))
((0,120) (23,151) (0,0))
((0,152) (23,183) (0,0))
((0,184) (23,215) (0,0))
((24,40) (55,55) (0,0))
((24,56) (55,87) (0,0))
((24,88) (55,119) (0,0))
((24,120) (55,151) (0,0))
((24,152) (55,183) (0,0))
((24,184) (55,215) (0,0))
((56,40) (87,55) (0,0))
((56,56) (87,87) (0,0))
((56,88) (87,119) (0,0))
((56,120) (87,151) (0,0))
((56,152) (87,183) (0,0))
((56,184) (87,215) (0,0))
)
18
FabOnDisk: Cell_D_00000 0
FabOnDisk: Cell_D_00000 12371
FabOnDisk: Cell_D_00000 37030
FabOnDisk: Cell_D_00000 61690
FabOnDisk: Cell_D_00000 86351
FabOnDisk: Cell_D_00000 111012
FabOnDisk: Cell_D_00000 135673
FabOnDisk: Cell_D_00000 152141
FabOnDisk: Cell_D_00000 184993
FabOnDisk: Cell_D_00000 217846
FabOnDisk: Cell_D_00000 250700
FabOnDisk: Cell_D_00000 283554
FabOnDisk: Cell_D_00000 316408
FabOnDisk: Cell_D_00000 332876
FabOnDisk: Cell_D_00000 365728
FabOnDisk: Cell_D_00000 398581
FabOnDisk: Cell_D_00000 431435
FabOnDisk: Cell_D_00000 464289

18,4
   0.00000000000000000E+000 ,
  -1.96656852093668878E-007 ,
   9.84924101516208239E-001 ,
  -9.72758144691605320E-002 ,
   0.00000000000000000E+000 ,
  -6.93047646463768392E-008 ,
   1.23899220203371324E-001 ,
  -9.09940842193737442E-002 ,
   0.00000000000000000E+000 ,
   6.21759497300876851E-004 ,
   1.48249357056088271E-001 ,
  -4.64963131860282528E-002 ,
   0.00000000000000000E+000 ,
   2.49753367451548266E-003 ,
   1.43300129566459489E-001 ,
  -4.64171140159822387E-002 ,
   0.00000000000000000E+000 ,
  -4.74396295672858019E-008 ,
   1.24965094904206528E-001 ,
  -7.19923942745082507E-002 ,
   0.00000000000000000E+000 ,
  -1.46953219265326671E-007 ,
   1.35505348745635856E-001 ,
  -9.72472205724700806E-002 ,
   0.00000000000000000E+000 ,
  -1.61266357304455439E-007 ,
   9.96993959459118617E-001 ,
  -9.90978398471167726E-002 ,
  -8.74999999999999944E-002 ,
  -8.76186032000833446E-008 ,
   1.49095183550750299E-001 ,
  -9.73655382264772412E-002 ,
  -8.74999999999999944E-002 ,
  -8.43053428128312749E-008 ,
   1.35890197328310730E-001 ,
  -8.28030407496980342E-002 ,
   0.00000000000000000E+000 ,
  -1.73073588152477239E-008 ,
   1.36548888327975154E-001 ,
  -6.76289413082885593E-002 ,
  -1.25000000000000007E-002 ,
  -7.02731685263980324E-008 ,
   1.41989662865708577E-001 ,
  -9.32549496151084956E-002 ,
  -1.00000000000000006E-001 ,
  -1.59277585610062519E-007 ,
   9.09319928425437851E-001 ,
  -9.90932430026331829E-002 ,
  -8.74999999999999944E-002 ,
  -1.85954579394847831E-007 ,
   9.99945174793353320E-001 ,
  -9.98412396314264095E-002 ,
  -8.74999999999999944E-002 ,
  -1.97198054543325605E-007 ,
   9.76605238276009535E-001 ,
  -9.95793477514893000E-002 ,
  -1.00000000000000006E-001 ,
  -1.51071029798133407E-007 ,
   4.19939314114307571E-001 ,
  -9.81145055736436927E-002 ,
  -1.25000000000000007E-002 ,
  -1.59253110769266461E-007 ,
   2.25617838723509490E-001 ,
  -9.70393188144547808E-002 ,
  -1.25000000000000007E-002 ,
  -1.79389448477023177E-007 ,
   8.60351474321678578E-001 ,
  -9.90545360084428422E-002 ,
   0.00000000000000000E+000 ,
  -2.01119316427072898E-007 ,
   9.98695061425417197E-001 ,
  -9.98414100675939636E-002 ,

18,4
   0.00000000000000000E+000 ,
   1.78380249901058922E-007 ,
   9.99927895124894772E-001 ,
  -8.71423836467085100E-002 ,
   0.00000000000000000E+000 ,
   9.99998699505905142E-001 ,
   9.95819448729778234E-001 ,
  -4.28901696433154830E-002 ,
   0.00000000000000000E+000 ,
   1.00000005942838310E+000 ,
   1.80242180998268053E-001 ,
  -4.43200410764793482E-002 ,
   0.00000000000000000E+000 ,
   1.00000008433722365E+000 ,
   1.69801409242312490E-001 ,
  -4.52120579541019016E-002 ,
   0.00000000000000000E+000 ,
   1.00000002436307556E+000 ,
   8.80506364328933588E-001 ,
  -4.30499695581350317E-002 ,
   0.00000000000000000E+000 ,
   8.77807665849655083E-001 ,
   9.99927808672168905E-001 ,
  -4.32090543266547764E-002 ,
   0.00000000000000000E+000 ,
   1.50490026157506102E-007 ,
   9.99998322536721607E-001 ,
  -9.18812362006453665E-002 ,
   0.00000000000000000E+000 ,
   9.66502456801443754E-001 ,
   9.99919250865686782E-001 ,
  -4.37387568171450636E-002 ,
   0.00000000000000000E+000 ,
   9.99998261550501089E-001 ,
   9.67054150365832421E-001 ,
  -4.32105544533674876E-002 ,
   0.00000000000000000E+000 ,
   9.99999962965941624E-001 ,
   8.05745886787218257E-001 ,
  -4.29814509204876558E-002 ,
   0.00000000000000000E+000 ,
   9.99998692157906155E-001 ,
   9.98127487691925941E-001 ,
  -4.30361773569100034E-002 ,
   0.00000000000000000E+000 ,
   1.59581831073985709E-007 ,
   9.99998297022479776E-001 ,
  -7.46238357381553419E-002 ,
   1.00000000000000000E+000 ,
   1.97634149183976661E-007 ,
   1.00000078864412467E+000 ,
  -9.76476366836059317E-002 ,
   1.00000000000000000E+000 ,
   1.63999945420351110E-007 ,
   1.00000053528556343E+000 ,
  -8.47251359862533637E-002 ,
   1.00000000000000000E+000 ,
   6.12624714477534235E-003 ,
   9.99975073876077758E-001 ,
  -5.25038428583988609E-002 ,
   0.00000000000000000E+000 ,
   4.44792276509329509E-001 ,
   9.99891428106425728E-001 ,
  -4.60481614341889528E-002 ,
   0.00000000000000000E+000 ,
   1.58144767475842112E-007 ,
   9.99997616332074735E-001 ,
  -7.11120566912730873E-002 ,
   1.00000000000000000E+000 ,
   2.23864630709719041E-007 ,
   1.00000081219321957E+000 ,
  -9.39646523020494367E-002 ,
