1
0
4
0
(24 0
((0,416) (23,447) (0,0))
((0,448) (23,479) (0,0))
((0,480) (23,511) (0,0))
((0,512) (23,543) (0,0))
((0,544) (23,575) (0,0))
((0,576) (23,607) (0,0))
((24,416) (47,447) (0,0))
((24,448) (47,479) (0,0))
((24,480) (47,511) (0,0))
((24,512) (47,543) (0,0))
((24,544) (47,575) (0,0))
((24,576) (47,607) (0,0))
((48,416) (71,447) (0,0))
((48,448) (71,479) (0,0))
((48,480) (71,511) (0,0))
((48,512) (71,543) (0,0))
((48,544) (71,575) (0,0))
((48,576) (71,607) (0,0))
((72,416) (103,447) (0,0))
((72,448) (103,479) (0,0))
((72,480) (103,511) (0,0))
((72,512) (103,543) (0,0))
((72,544) (103,575) (0,0))
((72,576) (103,607) (0,0))
)
24
FabOnDisk: Cell_D_00000 0
FabOnDisk: Cell_D_00000 24661
FabOnDisk: Cell_D_00000 49322
FabOnDisk: Cell_D_00000 73983
FabOnDisk: Cell_D_00000 98644
FabOnDisk: Cell_D_00000 123305
FabOnDisk: Cell_D_00000 147966
FabOnDisk: Cell_D_00000 172628
FabOnDisk: Cell_D_00000 197290
FabOnDisk: Cell_D_00000 221952
FabOnDisk: Cell_D_00000 246614
FabOnDisk: Cell_D_00000 271276
FabOnDisk: Cell_D_00000 295938
FabOnDisk: Cell_D_00000 320600
FabOnDisk: Cell_D_00000 345262
FabOnDisk: Cell_D_00000 369924
FabOnDisk: Cell_D_00000 394586
FabOnDisk: Cell_D_00000 419248
FabOnDisk: Cell_D_00000 443910
FabOnDisk: Cell_D_00000 476765
FabOnDisk: Cell_D_00000 509620
FabOnDisk: Cell_D_00000 542475
FabOnDisk: Cell_D_00000 575330
FabOnDisk: Cell_D_00000 608185

24,4
   0.00000000000000000E+000 ,
  -4.09922736024313054E-007 ,
   9.68710809657075678E-001 ,
  -9.82878702675910043E-002 ,
  -1.25000000000000007E-002 ,
  -3.73865897501906082E-007 ,
   1.49234002366285645E-001 ,
  -9.00199770295073975E-002 ,
   2.12199579096527232E-308 ,
   4.68103029645479174E-001 ,
   1.12480272587525368E-001 ,
  -5.26841716917645433E-002 ,
   2.12199579096527232E-308 ,
   4.52985008244815579E-001 ,
   1.13195110560171355E-001 ,
  -5.25677910709888216E-002 ,
   2.12199579096527232E-308 ,
  -3.64187275551054379E-007 ,
   1.53539794781974798E-001 ,
  -9.00143956695684810E-002 ,
                        NaN ,
  -4.59597497223484547E-007 ,
   9.68968825206482309E-001 ,
  -9.81989673453292911E-002 ,
  -1.25000000000000007E-002 ,
  -3.75659373871573893E-007 ,
   9.79863587187847940E-001 ,
  -9.89198187275650842E-002 ,
  -1.00000000000000006E-001 ,
  -3.91815056304166550E-007 ,
   2.29728375089998604E-001 ,
  -9.41167596142991753E-002 ,
   2.12199579096527232E-308 ,
   1.40608531244635825E-006 ,
   1.15201826285034795E-001 ,
  -7.48836333244181224E-002 ,
   2.12199579096527232E-308 ,
   1.44332261661361893E-006 ,
   1.15305834996498505E-001 ,
  -7.49238094824896533E-002 ,
   0.00000000000000000E+000 ,
  -3.79483574518236094E-007 ,
   2.33849204251691423E-001 ,
  -9.40977382084617897E-002 ,
   0.00000000000000000E+000 ,
  -4.01195709207517319E-007 ,
   9.79957525628927795E-001 ,
  -9.88588807248464985E-002 ,
  -1.25000000000000007E-002 ,
  -3.66208258994488124E-007 ,
   9.94869696238406709E-001 ,
  -9.94779931867269818E-002 ,
  -1.00000000000000006E-001 ,
  -3.87579873464926587E-007 ,
   8.04203309283875734E-001 ,
  -9.75566888386439901E-002 ,
  -1.25000000000000007E-002 ,
  -4.19725988876519136E-007 ,
   1.70399134989204643E-001 ,
  -9.17324290000057774E-002 ,
  -1.25000000000000007E-002 ,
  -3.56259291829998543E-007 ,
   1.70502859614208829E-001 ,
  -9.18626932125162776E-002 ,
   0.00000000000000000E+000 ,
  -6.74672160185960147E-007 ,
   8.03543743264283794E-001 ,
  -9.75630329052164513E-002 ,
   0.00000000000000000E+000 ,
  -4.54709536726098438E-007 ,
   9.94865575468614871E-001 ,
  -9.94446391478145675E-002 ,
  -8.74999999999999944E-002 ,
  -3.34962308041234448E-007 ,
   9.99534455109543529E-001 ,
  -9.98621487329203888E-002 ,
  -8.74999999999999944E-002 ,
  -4.16931721535390002E-007 ,
   9.87030095597632440E-001 ,
  -9.94406883532605174E-002 ,
  -1.25000000000000007E-002 ,
  -4.08300295819080947E-007 ,
   9.52360089350695049E-001 ,
  -9.85223241295721947E-002 ,
  -1.25000000000000007E-002 ,
  -4.18057520622305501E-007 ,
   9.52356698015051073E-001 ,
  -9.85362080300395266E-002 ,
   0.00000000000000000E+000 ,
  -3.31284704137656727E-007 ,
   9.87011450674996738E-001 ,
  -9.94382419457086886E-002 ,
   0.00000000000000000E+000 ,
  -3.93594464906348242E-007 ,
   9.99533061111000376E-001 ,
  -9.98536350365478720E-002 ,

24,4
   0.00000000000000000E+000 ,
   3.71252006494561908E-007 ,
   9.99836849241879544E-001 ,
  -8.89590452829759348E-002 ,
   2.12199579096527232E-308 ,
   7.21793560373525267E-001 ,
   9.76111804808099337E-001 ,
  -5.05765468450890404E-002 ,
   2.12199579096527232E-308 ,
   9.99995823745054024E-001 ,
   1.93515747978538433E-001 ,
  -5.01223394567035310E-002 ,
   2.12199579096527232E-308 ,
   9.99995801192021250E-001 ,
   1.96748504154320686E-001 ,
  -4.98287598604944607E-002 ,
   2.12199579096527232E-308 ,
   7.09407324780730653E-001 ,
   9.76232814669318993E-001 ,
  -5.03301501394006479E-002 ,
                        NaN ,
   3.85502132810230275E-007 ,
   9.99837043938003656E-001 ,
  -8.89451938353348071E-002 ,
   1.56250000000000000E-002 ,
   4.02447325636466054E-007 ,
   9.99956609091459003E-001 ,
  -9.06831775201442786E-002 ,
   5.00000000000000000E-001 ,
   3.10676572743921464E-001 ,
   9.93658143592369703E-001 ,
  -5.44872183298733270E-002 ,
   2.12199579096527232E-308 ,
   9.99815996751925007E-001 ,
   7.65108447426402716E-001 ,
  -5.05505706463578453E-002 ,
   2.12199579096527232E-308 ,
   9.99816091445999477E-001 ,
   7.64195931852066024E-001 ,
  -5.04430282964448765E-002 ,
   2.12199579096527232E-308 ,
   2.96838523500769891E-001 ,
   9.93654183085875387E-001 ,
  -5.44234860539158094E-002 ,
   1.00000000000000000E+000 ,
   3.87835255458030899E-007 ,
   9.99956490946438348E-001 ,
  -9.06676067517619422E-002 ,
   1.56250000000000000E-002 ,
   3.88481418786342193E-007 ,
   9.99995529295183094E-001 ,
  -9.45878641604766396E-002 ,
   5.00000000000000000E-001 ,
   3.17367689574891290E-007 ,
   9.99402124475395448E-001 ,
  -7.68178145443307453E-002 ,
   2.12199579096527232E-308 ,
   6.45433008479215586E-001 ,
   9.84040524727276655E-001 ,
  -5.25064433095208741E-002 ,
   2.12199579096527232E-308 ,
   6.45677595866674503E-001 ,
   9.84018298706033301E-001 ,
  -5.25098742520800701E-002 ,
   1.00000000000000000E+000 ,
   3.92606001858106069E-007 ,
   9.99400531534824221E-001 ,
  -7.68363914157247363E-002 ,
   1.00000000000000000E+000 ,
   3.53770720954718829E-007 ,
   9.99995873661893797E-001 ,
  -9.45578107310656724E-002 ,
   1.56250000000000000E-002 ,
   3.82131430686940644E-007 ,
   1.00000101129474506E+000 ,
  -9.77651898406775993E-002 ,
   0.00000000000000000E+000 ,
   3.98308682096635932E-007 ,
   9.99994536067473905E-001 ,
  -9.23773348559349949E-002 ,
   0.00000000000000000E+000 ,
   4.19264506943003736E-007 ,
   9.99890560102706494E-001 ,
  -8.74301837491995720E-002 ,
   0.00000000000000000E+000 ,
   3.67886817390964986E-007 ,
   9.99890530367178232E-001 ,
  -8.74041243868065032E-002 ,
   1.00000000000000000E+000 ,
   3.99204637244520426E-007 ,
   9.99994341249737406E-001 ,
  -9.25038026292137189E-002 ,
   1.00000000000000000E+000 ,
   3.89586067850675305E-007 ,
   1.00000065097341206E+000 ,
  -9.77717003772334420E-002 ,
