1
0
4
0
(91 0
((0,56) (23,71) (0,0))
((0,72) (23,103) (0,0))
((0,104) (23,135) (0,0))
((0,136) (23,167) (0,0))
((0,168) (23,199) (0,0))
((0,200) (23,231) (0,0))
((0,232) (23,263) (0,0))
((0,264) (23,295) (0,0))
((0,296) (23,327) (0,0))
((0,328) (23,359) (0,0))
((0,360) (23,391) (0,0))
((0,392) (23,423) (0,0))
((0,424) (23,455) (0,0))
((24,56) (47,71) (0,0))
((24,72) (47,103) (0,0))
((24,104) (47,135) (0,0))
((24,136) (47,167) (0,0))
((24,168) (47,199) (0,0))
((24,200) (47,231) (0,0))
((24,232) (47,263) (0,0))
((24,264) (47,295) (0,0))
((24,296) (47,327) (0,0))
((24,328) (47,359) (0,0))
((24,360) (47,391) (0,0))
((24,392) (47,423) (0,0))
((24,424) (47,455) (0,0))
((48,56) (71,71) (0,0))
((48,72) (71,103) (0,0))
((48,104) (71,135) (0,0))
((48,136) (71,167) (0,0))
((48,168) (71,199) (0,0))
((48,200) (71,231) (0,0))
((48,232) (71,263) (0,0))
((48,264) (71,295) (0,0))
((48,296) (71,327) (0,0))
((48,328) (71,359) (0,0))
((48,360) (71,391) (0,0))
((48,392) (71,423) (0,0))
((48,424) (71,455) (0,0))
((72,56) (103,71) (0,0))
((72,72) (103,103) (0,0))
((72,104) (103,135) (0,0))
((72,136) (103,167) (0,0))
((72,168) (103,199) (0,0))
((72,200) (103,231) (0,0))
((72,232) (103,263) (0,0))
((72,264) (103,295) (0,0))
((72,296) (103,327) (0,0))
((72,328) (103,359) (0,0))
((72,360) (103,391) (0,0))
((72,392) (103,423) (0,0))
((72,424) (103,455) (0,0))
((104,56) (135,71) (0,0))
((104,72) (135,103) (0,0))
((104,104) (135,135) (0,0))
((104,136) (135,167) (0,0))
((104,168) (135,199) (0,0))
((104,200) (135,231) (0,0))
((104,232) (135,263) (0,0))
((104,264) (135,295) (0,0))
((104,296) (135,327) (0,0))
((104,328) (135,359) (0,0))
((104,360) (135,391) (0,0))
((104,392) (135,423) (0,0))
((104,424) (135,455) (0,0))
((136,56) (167,71) (0,0))
((136,72) (167,103) (0,0))
((136,104) (167,135) (0,0))
((136,136) (167,167) (0,0))
((136,168) (167,199) (0,0))
((136,200) (167,231) (0,0))
((136,232) (167,263) (0,0))
((136,264) (167,295) (0,0))
((136,296) (167,327) (0,0))
((136,328) (167,359) (0,0))
((136,360) (167,391) (0,0))
((136,392) (167,423) (0,0))
((136,424) (167,455) (0,0))
((168,56) (199,71) (0,0))
((168,72) (199,103) (0,0))
((168,104) (199,135) (0,0))
((168,136) (199,167) (0,0))
((168,168) (199,199) (0,0))
((168,200) (199,231) (0,0))
((168,232) (199,263) (0,0))
((168,264) (199,295) (0,0))
((168,296) (199,327) (0,0))
((168,328) (199,359) (0,0))
((168,360) (199,391) (0,0))
((168,392) (199,423) (0,0))
((168,424) (199,455) (0,0))
)
91
FabOnDisk: Cell_D_00000 0
FabOnDisk: Cell_D_00000 12371
FabOnDisk: Cell_D_00000 37031
FabOnDisk: Cell_D_00000 61692
FabOnDisk: Cell_D_00000 86353
FabOnDisk: Cell_D_00000 111014
FabOnDisk: Cell_D_00000 135675
FabOnDisk: Cell_D_00000 160336
FabOnDisk: Cell_D_00000 184997
FabOnDisk: Cell_D_00000 209658
FabOnDisk: Cell_D_00000 234319
FabOnDisk: Cell_D_00000 258980
FabOnDisk: Cell_D_00000 283641
FabOnDisk: Cell_D_00000 308302
FabOnDisk: Cell_D_00000 320674
FabOnDisk: Cell_D_00000 345335
FabOnDisk: Cell_D_00000 369997
FabOnDisk: Cell_D_00000 394659
FabOnDisk: Cell_D_00000 419321
FabOnDisk: Cell_D_00000 443983
FabOnDisk: Cell_D_00000 468645
FabOnDisk: Cell_D_00000 493307
FabOnDisk: Cell_D_00000 517969
FabOnDisk: Cell_D_00000 542631
FabOnDisk: Cell_D_00000 567293
FabOnDisk: Cell_D_00000 591955
FabOnDisk: Cell_D_00000 616617
FabOnDisk: Cell_D_00000 628989
FabOnDisk: Cell_D_00000 653650
FabOnDisk: Cell_D_00000 678312
FabOnDisk: Cell_D_00000 702974
FabOnDisk: Cell_D_00000 727636
FabOnDisk: Cell_D_00000 752298
FabOnDisk: Cell_D_00000 776960
FabOnDisk: Cell_D_00000 801622
FabOnDisk: Cell_D_00000 826284
FabOnDisk: Cell_D_00000 850946
FabOnDisk: Cell_D_00000 875608
FabOnDisk: Cell_D_00000 900270
FabOnDisk: Cell_D_00000 924932
FabOnDisk: Cell_D_00000 941401
FabOnDisk: Cell_D_00000 974255
FabOnDisk: Cell_D_00000 1007110
FabOnDisk: Cell_D_00000 1039965
FabOnDisk: Cell_D_00000 1072820
FabOnDisk: Cell_D_00000 1105675
FabOnDisk: Cell_D_00000 1138530
FabOnDisk: Cell_D_00000 1171385
FabOnDisk: Cell_D_00000 1204240
FabOnDisk: Cell_D_00000 1237095
FabOnDisk: Cell_D_00000 1269950
FabOnDisk: Cell_D_00000 1302805
FabOnDisk: Cell_D_00000 1335660
FabOnDisk: Cell_D_00000 1352130
FabOnDisk: Cell_D_00000 1384985
FabOnDisk: Cell_D_00000 1417841
FabOnDisk: Cell_D_00000 1450697
FabOnDisk: Cell_D_00000 1483553
FabOnDisk: Cell_D_00000 1516409
FabOnDisk: Cell_D_00000 1549265
FabOnDisk: Cell_D_00000 1582121
FabOnDisk: Cell_D_00000 1614977
FabOnDisk: Cell_D_00000 1647833
FabOnDisk: Cell_D_00000 1680689
FabOnDisk: Cell_D_00000 1713545
FabOnDisk: Cell_D_00000 1746401
FabOnDisk: Cell_D_00000 1762871
FabOnDisk: Cell_D_00000 1795726
FabOnDisk: Cell_D_00000 1828582
FabOnDisk: Cell_D_00000 1861438
FabOnDisk: Cell_D_00000 1894294
FabOnDisk: Cell_D_00000 1927150
FabOnDisk: Cell_D_00000 1960006
FabOnDisk: Cell_D_00000 1992862
FabOnDisk: Cell_D_00000 2025718
FabOnDisk: Cell_D_00000 2058574
FabOnDisk: Cell_D_00000 2091430
FabOnDisk: Cell_D_00000 2124286
FabOnDisk: Cell_D_00000 2157142
FabOnDisk: Cell_D_00000 2173612
FabOnDisk: Cell_D_00000 2206467
FabOnDisk: Cell_D_00000 2239323
FabOnDisk: Cell_D_00000 2272179
FabOnDisk: Cell_D_00000 2305035
FabOnDisk: Cell_D_00000 2337891
FabOnDisk: Cell_D_00000 2370747
FabOnDisk: Cell_D_00000 2403603
FabOnDisk: Cell_D_00000 2436459
FabOnDisk: Cell_D_00000 2469315
FabOnDisk: Cell_D_00000 2502171
FabOnDisk: Cell_D_00000 2535027

91,4
                        NaN ,
  -1.90770860232696656E-007 ,
   9.96394508710211846E-001 ,
  -9.55571020551685690E-002 ,
   0.00000000000000000E+000 ,
  -2.15890111429621611E-007 ,
   5.94250695588489086E-001 ,
  -9.19544622559396729E-002 ,
   0.00000000000000000E+000 ,
  -1.16353148188527369E-007 ,
   1.27614012245711395E-001 ,
  -7.16199784652231108E-002 ,
   0.00000000000000000E+000 ,
   1.55564113913026262E-003 ,
   1.38771700675660165E-001 ,
  -4.45483545689994084E-002 ,
   0.00000000000000000E+000 ,
   3.01379674291230655E-004 ,
   1.43027484105634928E-001 ,
  -4.54240249407081020E-002 ,
   0.00000000000000000E+000 ,
   2.00707582069380684E-003 ,
   1.55061334734206330E-001 ,
  -4.59685910312214036E-002 ,
   0.00000000000000000E+000 ,
   7.48096338475909617E-001 ,
   1.51280692788761689E-001 ,
  -4.57805427950902025E-002 ,
   0.00000000000000000E+000 ,
   1.81643366869416178E-003 ,
   1.51884964252759963E-001 ,
  -4.59452803543615174E-002 ,
   0.00000000000000000E+000 ,
   5.75634049276929649E-004 ,
   1.65910553978343256E-001 ,
  -4.57409816500444766E-002 ,
   0.00000000000000000E+000 ,
   4.12660590456198661E-004 ,
   1.51509695643293779E-001 ,
  -4.48215319839860363E-002 ,
   0.00000000000000000E+000 ,
   3.92376347783646119E-004 ,
   1.27256152480079127E-001 ,
  -5.30466717334676860E-002 ,
   0.00000000000000000E+000 ,
  -2.08533320615852299E-007 ,
   1.28311164982566367E-001 ,
  -8.47478198345897882E-002 ,
                        NaN ,
  -2.58522612971406144E-007 ,
   9.65423333368444547E-001 ,
  -9.55022293286411500E-002 ,
   0.00000000000000000E+000 ,
  -2.16574526728141834E-007 ,
   9.97680457879828397E-001 ,
  -9.63795954018779183E-002 ,
   0.00000000000000000E+000 ,
  -2.25535339172461281E-007 ,
   8.87083887327423048E-001 ,
  -9.37723535409480113E-002 ,
   0.00000000000000000E+000 ,
  -1.83844465632944742E-007 ,
   2.48072922066827461E-001 ,
  -8.16252099699981692E-002 ,
   0.00000000000000000E+000 ,
   2.04066355986888285E-006 ,
   1.63964092188281174E-001 ,
  -5.30052241187941864E-002 ,
   0.00000000000000000E+000 ,
   1.30765046859939804E-003 ,
   1.60695757600376021E-001 ,
  -4.53189703671323038E-002 ,
   0.00000000000000000E+000 ,
   1.34080699116197258E-002 ,
   1.55630264029924581E-001 ,
  -4.56804473280011045E-002 ,
   0.00000000000000000E+000 ,
   1.89076694412460763E-002 ,
   1.52510149024647546E-001 ,
  -4.58921169278483990E-002 ,
   0.00000000000000000E+000 ,
   1.01145750751008325E-002 ,
   1.52586142607663899E-001 ,
  -4.56945953726284465E-002 ,
   0.00000000000000000E+000 ,
   9.95190405696473254E-003 ,
   1.61223143446271339E-001 ,
  -4.55232123295118210E-002 ,
   0.00000000000000000E+000 ,
   2.62020888380551823E-005 ,
   1.65509164934213526E-001 ,
  -4.47318305535106125E-002 ,
   0.00000000000000000E+000 ,
  -1.18640894415695100E-007 ,
   1.73618779809473239E-001 ,
  -6.96371887419846153E-002 ,
  -5.78125000000000028E-002 ,
  -1.71010781083544363E-007 ,
   5.54754196234703789E-001 ,
  -8.91371573233881581E-002 ,
   0.00000000000000000E+000 ,
  -2.28374869344606308E-007 ,
   9.82343416560705673E-001 ,
  -9.63302104795671910E-002 ,
                        NaN ,
  -2.38809237266352624E-007 ,
   9.99112582768168056E-001 ,
  -9.72885343399203656E-002 ,
   0.00000000000000000E+000 ,
  -2.45066874414250886E-007 ,
   9.72736549913848947E-001 ,
  -9.54507529929840837E-002 ,
  -6.18652343749999944E-002 ,
  -1.87075095370136934E-007 ,
   5.43437372060930235E-001 ,
  -8.72804042353154536E-002 ,
   0.00000000000000000E+000 ,
  -5.91888914577280316E-008 ,
   1.62193619774495090E-001 ,
  -6.29404880742570894E-002 ,
   0.00000000000000000E+000 ,
   1.17012131338931277E-002 ,
   1.66739551256641638E-001 ,
  -4.50894453049038232E-002 ,
   0.00000000000000000E+000 ,
   5.49767618126558930E-003 ,
   1.66263807219466986E-001 ,
  -4.56655976268924291E-002 ,
   0.00000000000000000E+000 ,
   3.55374731327807091E-003 ,
   1.57843794765530232E-001 ,
  -4.58672979855412610E-002 ,
   0.00000000000000000E+000 ,
   2.15658155598845251E-004 ,
   1.56685949404761632E-001 ,
  -4.57236713684722393E-002 ,
   0.00000000000000000E+000 ,
   4.17365730875049880E-004 ,
   1.63037334778353249E-001 ,
  -4.53310242055118551E-002 ,
   0.00000000000000000E+000 ,
   1.05522949305145268E-002 ,
   1.57118990456196123E-001 ,
  -4.45490683753563405E-002 ,
  -1.00000000000000006E-001 ,
  -1.68347467234246371E-007 ,
   1.56437756109419984E-001 ,
  -7.84986288294564905E-002 ,
  -1.00000000000000006E-001 ,
  -1.52121806917834633E-007 ,
   8.86607478103402014E-001 ,
  -9.23539345726657745E-002 ,
  -1.00000000000000006E-001 ,
  -2.40864605988613899E-007 ,
   9.94729606538873101E-001 ,
  -9.72608464068323297E-002 ,
   0.00000000000000000E+000 ,
  -2.31659216291213540E-007 ,
   9.99708933167652414E-001 ,
  -9.83567039264021253E-002 ,
   0.00000000000000000E+000 ,
  -2.57799965076478153E-007 ,
   9.91026334481007298E-001 ,
  -9.72979037798310381E-002 ,
  -6.18652343749999944E-002 ,
  -1.98012239685166863E-007 ,
   7.70901367662513604E-001 ,
  -9.28508274812549494E-002 ,
  -8.74999999999999944E-002 ,
  -1.49978643389452539E-007 ,
   1.49213914535320957E-001 ,
  -8.09723083459870374E-002 ,
   0.00000000000000000E+000 ,
   2.74074260898575115E-003 ,
   1.44531902026085179E-001 ,
  -4.95812727907913864E-002 ,
   0.00000000000000000E+000 ,
   1.26774304744665337E-003 ,
   1.61817911265932479E-001 ,
  -4.52958630070175242E-002 ,
   0.00000000000000000E+000 ,
   1.64044635562354889E-003 ,
   1.58854481003400522E-001 ,
  -4.53411636977816834E-002 ,
   0.00000000000000000E+000 ,
   1.15362017669620818E-002 ,
   1.58124953124159584E-001 ,
  -4.52855642783725615E-002 ,
   0.00000000000000000E+000 ,
   2.64920553945655416E-005 ,
   1.58015796110831969E-001 ,
  -5.00226831806624486E-002 ,
   0.00000000000000000E+000 ,
  -1.32795746701230094E-007 ,
   1.37072202380755293E-001 ,
  -7.27941088040078427E-002 ,
  -1.00000000000000006E-001 ,
  -2.13836210040442836E-007 ,
   1.70935839366567532E-001 ,
  -8.87438525605144246E-002 ,
  -1.00000000000000006E-001 ,
  -2.62866702724528450E-007 ,
   9.56639118166285440E-001 ,
  -9.56230625185081201E-002 ,
  -1.00000000000000006E-001 ,
  -2.75746792524700621E-007 ,
   9.98400130925346740E-001 ,
  -9.83532535683019488E-002 ,
   0.00000000000000000E+000 ,
  -2.42501547630229102E-007 ,
   9.99949079806242036E-001 ,
  -9.91242727894301595E-002 ,
  -6.18652343749999944E-002 ,
  -3.14846064487371806E-007 ,
   9.98449333136135486E-001 ,
  -9.85912210487552981E-002 ,
  -8.74999999999999944E-002 ,
  -1.94347995440067308E-007 ,
   9.65752457479124526E-001 ,
  -9.64716413418918728E-002 ,
  -8.74999999999999944E-002 ,
  -2.05236008720273859E-007 ,
   4.36631173274198925E-001 ,
  -9.17233021035118168E-002 ,
  -8.74999999999999944E-002 ,
  -2.05685893741478575E-007 ,
   1.45947641511815385E-001 ,
  -8.21497419995329964E-002 ,
  -8.74999999999999944E-002 ,
  -1.87500268220874982E-007 ,
   1.34517917083046501E-001 ,
  -6.77154900907146751E-002 ,
   0.00000000000000000E+000 ,
   8.24710107695461913E-006 ,
   1.47248210637532490E-001 ,
  -5.45813963048304429E-002 ,
   0.00000000000000000E+000 ,
   1.07766507120318023E-005 ,
   1.40708695341076218E-001 ,
  -5.81334271004546668E-002 ,
   0.00000000000000000E+000 ,
  -2.16657798498284775E-007 ,
   1.47561486321263813E-001 ,
  -7.85195466718137530E-002 ,
   0.00000000000000000E+000 ,
  -1.98962273041804639E-007 ,
   4.76930224095587940E-001 ,
  -8.89736084348260597E-002 ,
  -1.25000000000000007E-002 ,
  -1.81661211276460171E-007 ,
   9.05769285741916397E-001 ,
  -9.48329481962655735E-002 ,
  -1.25000000000000007E-002 ,
  -2.27754667276717564E-007 ,
   9.93459488255899803E-001 ,
  -9.77981915712417132E-002 ,
   0.00000000000000000E+000 ,
  -2.73504130673793011E-007 ,
   9.99732235968810889E-001 ,
  -9.91282418905617413E-002 ,
   0.00000000000000000E+000 ,
  -2.68563038576717867E-007 ,
   9.99994361658443021E-001 ,
  -9.95855495310432881E-002 ,
   0.00000000000000000E+000 ,
  -2.97722261858688271E-007 ,
   9.99851249500804951E-001 ,
  -9.93480665618104997E-002 ,
  -8.74999999999999944E-002 ,
  -2.64948869611343092E-007 ,
   9.97384036880392455E-001 ,
  -9.84422503858879278E-002 ,
  -8.74999999999999944E-002 ,
  -2.33296087333671581E-007 ,
   9.72460674407109704E-001 ,
  -9.66222227014030405E-002 ,
  -1.00000000000000006E-001 ,
  -1.97341935300642589E-007 ,
   8.39836115986714038E-001 ,
  -9.36150452787314624E-002 ,
  -1.00000000000000006E-001 ,
  -1.73457843143252333E-007 ,
   5.78510811354519205E-001 ,
  -8.96661101555242118E-002 ,
  -1.00000000000000006E-001 ,
  -1.68441755351826336E-007 ,
   1.79194374879562579E-001 ,
  -8.59954274896511800E-002 ,
   0.00000000000000000E+000 ,
  -1.87967543735474012E-007 ,
   1.79561982624221933E-001 ,
  -8.76338073616635405E-002 ,
   0.00000000000000000E+000 ,
  -1.57017771334875693E-007 ,
   6.55442525941098975E-001 ,
  -9.20535260809113992E-002 ,
   0.00000000000000000E+000 ,
  -2.23702321605001435E-007 ,
   9.54645671414312558E-001 ,
  -9.55346031315880556E-002 ,
   0.00000000000000000E+000 ,
  -2.74186378046406750E-007 ,
   9.94072996100165085E-001 ,
  -9.77700940614783104E-002 ,
   0.00000000000000000E+000 ,
  -2.60338689586601626E-007 ,
   9.99472575681728648E-001 ,
  -9.90061070533376775E-002 ,
   0.00000000000000000E+000 ,
  -2.64629054138510762E-007 ,
   9.99973000972826598E-001 ,
  -9.95885057245504135E-002 ,
  -8.74999999999999944E-002 ,
  -2.10839004798055796E-007 ,
   9.99999055645376722E-001 ,
  -9.98223651085814317E-002 ,
  -8.74999999999999944E-002 ,
  -2.69400792029456396E-007 ,
   9.99991396824711165E-001 ,
  -9.97248963435176522E-002 ,
  -8.74999999999999944E-002 ,
  -2.45768315899903459E-007 ,
   9.99874006727719866E-001 ,
  -9.93701132190765030E-002 ,
  -8.74999999999999944E-002 ,
  -2.69779214170640907E-007 ,
   9.98911861215942887E-001 ,
  -9.87116852843131498E-002 ,
  -1.00000000000000006E-001 ,
  -2.81467684492976730E-007 ,
   9.94828993744272250E-001 ,
  -9.77051230278914995E-002 ,
  -1.00000000000000006E-001 ,
  -2.26709628728374746E-007 ,
   9.86633348519978859E-001 ,
  -9.65244853978933642E-002 ,
  -1.00000000000000006E-001 ,
  -2.13291652696986179E-007 ,
   9.81543334301365977E-001 ,
  -9.55457905111585515E-002 ,
  -1.00000000000000006E-001 ,
  -2.34680284602530090E-007 ,
   9.81789915646753553E-001 ,
  -9.59719406616962867E-002 ,
   0.00000000000000000E+000 ,
  -2.58598015828672766E-007 ,
   9.90736576336823771E-001 ,
  -9.71683908443082694E-002 ,
   0.00000000000000000E+000 ,
  -2.78527719795436336E-007 ,
   9.97882031466327590E-001 ,
  -9.83041420309812425E-002 ,
   0.00000000000000000E+000 ,
  -2.74064122630356603E-007 ,
   9.99702525860172497E-001 ,
  -9.91138061090580530E-002 ,
   0.00000000000000000E+000 ,
  -2.72957163858406068E-007 ,
   9.99971696535008725E-001 ,
  -9.95877383310325853E-002 ,
   1.00000000000000000E+000 ,
  -2.72791261515004626E-007 ,
   9.99998194071629709E-001 ,
  -9.98238388088957124E-002 ,

91,4
                        NaN ,
   2.31467214575028247E-007 ,
   9.99670152460371941E-001 ,
  -9.15074034469394032E-002 ,
   0.00000000000000000E+000 ,
   2.05172236242612488E-004 ,
   9.97269181936869531E-001 ,
  -6.03419215807254397E-002 ,
   0.00000000000000000E+000 ,
   9.99997899830039283E-001 ,
   8.66232015055816706E-001 ,
  -4.27584304422725797E-002 ,
   0.00000000000000000E+000 ,
   9.99999790935601984E-001 ,
   2.17787800546184768E-001 ,
  -4.33537084269745784E-002 ,
   0.00000000000000000E+000 ,
   1.00000015254013941E+000 ,
   1.81360628957286552E-001 ,
  -4.38184587389969238E-002 ,
   0.00000000000000000E+000 ,
   1.00000001883561729E+000 ,
   1.73035976883643777E-001 ,
  -4.53524794462907971E-002 ,
   0.00000000000000000E+000 ,
   1.00000020028625292E+000 ,
   1.60014890520393721E-001 ,
  -4.56303649802343794E-002 ,
   0.00000000000000000E+000 ,
   1.00000023658666493E+000 ,
   1.70584882662036391E-001 ,
  -4.55609923449197401E-002 ,
   0.00000000000000000E+000 ,
   1.00000006395109331E+000 ,
   1.76690460242776459E-001 ,
  -4.47546381704573559E-002 ,
   0.00000000000000000E+000 ,
   1.00000008355763392E+000 ,
   1.96889387084856399E-001 ,
  -4.35896234878726391E-002 ,
   0.00000000000000000E+000 ,
   9.99999754466490032E-001 ,
   4.86987083640287977E-001 ,
  -4.24488675035646842E-002 ,
   0.00000000000000000E+000 ,
   9.95375233531193837E-001 ,
   9.79079738904533370E-001 ,
  -4.29250159294472244E-002 ,
                        NaN ,
   2.12988883055468007E-007 ,
   9.99668981878138352E-001 ,
  -8.27671472202562014E-002 ,
   0.00000000000000000E+000 ,
   2.30932867179718648E-007 ,
   9.99849870746014946E-001 ,
  -9.23193855074269099E-002 ,
   0.00000000000000000E+000 ,
   1.90142810195059468E-007 ,
   9.98956593380694091E-001 ,
  -7.31962190450424766E-002 ,
   0.00000000000000000E+000 ,
   5.66852887520525733E-002 ,
   9.68495233989674853E-001 ,
  -4.51276445467325149E-002 ,
   0.00000000000000000E+000 ,
   9.99932917803927901E-001 ,
   5.18164214737893647E-001 ,
  -4.33040802404628250E-002 ,
   0.00000000000000000E+000 ,
   9.99996972658445227E-001 ,
   1.81651341960086921E-001 ,
  -4.41083537583348215E-002 ,
   0.00000000000000000E+000 ,
   9.99999667186062258E-001 ,
   1.72332079825029766E-001 ,
  -4.49027734654200220E-002 ,
   0.00000000000000000E+000 ,
   1.00000016629532085E+000 ,
   1.70245688006763707E-001 ,
  -4.54690988209778268E-002 ,
   0.00000000000000000E+000 ,
   1.00000000378887632E+000 ,
   1.71316859452590675E-001 ,
  -4.52306591765555613E-002 ,
   0.00000000000000000E+000 ,
   9.99999932126505620E-001 ,
   1.77762275273355280E-001 ,
  -4.45645599755900221E-002 ,
   0.00000000000000000E+000 ,
   9.99991034990645011E-001 ,
   2.21575237458605162E-001 ,
  -4.30333531557722804E-002 ,
   0.00000000000000000E+000 ,
   9.96381458298282396E-001 ,
   8.71453359767555891E-001 ,
  -4.25017721910251126E-002 ,
   0.00000000000000000E+000 ,
   3.05840293512409377E-005 ,
   9.93827476987543146E-001 ,
  -5.53348529190076169E-002 ,
   0.00000000000000000E+000 ,
   2.06904629493494196E-007 ,
   9.99851092073935632E-001 ,
  -8.55384478127521886E-002 ,
                        NaN ,
   2.61109069367808332E-007 ,
   9.99946803013688656E-001 ,
  -9.40516289647901071E-002 ,
   0.00000000000000000E+000 ,
   2.03348809091176372E-007 ,
   9.99657566475717907E-001 ,
  -8.24834970768646425E-002 ,
   0.00000000000000000E+000 ,
   1.90174208284008028E-004 ,
   9.89590563482190544E-001 ,
  -5.43160782767167644E-002 ,
   0.00000000000000000E+000 ,
   9.99931553553808361E-001 ,
   7.35714072362144256E-001 ,
  -4.32339975949856889E-002 ,
   0.00000000000000000E+000 ,
   9.99988603814320087E-001 ,
   1.79277232067219905E-001 ,
  -4.41770102491375119E-002 ,
   0.00000000000000000E+000 ,
   9.99999789703999165E-001 ,
   1.74917378340818330E-001 ,
  -4.47097061331149098E-002 ,
   0.00000000000000000E+000 ,
   1.00000008989025879E+000 ,
   1.74113693745829856E-001 ,
  -4.49670006236751116E-002 ,
   0.00000000000000000E+000 ,
   9.99993144996129013E-001 ,
   1.85244461946573319E-001 ,
  -4.49190089904351886E-002 ,
   0.00000000000000000E+000 ,
   1.00000003889876865E+000 ,
   1.77714236244437246E-001 ,
  -4.37383466981257144E-002 ,
   0.00000000000000000E+000 ,
   9.99996090013282268E-001 ,
   2.09044210577982392E-001 ,
  -4.30394985449376044E-002 ,
   0.00000000000000000E+000 ,
   9.99614495165192185E-001 ,
   9.49687990923323122E-001 ,
  -4.22738929690952073E-002 ,
   0.00000000000000000E+000 ,
   1.78008790295976600E-007 ,
   9.98130388648677647E-001 ,
  -7.08952543764368587E-002 ,
   1.75000000000000017E-001 ,
   2.44485032986355221E-007 ,
   9.99947902853976944E-001 ,
  -8.96340046006835617E-002 ,
   0.00000000000000000E+000 ,
   2.50921424891761849E-007 ,
   9.99989901616432530E-001 ,
  -9.56585551008354434E-002 ,
   0.00000000000000000E+000 ,
   2.91627374287006025E-007 ,
   9.99939371063356730E-001 ,
  -8.78833235690963249E-002 ,
   0.00000000000000000E+000 ,
   2.47298853259483904E-007 ,
   9.98169707197211542E-001 ,
  -6.47473836814081716E-002 ,
   0.00000000000000000E+000 ,
   9.99757970142085894E-001 ,
   9.59759477952039530E-001 ,
  -4.34224036132288826E-002 ,
   0.00000000000000000E+000 ,
   9.99963120181806664E-001 ,
   3.30293293520694475E-001 ,
  -4.28354163896717752E-002 ,
   0.00000000000000000E+000 ,
   9.99998241436656388E-001 ,
   1.79296576883610337E-001 ,
  -4.38690914332717369E-002 ,
   0.00000000000000000E+000 ,
   9.99998324372091685E-001 ,
   1.76240310743573325E-001 ,
  -4.45419903616265586E-002 ,
   0.00000000000000000E+000 ,
   9.99999786136646973E-001 ,
   1.77284870879953205E-001 ,
  -4.37232209913505435E-002 ,
   0.00000000000000000E+000 ,
   9.99970363912597859E-001 ,
   4.03356793167935379E-001 ,
  -4.29271479938993714E-002 ,
   0.00000000000000000E+000 ,
   9.99991087666971423E-001 ,
   8.90018177313420256E-001 ,
  -4.23685256702938107E-002 ,
   0.00000000000000000E+000 ,
   8.00044708541124194E-001 ,
   9.92283020105084179E-001 ,
  -4.30199842893711978E-002 ,
   1.00000000000000000E+000 ,
   2.07790743225536000E-007 ,
   9.99683127128235816E-001 ,
  -7.95445471556023714E-002 ,
   1.00000000000000000E+000 ,
   2.50897470164488171E-007 ,
   9.99990707168450621E-001 ,
  -9.27048521191607272E-002 ,
   1.00000000000000000E+000 ,
   2.38908886854095027E-007 ,
   9.99999625259854308E-001 ,
  -9.74287242644946289E-002 ,
   1.00000000000000000E+000 ,
   2.93603412615525950E-007 ,
   9.99993354174643190E-001 ,
  -9.32001671034692614E-002 ,
   1.00000000000000000E+000 ,
   2.52466535881215770E-007 ,
   9.99822133733706320E-001 ,
  -8.19842911771274246E-002 ,
   4.56250000000000044E-001 ,
   5.13415675971192788E-003 ,
   9.96897765190474239E-001 ,
  -5.28171162166845773E-002 ,
   1.00000000000000000E+000 ,
   9.91670210912675376E-001 ,
   9.67720028535932308E-001 ,
  -4.26086314358160509E-002 ,
   7.50000000000000000E-001 ,
   9.99995270087316590E-001 ,
   8.14806173071753403E-001 ,
  -4.25211508470198785E-002 ,
   0.00000000000000000E+000 ,
   9.99972813831186524E-001 ,
   5.23980223112156418E-001 ,
  -4.34615594572108008E-002 ,
   0.00000000000000000E+000 ,
   9.99994543557285454E-001 ,
   5.92996020303210747E-001 ,
  -4.30131999379250035E-002 ,
   0.00000000000000000E+000 ,
   9.99399371344283693E-001 ,
   9.47437725926044250E-001 ,
  -4.29825454164477413E-002 ,
   0.00000000000000000E+000 ,
   8.02497159873139789E-004 ,
   9.93085864521625727E-001 ,
  -5.22318134620493729E-002 ,
   1.00000000000000000E+000 ,
   1.92191272306206551E-007 ,
   9.99375072837323630E-001 ,
  -7.42174816776363655E-002 ,
   1.00000000000000000E+000 ,
   2.69827342795152041E-007 ,
   9.99967547191774830E-001 ,
  -8.93298220490656575E-002 ,
   1.00000000000000000E+000 ,
   2.60542726494573344E-007 ,
   9.99998915352386386E-001 ,
  -9.58346638384346278E-002 ,
   1.00000000000000000E+000 ,
   2.32403651666293824E-007 ,
   1.00000048227481386E+000 ,
  -9.86630231755044051E-002 ,
   1.00000000000000000E+000 ,
   2.46270263428041690E-007 ,
   1.00000025105594004E+000 ,
  -9.66488110370533338E-002 ,
   1.00000000000000000E+000 ,
   3.87946650587098389E-007 ,
   9.99989615068184512E-001 ,
  -9.21546909108658663E-002 ,
   1.00000000000000000E+000 ,
   2.12057214874147861E-007 ,
   9.99849770742515687E-001 ,
  -8.30821238357194042E-002 ,
   1.00000000000000000E+000 ,
   1.86904688160002934E-007 ,
   9.98716627688078118E-001 ,
  -6.93181123316838066E-002 ,
   1.00000000000000000E+000 ,
   1.79258756543889065E-006 ,
   9.93996567588438351E-001 ,
  -5.65002970721439762E-002 ,
   1.00000000000000000E+000 ,
   6.76357671558221463E-001 ,
   9.84687536027366583E-001 ,
  -4.39391126803282961E-002 ,
   0.00000000000000000E+000 ,
   6.67938769024295720E-001 ,
   9.89232136127786266E-001 ,
  -4.39503990142424833E-002 ,
   0.00000000000000000E+000 ,
   3.30605563952390524E-006 ,
   9.97511768513029473E-001 ,
  -6.04689131070350397E-002 ,
   0.00000000000000000E+000 ,
   2.33531513805462089E-007 ,
   9.99648525804036958E-001 ,
  -7.95462428405199068E-002 ,
   0.00000000000000000E+000 ,
   2.30472946130502516E-007 ,
   9.99966435821558863E-001 ,
  -8.94998251898567465E-002 ,
   1.00000000000000000E+000 ,
   2.68996437118189822E-007 ,
   9.99998015251379102E-001 ,
  -9.50820413508005752E-002 ,
   1.00000000000000000E+000 ,
   2.96319298794715048E-007 ,
   1.00000072083131353E+000 ,
  -9.79090175484246539E-002 ,
   1.00000000000000000E+000 ,
   2.42133215836711084E-007 ,
   1.00000079485756221E+000 ,
  -9.93824988060632158E-002 ,
   1.00000000000000000E+000 ,
   2.96827780911232366E-007 ,
   1.00000100165616757E+000 ,
  -9.85228877396874814E-002 ,
   1.00000000000000000E+000 ,
   2.77584067115635466E-007 ,
   9.99999970029222585E-001 ,
  -9.67918827335660925E-002 ,
   1.00000000000000000E+000 ,
   3.25778954661934080E-007 ,
   9.99995142951712990E-001 ,
  -9.39201395435094594E-002 ,
   1.00000000000000000E+000 ,
   2.61693578332561088E-007 ,
   9.99963954352340423E-001 ,
  -9.01448369482976963E-002 ,
   1.00000000000000000E+000 ,
   2.22465875779203765E-007 ,
   9.99852128009041885E-001 ,
  -8.66048474776435068E-002 ,
   1.00000000000000000E+000 ,
   2.69374778666709166E-007 ,
   9.99661290746060249E-001 ,
  -8.52833108039288412E-002 ,
   0.00000000000000000E+000 ,
   2.46395172972113818E-007 ,
   9.99766074751432421E-001 ,
  -8.53894679114908101E-002 ,
   0.00000000000000000E+000 ,
   2.12781477789357138E-007 ,
   9.99930953777604548E-001 ,
  -8.82105290987619112E-002 ,
   0.00000000000000000E+000 ,
   3.31851731331394523E-007 ,
   9.99988312222349407E-001 ,
  -9.24239754096545796E-002 ,
   1.00000000000000000E+000 ,
   2.70775429283055894E-007 ,
   9.99998609170657637E-001 ,
  -9.57481515160593516E-002 ,
   1.00000000000000000E+000 ,
   3.02463859182958421E-007 ,
   1.00000062073373375E+000 ,
  -9.78820224090618807E-002 ,
   1.00000000000000000E+000 ,
   2.91159194757995129E-007 ,
   1.00000082533902024E+000 ,
  -9.90576642617485154E-002 ,
