1
0
4
0
(16 0
((0,0) (31,31) (0,0))
((0,32) (31,63) (0,0))
((0,64) (31,95) (0,0))
((0,96) (31,127) (0,0))
((32,0) (63,31) (0,0))
((32,32) (63,63) (0,0))
((32,64) (63,95) (0,0))
((32,96) (63,127) (0,0))
((64,0) (95,31) (0,0))
((64,32) (95,63) (0,0))
((64,64) (95,95) (0,0))
((64,96) (95,127) (0,0))
((96,0) (127,31) (0,0))
((96,32) (127,63) (0,0))
((96,64) (127,95) (0,0))
((96,96) (127,127) (0,0))
)
16
FabOnDisk: Cell_D_00000 0
FabOnDisk: Cell_D_00000 32850
FabOnDisk: Cell_D_00000 65701
FabOnDisk: Cell_D_00000 98552
FabOnDisk: Cell_D_00000 131404
FabOnDisk: Cell_D_00000 164255
FabOnDisk: Cell_D_00000 197107
FabOnDisk: Cell_D_00000 229959
FabOnDisk: Cell_D_00000 262812
FabOnDisk: Cell_D_00000 295663
FabOnDisk: Cell_D_00000 328515
FabOnDisk: Cell_D_00000 361367
FabOnDisk: Cell_D_00000 394220
FabOnDisk: Cell_D_00000 427072
FabOnDisk: Cell_D_00000 459925
FabOnDisk: Cell_D_00000 492778

16,4
  -1.00000000000000006E-001 ,
   0.00000000000000000E+000 ,
   9.99999992623548661E-001 ,
  -9.99999999922408372E-002 ,
  -1.00000000000000006E-001 ,
  -8.93815074300162977E-008 ,
   1.06042955948758053E-001 ,
  -9.99983450686549591E-002 ,
  -1.25000000000000007E-002 ,
  -8.41702709285814201E-008 ,
   1.05594561288414213E-001 ,
  -9.99982823090323908E-002 ,
  -1.00000000000000006E-001 ,
   0.00000000000000000E+000 ,
   9.99999992750242428E-001 ,
  -9.99999999916444393E-002 ,
   0.00000000000000000E+000 ,
   0.00000000000000000E+000 ,
   9.99999999999988343E-001 ,
  -1.00000000000000006E-001 ,
  -1.00000000000000006E-001 ,
   0.00000000000000000E+000 ,
   9.99999973940000952E-001 ,
  -9.99999999935501926E-002 ,
  -1.00000000000000006E-001 ,
   0.00000000000000000E+000 ,
   9.99999973932808817E-001 ,
  -9.99999999933752215E-002 ,
  -1.00000000000000006E-001 ,
   0.00000000000000000E+000 ,
   9.99999999999931388E-001 ,
  -1.00000000000000006E-001 ,
  -1.00000000000000006E-001 ,
   0.00000000000000000E+000 ,
   1.00000000000000000E+000 ,
  -1.00000000000000006E-001 ,
   0.00000000000000000E+000 ,
   0.00000000000000000E+000 ,
   1.00000000000000000E+000 ,
  -1.00000000000000006E-001 ,
  -1.00000000000000006E-001 ,
   0.00000000000000000E+000 ,
   1.00000000000000000E+000 ,
  -1.00000000000000006E-001 ,
   0.00000000000000000E+000 ,
   0.00000000000000000E+000 ,
   1.00000000000000000E+000 ,
  -1.00000000000000006E-001 ,
  -1.00000000000000006E-001 ,
   0.00000000000000000E+000 ,
   1.00000000000000000E+000 ,
  -1.00000000000000006E-001 ,
  -1.00000000000000006E-001 ,
   0.00000000000000000E+000 ,
   1.00000000000000000E+000 ,
  -1.00000000000000006E-001 ,
  -1.00000000000000006E-001 ,
   0.00000000000000000E+000 ,
   1.00000000000000000E+000 ,
  -1.00000000000000006E-001 ,
  -1.00000000000000006E-001 ,
   0.00000000000000000E+000 ,
   1.00000000000000000E+000 ,
  -1.00000000000000006E-001 ,

16,4
   2.12199579145933796E-308 ,
   0.00000000000000000E+000 ,
   1.00000000000000000E+000 ,
  -9.98889546505954684E-002 ,
   1.56250000000000000E-002 ,
   1.00000001618975842E+000 ,
   1.00000024703931567E+000 ,
  -4.48334741383550270E-002 ,
   1.45887210628862472E-308 ,
   1.00000001727123999E+000 ,
   1.00000034509949320E+000 ,
  -4.48089348149794398E-002 ,
   2.12199579096535482E-308 ,
   0.00000000000000000E+000 ,
   1.00000000000000000E+000 ,
  -9.98852773904191360E-002 ,
   1.00000000000000000E+000 ,
   0.00000000000000000E+000 ,
   1.00000000000000000E+000 ,
  -9.99990655165366032E-002 ,
   1.00000000000000000E+000 ,
   0.00000000000000000E+000 ,
   1.00000000001931078E+000 ,
  -9.98372018776714776E-002 ,
   1.00000000000000000E+000 ,
   0.00000000000000000E+000 ,
   1.00000000000000000E+000 ,
  -9.98371994944366042E-002 ,
   1.00000000000000000E+000 ,
   0.00000000000000000E+000 ,
   1.00000000000000000E+000 ,
  -9.99990294240026695E-002 ,
   2.09800035850026933E-319 ,
   0.00000000000000000E+000 ,
   1.00000000000000000E+000 ,
  -9.99999999970799802E-002 ,
   1.00000000000000000E+000 ,
   0.00000000000000000E+000 ,
   1.00000000000000000E+000 ,
  -9.99999997432043791E-002 ,
   1.00000000000000000E+000 ,
   0.00000000000000000E+000 ,
   1.00000000000000000E+000 ,
  -9.99999997431471471E-002 ,
   1.00000000000000000E+000 ,
   0.00000000000000000E+000 ,
   1.00000000000000000E+000 ,
  -9.99999999969961306E-002 ,
   1.00000000000000000E+000 ,
   0.00000000000000000E+000 ,
   1.00000000000000000E+000 ,
  -1.00000000000000006E-001 ,
   1.00000000000000000E+000 ,
   0.00000000000000000E+000 ,
   1.00000000000000000E+000 ,
  -1.00000000000000006E-001 ,
   1.00000000000000000E+000 ,
   0.00000000000000000E+000 ,
   1.00000000000000000E+000 ,
  -1.00000000000000006E-001 ,
   5.24500089625067331E-319 ,
   0.00000000000000000E+000 ,
   1.00000000000000000E+000 ,
  -1.00000000000000006E-001 ,
