1
0
4
0
(16 0
((0,0) (31,31) (0,0))
((0,32) (31,63) (0,0))
((0,64) (31,95) (0,0))
((0,96) (31,127) (0,0))
((32,0) (63,31) (0,0))
((32,32) (63,63) (0,0))
((32,64) (63,95) (0,0))
((32,96) (63,127) (0,0))
((64,0) (95,31) (0,0))
((64,32) (95,63) (0,0))
((64,64) (95,95) (0,0))
((64,96) (95,127) (0,0))
((96,0) (127,31) (0,0))
((96,32) (127,63) (0,0))
((96,64) (127,95) (0,0))
((96,96) (127,127) (0,0))
)
16
FabOnDisk: Cell_D_00000 0
FabOnDisk: Cell_D_00000 32850
FabOnDisk: Cell_D_00000 65701
FabOnDisk: Cell_D_00000 98552
FabOnDisk: Cell_D_00000 131404
FabOnDisk: Cell_D_00000 164255
FabOnDisk: Cell_D_00000 197107
FabOnDisk: Cell_D_00000 229959
FabOnDisk: Cell_D_00000 262812
FabOnDisk: Cell_D_00000 295663
FabOnDisk: Cell_D_00000 328515
FabOnDisk: Cell_D_00000 361367
FabOnDisk: Cell_D_00000 394220
FabOnDisk: Cell_D_00000 427072
FabOnDisk: Cell_D_00000 459925
FabOnDisk: Cell_D_00000 492778

16,4
  -7.62207031249999833E-002 ,
  -1.00735821267097753E-007 ,
   1.66326036568520186E-001 ,
  -9.98619271046792406E-002 ,
  -8.74999999999999944E-002 ,
  -2.51004843356828712E-008 ,
   1.24332184931799317E-001 ,
  -9.46770783805332417E-002 ,
  -1.11328124999999986E-002 ,
  -2.29160803927622100E-008 ,
   1.23916658615684294E-001 ,
  -9.48765502834627295E-002 ,
  -1.00000000000000006E-001 ,
  -9.14864807871210068E-008 ,
   1.66509550354315305E-001 ,
  -9.98598996885953355E-002 ,
  -8.74999999999999944E-002 ,
  -8.56443516878064086E-008 ,
   9.99602712165083673E-001 ,
  -9.99963148670477836E-002 ,
  -1.00000000000000006E-001 ,
  -8.96029802255695510E-008 ,
   6.11398351235661663E-001 ,
  -9.99169495334487068E-002 ,
  -1.00000000000000006E-001 ,
  -7.56021109288587846E-008 ,
   5.23876039433023299E-001 ,
  -9.99182579117865316E-002 ,
  -1.00000000000000006E-001 ,
  -1.02701689891440898E-007 ,
   9.99664140054020489E-001 ,
  -9.99962717658682693E-002 ,
  -1.00000000000000006E-001 ,
   0.00000000000000000E+000 ,
   9.99999999881642787E-001 ,
  -9.99999866215544042E-002 ,
   0.00000000000000000E+000 ,
   0.00000000000000000E+000 ,
   9.99999978145192703E-001 ,
  -9.99997739064308611E-002 ,
  -1.00000000000000006E-001 ,
   0.00000000000000000E+000 ,
   9.99999978167940062E-001 ,
  -9.99997737190261304E-002 ,
   0.00000000000000000E+000 ,
   0.00000000000000000E+000 ,
   9.99999999884315316E-001 ,
  -9.99999864234596136E-002 ,
  -1.00000000000000006E-001 ,
   0.00000000000000000E+000 ,
   1.00000000000000000E+000 ,
  -9.99999999875847839E-002 ,
  -1.00000000000000006E-001 ,
   0.00000000000000000E+000 ,
   1.00000000000000000E+000 ,
  -9.99999998210602675E-002 ,
  -1.00000000000000006E-001 ,
   0.00000000000000000E+000 ,
   1.00000000000000000E+000 ,
  -9.99999998200966772E-002 ,
  -1.00000000000000006E-001 ,
   0.00000000000000000E+000 ,
   1.00000000000000000E+000 ,
  -9.99999999874095491E-002 ,

16,4
   1.00000000000000000E+000 ,
   7.18026385056227623E-001 ,
   9.99999999741811862E-001 ,
  -4.39269717721063810E-002 ,
   0.00000000000000000E+000 ,
   1.00000001864739851E+000 ,
   9.99183302353124581E-001 ,
  -4.27022269058673909E-002 ,
   0.00000000000000000E+000 ,
   1.00000002587537740E+000 ,
   9.99318138412771506E-001 ,
  -4.27563466466272871E-002 ,
   1.00000000000000000E+000 ,
   7.13148167038739178E-001 ,
   9.99999999736320699E-001 ,
  -4.40569640658920250E-002 ,
   1.00000000000000000E+000 ,
   1.01176372666663109E-007 ,
   1.00000023322263165E+000 ,
  -9.57062906841978228E-002 ,
   1.00000000000000000E+000 ,
   3.71829105003123703E-005 ,
   9.99999999711649656E-001 ,
  -5.84247088257258129E-002 ,
   1.00000000000000000E+000 ,
   3.46547763240016415E-003 ,
   9.99999999720369792E-001 ,
  -5.61288845379858473E-002 ,
   1.00000000000000000E+000 ,
   9.05246383770401286E-008 ,
   1.00000019941800056E+000 ,
  -9.58455687742700985E-002 ,
   2.09800035850026933E-319 ,
   0.00000000000000000E+000 ,
   1.00000000000000000E+000 ,
  -9.99348216442255410E-002 ,
   1.00000000000000000E+000 ,
   0.00000000000000000E+000 ,
   1.00000000000000000E+000 ,
  -9.97325525970788884E-002 ,
   1.00000000000000000E+000 ,
   0.00000000000000000E+000 ,
   1.00000000000000000E+000 ,
  -9.97326527484662662E-002 ,
   1.00000000000000000E+000 ,
   0.00000000000000000E+000 ,
   1.00000000000000000E+000 ,
  -9.99357938022209374E-002 ,
   1.00000000000000000E+000 ,
   0.00000000000000000E+000 ,
   1.00000000000000000E+000 ,
  -9.99998307493734362E-002 ,
   1.00000000000000000E+000 ,
   0.00000000000000000E+000 ,
   1.00000000000000000E+000 ,
  -9.99994203166118534E-002 ,
   1.00000000000000000E+000 ,
   0.00000000000000000E+000 ,
   1.00000000000000000E+000 ,
  -9.99994203412277738E-002 ,
   5.24500089625067331E-319 ,
   0.00000000000000000E+000 ,
   1.00000000000000000E+000 ,
  -9.99998305100928547E-002 ,
