1
0
4
0
(28 0
((0,408) (23,423) (0,0))
((0,424) (23,455) (0,0))
((0,456) (23,487) (0,0))
((0,488) (23,519) (0,0))
((0,520) (23,551) (0,0))
((0,552) (23,583) (0,0))
((0,584) (23,615) (0,0))
((24,408) (55,423) (0,0))
((24,424) (55,455) (0,0))
((24,456) (55,487) (0,0))
((24,488) (55,519) (0,0))
((24,520) (55,551) (0,0))
((24,552) (55,583) (0,0))
((24,584) (55,615) (0,0))
((56,408) (87,423) (0,0))
((56,424) (87,455) (0,0))
((56,456) (87,487) (0,0))
((56,488) (87,519) (0,0))
((56,520) (87,551) (0,0))
((56,552) (87,583) (0,0))
((56,584) (87,615) (0,0))
((88,408) (119,423) (0,0))
((88,424) (119,455) (0,0))
((88,456) (119,487) (0,0))
((88,488) (119,519) (0,0))
((88,520) (119,551) (0,0))
((88,552) (119,583) (0,0))
((88,584) (119,615) (0,0))
)
28
FabOnDisk: Cell_D_00000 0
FabOnDisk: Cell_D_00000 12373
FabOnDisk: Cell_D_00000 37034
FabOnDisk: Cell_D_00000 61695
FabOnDisk: Cell_D_00000 86356
FabOnDisk: Cell_D_00000 111017
FabOnDisk: Cell_D_00000 135678
FabOnDisk: Cell_D_00000 160339
FabOnDisk: Cell_D_00000 176809
FabOnDisk: Cell_D_00000 209663
FabOnDisk: Cell_D_00000 242517
FabOnDisk: Cell_D_00000 275371
FabOnDisk: Cell_D_00000 308225
FabOnDisk: Cell_D_00000 341079
FabOnDisk: Cell_D_00000 373933
FabOnDisk: Cell_D_00000 390403
FabOnDisk: Cell_D_00000 423257
FabOnDisk: Cell_D_00000 456111
FabOnDisk: Cell_D_00000 488965
FabOnDisk: Cell_D_00000 521819
FabOnDisk: Cell_D_00000 554673
FabOnDisk: Cell_D_00000 587527
FabOnDisk: Cell_D_00000 603998
FabOnDisk: Cell_D_00000 636853
FabOnDisk: Cell_D_00000 669708
FabOnDisk: Cell_D_00000 702563
FabOnDisk: Cell_D_00000 735418
FabOnDisk: Cell_D_00000 768273

28,4
   0.00000000000000000E+000 ,
  -3.27151255868730504E-007 ,
   9.94936919878024129E-001 ,
  -9.75176582974380673E-002 ,
  -1.25000000000000007E-002 ,
  -4.16540969060747367E-007 ,
   7.70270350349410160E-001 ,
  -9.46208775724658446E-002 ,
   2.12199579096527232E-308 ,
  -8.17426364783727320E-009 ,
   1.08949417865283019E-001 ,
  -7.57445029657751179E-002 ,
   2.12199579096527232E-308 ,
   9.89353167397347022E-001 ,
   1.09818843540813726E-001 ,
  -5.06717418717867810E-002 ,
   2.12199579096527232E-308 ,
   3.25051672691536730E-001 ,
   1.09041540897692885E-001 ,
  -5.27209086424304738E-002 ,
   2.12199579096527232E-308 ,
  -3.55366850105489053E-007 ,
   1.68979594438086966E-001 ,
  -8.82680728410427662E-002 ,
   0.00000000000000000E+000 ,
  -5.46352813035130273E-007 ,
   9.61931796836863695E-001 ,
  -9.74109713858953979E-002 ,
   0.00000000000000000E+000 ,
  -3.47216647769752753E-007 ,
   9.96440078582873201E-001 ,
  -9.85452292961217780E-002 ,
  -1.00000000000000006E-001 ,
  -3.82169072498557514E-007 ,
   8.37391535297712153E-001 ,
  -9.69772538176309623E-002 ,
  -1.00000000000000006E-001 ,
  -3.41880703955147542E-007 ,
   1.10403759986130931E-001 ,
  -8.76051177886050803E-002 ,
   2.12199579096527232E-308 ,
   6.71468592985230862E-003 ,
   1.10352470155213503E-001 ,
  -6.23295104803658073E-002 ,
   2.12199579096527232E-308 ,
  -6.09762618557751727E-009 ,
   1.10557395067598582E-001 ,
  -7.71927413527957879E-002 ,
   0.00000000000000000E+000 ,
  -3.52635246325710770E-007 ,
   2.69395854948011770E-001 ,
  -9.36759343283177365E-002 ,
   0.00000000000000000E+000 ,
  -4.35780984663407187E-007 ,
   9.72966724386367221E-001 ,
  -9.84757937806269718E-002 ,
  -1.25000000000000007E-002 ,
  -3.72444851073208144E-007 ,
   9.99266881293136788E-001 ,
  -9.94311744882686588E-002 ,
  -1.00000000000000006E-001 ,
  -4.33206967030738411E-007 ,
   9.67639054047799485E-001 ,
  -9.89028119416077989E-002 ,
  -1.00000000000000006E-001 ,
  -3.46189557582432652E-007 ,
   5.36712832232117854E-001 ,
  -9.62673288880071254E-002 ,
  -1.25000000000000007E-002 ,
  -3.99806604197015728E-007 ,
   1.78143872259971053E-001 ,
  -9.15496801879436967E-002 ,
   0.00000000000000000E+000 ,
  -3.27268660326209171E-007 ,
   2.01364951202502501E-001 ,
  -9.40063934272415552E-002 ,
   0.00000000000000000E+000 ,
  -4.84743553451513780E-007 ,
   8.54815575182370946E-001 ,
  -9.78852489500548484E-002 ,
   0.00000000000000000E+000 ,
  -4.15027650568696945E-007 ,
   9.94445955899037060E-001 ,
  -9.94003972588793500E-002 ,
  -8.74999999999999944E-002 ,
  -3.36682098519638575E-007 ,
   9.99961642409234353E-001 ,
  -9.98278854267430765E-002 ,
  -8.74999999999999944E-002 ,
  -4.42027512212317619E-007 ,
   9.98622190170079915E-001 ,
  -9.96813922320126250E-002 ,
  -8.74999999999999944E-002 ,
  -3.89939155088227761E-007 ,
   9.87407885928581419E-001 ,
  -9.90754440220631971E-002 ,
  -1.25000000000000007E-002 ,
  -3.60860670047567635E-007 ,
   9.77936004360606792E-001 ,
  -9.82643285641090075E-002 ,
  -1.25000000000000007E-002 ,
  -4.28043135432294332E-007 ,
   9.79402882387367502E-001 ,
  -9.86606594311812135E-002 ,
   0.00000000000000000E+000 ,
  -3.61334840363491485E-007 ,
   9.94967941810086964E-001 ,
  -9.94278670899159389E-002 ,
   0.00000000000000000E+000 ,
  -4.14845146977223030E-007 ,
   9.99730226882494577E-001 ,
  -9.98194385465411144E-002 ,

28,4
   0.00000000000000000E+000 ,
   3.05211269833166874E-007 ,
   9.99570912814127799E-001 ,
  -9.43609659942775264E-002 ,
   2.12199579096527232E-308 ,
   4.88371537155275157E-007 ,
   9.95808919887303357E-001 ,
  -7.38042468190095724E-002 ,
   2.12199579096527232E-308 ,
   9.96582917598017537E-001 ,
   8.14905131488783852E-001 ,
  -4.85088613693324955E-002 ,
   2.12199579096527232E-308 ,
   9.99999755476637442E-001 ,
   1.17792561582183083E-001 ,
  -4.95136067848573891E-002 ,
   2.12199579096527232E-308 ,
   9.99995117806269707E-001 ,
   2.24210966246241844E-001 ,
  -4.86431184628994678E-002 ,
   2.12199579096527232E-308 ,
   6.58857892852903526E-001 ,
   9.68716803023496387E-001 ,
  -4.99576633244603677E-002 ,
   1.00000000000000000E+000 ,
   2.88606270379043019E-007 ,
   9.99572841095597964E-001 ,
  -8.75404702778820459E-002 ,
   1.56250000000000000E-002 ,
   3.92731469986552276E-007 ,
   9.99907371569701109E-001 ,
  -9.49322089946045139E-002 ,
   1.56250000000000000E-002 ,
   4.22878538071744937E-007 ,
   9.99100482218001185E-001 ,
  -7.70411224528262384E-002 ,
   5.00000000000000000E-001 ,
   9.82594937345702468E-001 ,
   9.61372072166698177E-001 ,
  -4.86914458576395981E-002 ,
   2.12199579096527232E-308 ,
   9.99987573960963383E-001 ,
   4.61028444309128371E-001 ,
  -4.94741841670341062E-002 ,
   2.12199579096527232E-308 ,
   9.99950706432753966E-001 ,
   8.28340711272135155E-001 ,
  -4.89136516640073307E-002 ,
   1.00000000000000000E+000 ,
   1.67572379073601618E-001 ,
   9.93288400196024046E-001 ,
  -5.48207551656112527E-002 ,
   1.00000000000000000E+000 ,
   4.08247303709099220E-007 ,
   9.99907630971813566E-001 ,
  -8.89227348718760885E-002 ,
   1.56250000000000000E-002 ,
   4.09916763294102668E-007 ,
   9.99995048456738478E-001 ,
  -9.71894562463156697E-002 ,
   1.56250000000000000E-002 ,
   4.21388501629867152E-007 ,
   9.99951141548791278E-001 ,
  -8.84549710958195401E-002 ,
   2.12199579096527232E-308 ,
   1.24657219233300742E-003 ,
   9.98298996351974499E-001 ,
  -6.48168911556112198E-002 ,
   2.12199579096527232E-308 ,
   6.04725462197522545E-001 ,
   9.85019777296685661E-001 ,
  -5.06984226958738585E-002 ,
   1.00000000000000000E+000 ,
   4.78461743736417255E-001 ,
   9.93893691925371470E-001 ,
  -5.20483671325140396E-002 ,
   1.00000000000000000E+000 ,
   4.33182577656675788E-007 ,
   9.99661450643307803E-001 ,
  -7.87431045089042325E-002 ,
   1.00000000000000000E+000 ,
   4.16686898048771765E-007 ,
   9.99995335077130010E-001 ,
  -9.41122540949003439E-002 ,
  -1.25000000000000007E-002 ,
   3.67773548109631603E-007 ,
   1.00000026669800546E+000 ,
  -9.89868608497038310E-002 ,
   0.00000000000000000E+000 ,
   3.64422274225388341E-007 ,
   9.99999223478994947E-001 ,
  -9.65400967557778489E-002 ,
   0.00000000000000000E+000 ,
   4.82412967760970859E-007 ,
   9.99979725114967355E-001 ,
  -9.20914417773663480E-002 ,
   0.00000000000000000E+000 ,
   3.79974050718286329E-007 ,
   9.99858145733277803E-001 ,
  -8.99232075564573852E-002 ,
   0.00000000000000000E+000 ,
   4.00558588846868935E-007 ,
   9.99935213400424794E-001 ,
  -9.04271226054686045E-002 ,
   1.00000000000000000E+000 ,
   3.44466187105863606E-007 ,
   9.99995622923467442E-001 ,
  -9.44237856032845990E-002 ,
   1.00000000000000000E+000 ,
   3.60310596435146997E-007 ,
   1.00000093146008484E+000 ,
  -9.80435474582682237E-002 ,
