1
0
4
0
(28 0
((0,24) (23,39) (0,0))
((0,40) (23,71) (0,0))
((0,72) (23,103) (0,0))
((0,104) (23,135) (0,0))
((0,136) (23,167) (0,0))
((0,168) (23,199) (0,0))
((0,200) (23,231) (0,0))
((24,24) (47,39) (0,0))
((24,40) (47,71) (0,0))
((24,72) (47,103) (0,0))
((24,104) (47,135) (0,0))
((24,136) (47,167) (0,0))
((24,168) (47,199) (0,0))
((24,200) (47,231) (0,0))
((48,24) (71,39) (0,0))
((48,40) (71,71) (0,0))
((48,72) (71,103) (0,0))
((48,104) (71,135) (0,0))
((48,136) (71,167) (0,0))
((48,168) (71,199) (0,0))
((48,200) (71,231) (0,0))
((72,24) (103,39) (0,0))
((72,40) (103,71) (0,0))
((72,72) (103,103) (0,0))
((72,104) (103,135) (0,0))
((72,136) (103,167) (0,0))
((72,168) (103,199) (0,0))
((72,200) (103,231) (0,0))
)
28
FabOnDisk: Cell_D_00000 0
FabOnDisk: Cell_D_00000 12371
FabOnDisk: Cell_D_00000 37030
FabOnDisk: Cell_D_00000 61690
FabOnDisk: Cell_D_00000 86351
FabOnDisk: Cell_D_00000 111012
FabOnDisk: Cell_D_00000 135673
FabOnDisk: Cell_D_00000 160334
FabOnDisk: Cell_D_00000 172706
FabOnDisk: Cell_D_00000 197366
FabOnDisk: Cell_D_00000 222027
FabOnDisk: Cell_D_00000 246689
FabOnDisk: Cell_D_00000 271351
FabOnDisk: Cell_D_00000 296013
FabOnDisk: Cell_D_00000 320675
FabOnDisk: Cell_D_00000 333047
FabOnDisk: Cell_D_00000 357707
FabOnDisk: Cell_D_00000 382368
FabOnDisk: Cell_D_00000 407030
FabOnDisk: Cell_D_00000 431692
FabOnDisk: Cell_D_00000 456354
FabOnDisk: Cell_D_00000 481016
FabOnDisk: Cell_D_00000 497485
FabOnDisk: Cell_D_00000 530338
FabOnDisk: Cell_D_00000 563192
FabOnDisk: Cell_D_00000 596047
FabOnDisk: Cell_D_00000 628902
FabOnDisk: Cell_D_00000 661757

28,4
   0.00000000000000000E+000 ,
  -1.72677202765977185E-007 ,
   9.89592989804942036E-001 ,
  -9.71751427104504129E-002 ,
   0.00000000000000000E+000 ,
  -9.22953656960528920E-008 ,
   1.27834195432963899E-001 ,
  -9.16121743289786822E-002 ,
   0.00000000000000000E+000 ,
   1.73935972055952259E-004 ,
   1.38908431826775508E-001 ,
  -4.56171212656694830E-002 ,
   0.00000000000000000E+000 ,
   2.51333055915659628E-003 ,
   1.51286651244122050E-001 ,
  -4.59504862226262703E-002 ,
   0.00000000000000000E+000 ,
   4.96262896810198287E-004 ,
   1.53616332757698981E-001 ,
  -4.59201761929584271E-002 ,
   0.00000000000000000E+000 ,
  -6.93868347214197657E-008 ,
   1.28357700264455893E-001 ,
  -7.55668308237958247E-002 ,
  -5.78125000000000028E-002 ,
  -1.44780985825376965E-007 ,
   1.69224551586737326E-001 ,
  -9.71402974896250077E-002 ,
   0.00000000000000000E+000 ,
  -2.04921191887318354E-007 ,
   9.97933971727828162E-001 ,
  -9.84964680648401786E-002 ,
  -6.18652343749999944E-002 ,
  -1.56546514740677998E-007 ,
   1.76851302495367513E-001 ,
  -9.58758254622367329E-002 ,
  -6.18652343749999944E-002 ,
  -3.60364862836877472E-008 ,
   1.50893535031235981E-001 ,
  -6.97205452178652901E-002 ,
   0.00000000000000000E+000 ,
   1.73174997519638619E-003 ,
   1.57060414315758651E-001 ,
  -4.58208549433191531E-002 ,
   0.00000000000000000E+000 ,
   3.34003543020726346E-004 ,
   1.56729026299976593E-001 ,
  -4.76898292948595981E-002 ,
  -1.00000000000000006E-001 ,
  -6.49245340356878384E-008 ,
   1.37783737427649794E-001 ,
  -8.91823991640778996E-002 ,
  -1.00000000000000006E-001 ,
  -1.98354910774225194E-007 ,
   9.47803386677136261E-001 ,
  -9.84890915562313951E-002 ,
   0.00000000000000000E+000 ,
  -1.57658026896472073E-007 ,
   9.99816528554973050E-001 ,
  -9.94040479168389890E-002 ,
  -8.74999999999999944E-002 ,
  -1.02971157972062597E-007 ,
   8.86932635704672290E-001 ,
  -9.84674602101004992E-002 ,
  -8.74999999999999944E-002 ,
  -8.32193375183520332E-008 ,
   1.35590927635990066E-001 ,
  -9.16815064582194722E-002 ,
  -8.74999999999999944E-002 ,
  -5.00506916188811621E-008 ,
   1.41776908290371623E-001 ,
  -7.25903348281885935E-002 ,
   0.00000000000000000E+000 ,
  -5.56036312676489359E-008 ,
   1.45035387901745222E-001 ,
  -8.51655552687915623E-002 ,
  -7.57812499999999944E-002 ,
  -7.14121682836363990E-008 ,
   4.49402236969579483E-001 ,
  -9.64361307539401136E-002 ,
  -5.15625000000000042E-002 ,
  -1.67232351530772816E-007 ,
   9.95264443172059643E-001 ,
  -9.94061305541464185E-002 ,
  -8.74999999999999944E-002 ,
  -1.71012967194353043E-007 ,
   9.99993788635076708E-001 ,
  -9.98830328634963405E-002 ,
  -8.74999999999999944E-002 ,
  -2.65730645195036954E-007 ,
   9.97806054006691978E-001 ,
  -9.97216079120711862E-002 ,
  -1.00000000000000006E-001 ,
  -1.83161506834829470E-007 ,
   9.14307703764340340E-001 ,
  -9.87997075813291104E-002 ,
  -1.00000000000000006E-001 ,
  -1.92770647920357429E-007 ,
   6.58903188835445075E-001 ,
  -9.70824841144359435E-002 ,
  -1.00000000000000006E-001 ,
  -1.81236660481360494E-007 ,
   7.16663338076192202E-001 ,
  -9.80136214196567351E-002 ,
   0.00000000000000000E+000 ,
  -1.72064734228345353E-007 ,
   9.87307499459917581E-001 ,
  -9.94033424810119720E-002 ,
   0.00000000000000000E+000 ,
  -2.47712690058647982E-007 ,
   9.99878021473582845E-001 ,
  -9.98838120680054647E-002 ,

28,4
   0.00000000000000000E+000 ,
   1.96408647443180355E-007 ,
   9.99939980648697158E-001 ,
  -8.83265949129416750E-002 ,
   0.00000000000000000E+000 ,
   9.99998588686619505E-001 ,
   9.97153677932493543E-001 ,
  -4.28014762925494549E-002 ,
   0.00000000000000000E+000 ,
   1.00000004331860515E+000 ,
   2.42440477367003582E-001 ,
  -4.33405352037002367E-002 ,
   0.00000000000000000E+000 ,
   1.00000010483201884E+000 ,
   1.71951343630990655E-001 ,
  -4.53029810086187090E-002 ,
   0.00000000000000000E+000 ,
   1.00000001630970581E+000 ,
   1.78710270454412595E-001 ,
  -4.41775497343345966E-002 ,
   0.00000000000000000E+000 ,
   1.00000001188842025E+000 ,
   9.31348830493683333E-001 ,
  -4.24716079114476133E-002 ,
   0.00000000000000000E+000 ,
   7.23107605554398347E-001 ,
   9.99940043796987532E-001 ,
  -4.39716656204526338E-002 ,
   0.00000000000000000E+000 ,
   1.74321643574793877E-007 ,
   9.99993375087782077E-001 ,
  -9.23569950741160578E-002 ,
   0.00000000000000000E+000 ,
   7.84986400987899069E-001 ,
   9.99743448513440991E-001 ,
  -4.33006922501745078E-002 ,
   0.00000000000000000E+000 ,
   9.99983909666954385E-001 ,
   8.45660247165793133E-001 ,
  -4.33414636665475500E-002 ,
   0.00000000000000000E+000 ,
   1.00000001493190172E+000 ,
   1.76708153950498492E-001 ,
  -4.44107617664545318E-002 ,
   0.00000000000000000E+000 ,
   9.99999943482868248E-001 ,
   3.34862361277891596E-001 ,
  -4.31036589617017560E-002 ,
   0.00000000000000000E+000 ,
   9.99995214205519067E-001 ,
   9.93444663566577013E-001 ,
  -4.23445446826763855E-002 ,
   1.00000000000000000E+000 ,
   1.41139054203931932E-007 ,
   9.99993531104445554E-001 ,
  -7.77318868647720318E-002 ,
   1.00000000000000000E+000 ,
   2.10689501809716811E-007 ,
   1.00000007324474760E+000 ,
  -9.62613992716844918E-002 ,
   1.00000000000000000E+000 ,
   1.32220056588721455E-007 ,
   9.99990739971792553E-001 ,
  -7.27962040087831164E-002 ,
   1.00000000000000000E+000 ,
   9.99986123491517276E-001 ,
   9.96920157471323343E-001 ,
  -4.25280135197112080E-002 ,
   1.00000000000000000E+000 ,
   9.99997925683565159E-001 ,
   8.87649919533010090E-001 ,
  -4.27834686142065657E-002 ,
   0.00000000000000000E+000 ,
   9.99993353089638437E-001 ,
   9.82806408012726784E-001 ,
  -4.29891021533624698E-002 ,
   1.00000000000000000E+000 ,
   2.10938952412590070E-004 ,
   9.99827137543177202E-001 ,
  -5.10626190148757084E-002 ,
   1.00000000000000000E+000 ,
   1.83437007533457594E-007 ,
   1.00000009110653010E+000 ,
  -9.02203821544793894E-002 ,
   1.00000000000000000E+000 ,
   1.49241549260301549E-007 ,
   1.00000097303049595E+000 ,
  -9.86203811155389604E-002 ,
   1.00000000000000000E+000 ,
   1.75948167154544713E-007 ,
   1.00000124840858806E+000 ,
  -9.25042199252606306E-002 ,
   1.00000000000000000E+000 ,
   1.49361558867369066E-007 ,
   9.99996368482368503E-001 ,
  -7.50550638938239784E-002 ,
   1.00000000000000000E+000 ,
   7.27488463809014884E-006 ,
   9.99920514551349338E-001 ,
  -6.08155885726242643E-002 ,
   0.00000000000000000E+000 ,
   1.90877948041543942E-007 ,
   9.99980175037531449E-001 ,
  -6.32093223148723488E-002 ,
   1.00000000000000000E+000 ,
   1.74717170505516592E-007 ,
   9.99999891543656982E-001 ,
  -8.65839092349297706E-002 ,
   1.00000000000000000E+000 ,
   1.95635754407502151E-007 ,
   1.00000090852407553E+000 ,
  -9.67784641403697660E-002 ,
