1
0
4
0
(36 0
((0,392) (15,407) (0,0))
((0,408) (15,439) (0,0))
((0,440) (15,471) (0,0))
((0,472) (15,503) (0,0))
((0,504) (15,535) (0,0))
((0,536) (15,567) (0,0))
((0,568) (15,599) (0,0))
((0,600) (15,631) (0,0))
((16,392) (47,407) (0,0))
((16,408) (47,439) (0,0))
((16,440) (47,471) (0,0))
((16,472) (47,503) (0,0))
((16,504) (47,535) (0,0))
((16,536) (47,567) (0,0))
((16,568) (47,599) (0,0))
((16,600) (47,631) (0,0))
((48,392) (79,407) (0,0))
((48,408) (79,439) (0,0))
((48,440) (79,471) (0,0))
((48,472) (79,503) (0,0))
((48,504) (79,535) (0,0))
((48,536) (79,567) (0,0))
((48,568) (79,599) (0,0))
((48,600) (79,631) (0,0))
((80,392) (111,407) (0,0))
((80,408) (111,439) (0,0))
((80,440) (111,471) (0,0))
((80,472) (111,503) (0,0))
((80,504) (111,535) (0,0))
((80,536) (111,567) (0,0))
((80,568) (111,599) (0,0))
((80,600) (111,631) (0,0))
((112,456) (127,471) (0,0))
((112,472) (127,503) (0,0))
((112,504) (127,535) (0,0))
((112,536) (127,567) (0,0))
)
36
FabOnDisk: Cell_D_00000 0
FabOnDisk: Cell_D_00000 8277
FabOnDisk: Cell_D_00000 24746
FabOnDisk: Cell_D_00000 41215
FabOnDisk: Cell_D_00000 57684
FabOnDisk: Cell_D_00000 74153
FabOnDisk: Cell_D_00000 90622
FabOnDisk: Cell_D_00000 107091
FabOnDisk: Cell_D_00000 123560
FabOnDisk: Cell_D_00000 140030
FabOnDisk: Cell_D_00000 172884
FabOnDisk: Cell_D_00000 205738
FabOnDisk: Cell_D_00000 238592
FabOnDisk: Cell_D_00000 271446
FabOnDisk: Cell_D_00000 304300
FabOnDisk: Cell_D_00000 337154
FabOnDisk: Cell_D_00000 370008
FabOnDisk: Cell_D_00000 386478
FabOnDisk: Cell_D_00000 419332
FabOnDisk: Cell_D_00000 452186
FabOnDisk: Cell_D_00000 485040
FabOnDisk: Cell_D_00000 517894
FabOnDisk: Cell_D_00000 550748
FabOnDisk: Cell_D_00000 583602
FabOnDisk: Cell_D_00000 616456
FabOnDisk: Cell_D_00000 632927
FabOnDisk: Cell_D_00000 665782
FabOnDisk: Cell_D_00000 698637
FabOnDisk: Cell_D_00000 731492
FabOnDisk: Cell_D_00000 764347
FabOnDisk: Cell_D_00000 797202
FabOnDisk: Cell_D_00000 830057
FabOnDisk: Cell_D_00000 862912
FabOnDisk: Cell_D_00000 871192
FabOnDisk: Cell_D_00000 887664
FabOnDisk: Cell_D_00000 904136

36,4
   0.00000000000000000E+000 ,
  -3.57660367562625696E-007 ,
   9.97550200969101186E-001 ,
  -9.76547627046162464E-002 ,
   0.00000000000000000E+000 ,
  -3.77695557538093380E-007 ,
   9.02944946412562066E-001 ,
  -9.52205027785550245E-002 ,
   0.00000000000000000E+000 ,
  -3.97887745233971197E-007 ,
   1.21341604867467132E-001 ,
  -8.07849638219316768E-002 ,
   2.12199579096527232E-308 ,
   6.42238318327317592E-001 ,
   1.07107039987930613E-001 ,
  -4.94207388991489624E-002 ,
   2.12199579096527232E-308 ,
   9.99254630066757854E-001 ,
   1.08937581684205725E-001 ,
  -4.94937649050185002E-002 ,
   2.12199579096527232E-308 ,
   9.36903723179583029E-005 ,
   1.06771805721239482E-001 ,
  -6.40577188380135748E-002 ,
   2.12199579096527232E-308 ,
  -3.73769723635290161E-007 ,
   5.31678557141041508E-001 ,
  -9.03242141278231686E-002 ,
                        NaN ,
  -4.21706244266204578E-007 ,
   9.83169474252108322E-001 ,
  -9.75872375952735877E-002 ,
   0.00000000000000000E+000 ,
  -3.74707721950505847E-007 ,
   9.97852900161311562E-001 ,
  -9.83320419285568514E-002 ,
  -1.25000000000000007E-002 ,
  -3.80481165240936689E-007 ,
   9.15445146042606961E-001 ,
  -9.66385878380948138E-002 ,
  -1.25000000000000007E-002 ,
  -3.60759629346080920E-007 ,
   1.40861902752623919E-001 ,
  -8.70599616660452241E-002 ,
   2.12199579096527232E-308 ,
   8.16390729712307972E-002 ,
   1.07772044634639547E-001 ,
  -5.62634798268533964E-002 ,
   2.12199579096527232E-308 ,
   8.58059419799413692E-001 ,
   1.08629168876545001E-001 ,
  -4.93674864160636231E-002 ,
   2.12199579096527232E-308 ,
  -3.35185653459421995E-008 ,
   1.07342316052874517E-001 ,
  -7.57894040594032647E-002 ,
   0.00000000000000000E+000 ,
  -4.19556435704256774E-007 ,
   6.21576520223019457E-001 ,
  -9.33224699905528671E-002 ,
   0.00000000000000000E+000 ,
  -3.85548298490498544E-007 ,
   9.85211897700936312E-001 ,
  -9.82776313537578883E-002 ,
   1.56250000000000000E-002 ,
  -3.93427793960878342E-007 ,
   9.99231374228864877E-001 ,
  -9.91541843869266637E-002 ,
  -1.00000000000000006E-001 ,
  -3.79225797235148352E-007 ,
   9.69184957885910747E-001 ,
  -9.83861370916912087E-002 ,
  -1.00000000000000006E-001 ,
  -3.80162677275981764E-007 ,
   4.06057408675859044E-001 ,
  -9.44822002867531097E-002 ,
  -1.25000000000000007E-002 ,
  -3.12189263545215009E-007 ,
   1.09256542473555346E-001 ,
  -8.51818988921779624E-002 ,
   0.00000000000000000E+000 ,
  -3.93226063306451326E-007 ,
   1.09318878594220140E-001 ,
  -7.93331392691370707E-002 ,
   0.00000000000000000E+000 ,
  -3.62955865065254040E-007 ,
   1.26949060918207290E-001 ,
  -9.06001207962616045E-002 ,
   0.00000000000000000E+000 ,
  -4.29899326988904502E-007 ,
   8.51147507412073456E-001 ,
  -9.69551940821676284E-002 ,
   0.00000000000000000E+000 ,
  -3.82480072145258597E-007 ,
   9.94636106236543194E-001 ,
  -9.91223416304276989E-002 ,
  -1.00000000000000006E-001 ,
  -3.64902333905302869E-007 ,
   9.99907486649287192E-001 ,
  -9.96778115404025333E-002 ,
  -8.74999999999999944E-002 ,
  -3.95470169929063917E-007 ,
   9.96679273940707211E-001 ,
  -9.94154987016096919E-002 ,
  -1.00000000000000006E-001 ,
  -3.97414762648969406E-007 ,
   9.55822668710086365E-001 ,
  -9.82752592892012777E-002 ,
  -1.25000000000000007E-002 ,
  -3.60117382051772087E-007 ,
   8.34581216664798231E-001 ,
  -9.61663374335335885E-002 ,
  -1.25000000000000007E-002 ,
  -3.78058048126917245E-007 ,
   8.22318283501428660E-001 ,
  -9.51006452284917647E-002 ,
   0.00000000000000000E+000 ,
  -4.16407320653418395E-007 ,
   8.97161219899382911E-001 ,
  -9.73253085910329579E-002 ,
   0.00000000000000000E+000 ,
  -4.02008283320710659E-007 ,
   9.86099881210267926E-001 ,
  -9.89673500601050138E-002 ,
   0.00000000000000000E+000 ,
  -4.07398711974075916E-007 ,
   9.99376394543725621E-001 ,
  -9.96647574185783175E-002 ,
  -1.25000000000000007E-002 ,
  -3.25564705052724286E-007 ,
   9.98842070161529372E-001 ,
  -9.86176949894726346E-002 ,
  -1.25000000000000007E-002 ,
  -4.09909891846136863E-007 ,
   9.96603260130945690E-001 ,
  -9.80892071538824184E-002 ,
  -1.25000000000000007E-002 ,
  -3.59009110473634339E-007 ,
   9.96425367775371607E-001 ,
  -9.76233169890992902E-002 ,
  -4.68750000000000069E-003 ,
  -4.13813659927349468E-007 ,
   9.97649647398420325E-001 ,
  -9.86163014914553382E-002 ,

36,4
   0.00000000000000000E+000 ,
   2.73428037385850302E-007 ,
   9.99707479912177899E-001 ,
  -9.52943752937149419E-002 ,
   0.00000000000000000E+000 ,
   3.81225498164115605E-007 ,
   9.97522806439000709E-001 ,
  -8.08671375928362718E-002 ,
   2.12199579096527232E-308 ,
   8.94697837027440546E-001 ,
   9.04967094393392735E-001 ,
  -4.78652677843489638E-002 ,
   2.12199579096527232E-308 ,
   9.99999606483695014E-001 ,
   1.33653160230724100E-001 ,
  -4.77084217904646252E-002 ,
   2.12199579096527232E-308 ,
   1.00000022038763570E+000 ,
   1.14662016534959429E-001 ,
  -4.86810097693665053E-002 ,
   2.12199579096527232E-308 ,
   9.99586295968463934E-001 ,
   5.81923421627018156E-001 ,
  -4.77086825291426833E-002 ,
   2.12199579096527232E-308 ,
   1.44692627097836200E-003 ,
   9.83169635132944530E-001 ,
  -6.30062243074965139E-002 ,
                        NaN ,
   3.78564017707089429E-007 ,
   9.99709074949658438E-001 ,
  -9.04220813518621519E-002 ,
   1.56250000000000000E-002 ,
   3.48165998120815712E-007 ,
   9.99892107287574272E-001 ,
  -9.54542430827850508E-002 ,
   1.56250000000000000E-002 ,
   4.09971625532067799E-007 ,
   9.99083368163313335E-001 ,
  -8.16989972084677801E-002 ,
   2.12199579096527232E-308 ,
   7.18851219870135227E-001 ,
   9.64121870431542072E-001 ,
  -4.79609425895816191E-002 ,
   2.12199579096527232E-308 ,
   9.99998952260367835E-001 ,
   3.26380861113255483E-001 ,
  -4.76932647103800109E-002 ,
   2.12199579096527232E-308 ,
   9.99999934005089686E-001 ,
   1.19836566242946405E-001 ,
  -4.80174052278102351E-002 ,
   2.12199579096527232E-308 ,
   9.98777963997118601E-001 ,
   8.27852316733114324E-001 ,
  -4.76874274226385605E-002 ,
   1.00000000000000000E+000 ,
   3.03318478436850174E-005 ,
   9.93685490178572106E-001 ,
  -6.55627462947502432E-002 ,
   1.00000000000000000E+000 ,
   4.04380189623108110E-007 ,
   9.99892114163396961E-001 ,
  -9.07800527792134576E-002 ,
   1.56250000000000000E-002 ,
   3.49215259490929292E-007 ,
   9.99986164700239377E-001 ,
  -9.68381760245357187E-002 ,
   1.56250000000000000E-002 ,
   3.87228112615770176E-007 ,
   9.99885883319169277E-001 ,
  -8.78293043765275006E-002 ,
   2.12199579096527232E-308 ,
   1.86670199138860189E-002 ,
   9.96005057755771639E-001 ,
  -5.89490409346828323E-002 ,
   2.12199579096527232E-308 ,
   9.86347452992062834E-001 ,
   9.48107761830195406E-001 ,
  -4.80073618442653990E-002 ,
   2.12199579096527232E-308 ,
   9.93514132667044580E-001 ,
   8.81034552191588660E-001 ,
  -4.80123994712246815E-002 ,
   1.00000000000000000E+000 ,
   8.06873983509464265E-001 ,
   9.83466231589875450E-001 ,
  -4.80053099814387735E-002 ,
   1.00000000000000000E+000 ,
   3.93473409901060011E-007 ,
   9.99240836816652211E-001 ,
  -7.71913268486285886E-002 ,
   1.00000000000000000E+000 ,
   3.76596517465600606E-007 ,
   9.99986418816318667E-001 ,
  -9.37090209132626917E-002 ,
   1.56250000000000000E-002 ,
   4.12848864052277923E-007 ,
   9.99999281347506375E-001 ,
  -9.84936854731735673E-002 ,
   1.56250000000000000E-002 ,
   4.27920664972381922E-007 ,
   9.99995461433253019E-001 ,
  -9.48549292449648862E-002 ,
   2.12199579096527232E-308 ,
   4.04778533836000529E-007 ,
   9.99860903491420983E-001 ,
  -8.61189812148036166E-002 ,
   2.12199579096527232E-308 ,
   4.11027016025329379E-007 ,
   9.98611017556096492E-001 ,
  -7.63122542169734075E-002 ,
   2.12199579096527232E-308 ,
   4.33733997985326111E-007 ,
   9.97229720336448744E-001 ,
  -7.53632727141964609E-002 ,
   1.00000000000000000E+000 ,
   3.99413192623155826E-007 ,
   9.99490895027845827E-001 ,
  -8.05140399893884973E-002 ,
   1.00000000000000000E+000 ,
   4.11202119488499928E-007 ,
   9.99970961018890159E-001 ,
  -9.11996215880646471E-002 ,
   0.00000000000000000E+000 ,
   3.61428803111894085E-007 ,
   1.00000033755402407E+000 ,
  -9.71544822196946933E-002 ,
   0.00000000000000000E+000 ,
   3.58145085977831854E-007 ,
   9.99938515447295395E-001 ,
  -9.64050963718206533E-002 ,
   0.00000000000000000E+000 ,
   3.56909661910046136E-007 ,
   9.99838624032974632E-001 ,
  -9.46968603752774002E-002 ,
   0.00000000000000000E+000 ,
   3.93112867309962682E-007 ,
   9.99690576563446398E-001 ,
  -9.45235754479551021E-002 ,
   0.00000000000000000E+000 ,
   5.37711184291744586E-007 ,
   9.99938168868062416E-001 ,
  -9.53694412463006735E-002 ,
