1
0
4
0
(16 0
((0,0) (31,31) (0,0))
((0,32) (31,63) (0,0))
((0,64) (31,95) (0,0))
((0,96) (31,127) (0,0))
((32,0) (63,31) (0,0))
((32,32) (63,63) (0,0))
((32,64) (63,95) (0,0))
((32,96) (63,127) (0,0))
((64,0) (95,31) (0,0))
((64,32) (95,63) (0,0))
((64,64) (95,95) (0,0))
((64,96) (95,127) (0,0))
((96,0) (127,31) (0,0))
((96,32) (127,63) (0,0))
((96,64) (127,95) (0,0))
((96,96) (127,127) (0,0))
)
16
FabOnDisk: Cell_D_00000 0
FabOnDisk: Cell_D_00000 32850
FabOnDisk: Cell_D_00000 65701
FabOnDisk: Cell_D_00000 98552
FabOnDisk: Cell_D_00000 131404
FabOnDisk: Cell_D_00000 164255
FabOnDisk: Cell_D_00000 197107
FabOnDisk: Cell_D_00000 229959
FabOnDisk: Cell_D_00000 262812
FabOnDisk: Cell_D_00000 295663
FabOnDisk: Cell_D_00000 328515
FabOnDisk: Cell_D_00000 361367
FabOnDisk: Cell_D_00000 394220
FabOnDisk: Cell_D_00000 427072
FabOnDisk: Cell_D_00000 459925
FabOnDisk: Cell_D_00000 492778

16,4
  -1.00000000000000006E-001 ,
   0.00000000000000000E+000 ,
   1.00000000000000000E+000 ,
  -1.00000000000000006E-001 ,
  -1.00000000000000006E-001 ,
  -6.10052923791643559E-008 ,
   1.13768074120883037E-001 ,
  -9.99999999999574146E-002 ,
  -1.00000000000000006E-001 ,
  -9.49694513111727234E-008 ,
   1.14314346583503104E-001 ,
  -9.99999999999512112E-002 ,
  -1.00000000000000006E-001 ,
   0.00000000000000000E+000 ,
   1.00000000000000000E+000 ,
  -1.00000000000000006E-001 ,
   0.00000000000000000E+000 ,
   0.00000000000000000E+000 ,
   1.00000000000000000E+000 ,
  -1.00000000000000006E-001 ,
  -1.00000000000000006E-001 ,
   0.00000000000000000E+000 ,
   1.00000000000000000E+000 ,
  -1.00000000000000006E-001 ,
  -1.00000000000000006E-001 ,
   0.00000000000000000E+000 ,
   1.00000000000000000E+000 ,
  -1.00000000000000006E-001 ,
  -1.00000000000000006E-001 ,
   0.00000000000000000E+000 ,
   1.00000000000000000E+000 ,
  -1.00000000000000006E-001 ,
  -1.00000000000000006E-001 ,
   0.00000000000000000E+000 ,
   1.00000000000000000E+000 ,
  -1.00000000000000006E-001 ,
   0.00000000000000000E+000 ,
   0.00000000000000000E+000 ,
   1.00000000000000000E+000 ,
  -1.00000000000000006E-001 ,
  -1.00000000000000006E-001 ,
   0.00000000000000000E+000 ,
   1.00000000000000000E+000 ,
  -1.00000000000000006E-001 ,
   0.00000000000000000E+000 ,
   0.00000000000000000E+000 ,
   1.00000000000000000E+000 ,
  -1.00000000000000006E-001 ,
  -1.00000000000000006E-001 ,
   0.00000000000000000E+000 ,
   1.00000000000000000E+000 ,
  -1.00000000000000006E-001 ,
  -1.00000000000000006E-001 ,
   0.00000000000000000E+000 ,
   1.00000000000000000E+000 ,
  -1.00000000000000006E-001 ,
  -1.00000000000000006E-001 ,
   0.00000000000000000E+000 ,
   1.00000000000000000E+000 ,
  -1.00000000000000006E-001 ,
  -1.00000000000000006E-001 ,
   0.00000000000000000E+000 ,
   1.00000000000000000E+000 ,
  -1.00000000000000006E-001 ,

16,4
   2.12199579145933796E-308 ,
   0.00000000000000000E+000 ,
   1.00000000000000000E+000 ,
  -9.99999952904872536E-002 ,
   1.00000000000000000E+000 ,
   9.99983253270575689E-001 ,
   1.00000014053516306E+000 ,
  -5.04998842767152359E-002 ,
   1.00000000000000000E+000 ,
   9.99982806401109592E-001 ,
   1.00000020641250797E+000 ,
  -5.02188855603678749E-002 ,
   2.12199579096535482E-308 ,
   0.00000000000000000E+000 ,
   1.00000000000000000E+000 ,
  -9.99999946563443765E-002 ,
   1.00000000000000000E+000 ,
   0.00000000000000000E+000 ,
   1.00000000000000000E+000 ,
  -9.99999999999917899E-002 ,
   1.00000000000000000E+000 ,
   0.00000000000000000E+000 ,
   1.00000000000000000E+000 ,
  -9.99999903731549483E-002 ,
   1.00000000000000000E+000 ,
   0.00000000000000000E+000 ,
   1.00000000000000000E+000 ,
  -9.99999903572782595E-002 ,
   1.00000000000000000E+000 ,
   0.00000000000000000E+000 ,
   1.00000000000000000E+000 ,
  -9.99999999999905687E-002 ,
   2.09800035850026933E-319 ,
   0.00000000000000000E+000 ,
   1.00000000000000000E+000 ,
  -1.00000000000000006E-001 ,
   1.00000000000000000E+000 ,
   0.00000000000000000E+000 ,
   1.00000000000000000E+000 ,
  -1.00000000000000006E-001 ,
   1.00000000000000000E+000 ,
   0.00000000000000000E+000 ,
   1.00000000000000000E+000 ,
  -1.00000000000000006E-001 ,
   1.00000000000000000E+000 ,
   0.00000000000000000E+000 ,
   1.00000000000000000E+000 ,
  -1.00000000000000006E-001 ,
   1.00000000000000000E+000 ,
   0.00000000000000000E+000 ,
   1.00000000000000000E+000 ,
  -1.00000000000000006E-001 ,
   1.00000000000000000E+000 ,
   0.00000000000000000E+000 ,
   1.00000000000000000E+000 ,
  -1.00000000000000006E-001 ,
   1.00000000000000000E+000 ,
   0.00000000000000000E+000 ,
   1.00000000000000000E+000 ,
  -1.00000000000000006E-001 ,
   5.24500089625067331E-319 ,
   0.00000000000000000E+000 ,
   1.00000000000000000E+000 ,
  -1.00000000000000006E-001 ,
