NavierStokes-V1.1
4
orientation
phase_field
solute_field
temp_field
2
   2.01999999999980667E-002
3
   0.00000000000000000E+000   0.00000000000000000E+000
   1.02400000000000002E+001   1.02400000000000002E+001
2 2 2 
((0,0) (127,127) (0,0)) ((0,0) (255,255) (0,0)) ((0,0) (511,511) (0,0)) ((0,0) (1023,1023) (0,0)) 
0 0 0 0 
   8.00000000000000017E-002   8.00000000000000017E-002
   4.00000000000000008E-002   4.00000000000000008E-002
   2.00000000000000004E-002   2.00000000000000004E-002
   1.00000000000000002E-002   1.00000000000000002E-002
0
0
0    16     0
0
   0.00000000000000000E+000   2.56000000000000005E+000
   0.00000000000000000E+000   2.56000000000000005E+000
   0.00000000000000000E+000   2.56000000000000005E+000
   2.56000000000000005E+000   5.12000000000000011E+000
   0.00000000000000000E+000   2.56000000000000005E+000
   5.12000000000000011E+000   7.67999999999999972E+000
   0.00000000000000000E+000   2.56000000000000005E+000
   7.67999999999999972E+000   1.02400000000000002E+001
   2.56000000000000005E+000   5.12000000000000011E+000
   0.00000000000000000E+000   2.56000000000000005E+000
   2.56000000000000005E+000   5.12000000000000011E+000
   2.56000000000000005E+000   5.12000000000000011E+000
   2.56000000000000005E+000   5.12000000000000011E+000
   5.12000000000000011E+000   7.67999999999999972E+000
   2.56000000000000005E+000   5.12000000000000011E+000
   7.67999999999999972E+000   1.02400000000000002E+001
   5.12000000000000011E+000   7.67999999999999972E+000
   0.00000000000000000E+000   2.56000000000000005E+000
   5.12000000000000011E+000   7.67999999999999972E+000
   2.56000000000000005E+000   5.12000000000000011E+000
   5.12000000000000011E+000   7.67999999999999972E+000
   5.12000000000000011E+000   7.67999999999999972E+000
   5.12000000000000011E+000   7.67999999999999972E+000
   7.67999999999999972E+000   1.02400000000000002E+001
   7.67999999999999972E+000   1.02400000000000002E+001
   0.00000000000000000E+000   2.56000000000000005E+000
   7.67999999999999972E+000   1.02400000000000002E+001
   2.56000000000000005E+000   5.12000000000000011E+000
   7.67999999999999972E+000   1.02400000000000002E+001
   5.12000000000000011E+000   7.67999999999999972E+000
   7.67999999999999972E+000   1.02400000000000002E+001
   7.67999999999999972E+000   1.02400000000000002E+001
Level_00/Cell
1     6     0
0
   0.00000000000000000E+000   6.40000000000000013E-001
   3.52000000000000002E+000   4.16000000000000014E+000
   0.00000000000000000E+000   6.40000000000000013E-001
   4.16000000000000014E+000   5.44000000000000039E+000
   0.00000000000000000E+000   6.40000000000000013E-001
   5.44000000000000039E+000   6.71999999999999975E+000
   6.40000000000000013E-001   1.60000000000000009E+000
   3.52000000000000002E+000   4.16000000000000014E+000
   6.40000000000000013E-001   1.60000000000000009E+000
   4.16000000000000014E+000   5.44000000000000039E+000
   6.40000000000000013E-001   1.60000000000000009E+000
   5.44000000000000039E+000   6.71999999999999975E+000
Level_01/Cell
2    12     0
0
   0.00000000000000000E+000   4.79999999999999982E-001
   3.83999999999999986E+000   4.48000000000000043E+000
   0.00000000000000000E+000   4.79999999999999982E-001
   4.48000000000000043E+000   5.12000000000000011E+000
   0.00000000000000000E+000   4.79999999999999982E-001
   5.12000000000000011E+000   5.75999999999999979E+000
   0.00000000000000000E+000   4.79999999999999982E-001
   5.75999999999999979E+000   6.40000000000000036E+000
   4.79999999999999982E-001   9.59999999999999964E-001
   3.83999999999999986E+000   4.48000000000000043E+000
   4.79999999999999982E-001   9.59999999999999964E-001
   4.48000000000000043E+000   5.12000000000000011E+000
   4.79999999999999982E-001   9.59999999999999964E-001
   5.12000000000000011E+000   5.75999999999999979E+000
   4.79999999999999982E-001   9.59999999999999964E-001
   5.75999999999999979E+000   6.40000000000000036E+000
   9.59999999999999964E-001   1.43999999999999995E+000
   3.83999999999999986E+000   4.48000000000000043E+000
   9.59999999999999964E-001   1.43999999999999995E+000
   4.48000000000000043E+000   5.12000000000000011E+000
   9.59999999999999964E-001   1.43999999999999995E+000
   5.12000000000000011E+000   5.75999999999999979E+000
   9.59999999999999964E-001   1.43999999999999995E+000
   5.75999999999999979E+000   6.40000000000000036E+000
Level_02/Cell
3    36     0
0
   0.00000000000000000E+000   1.60000000000000003E-001
   3.91999999999999993E+000   4.08000000000000007E+000
   0.00000000000000000E+000   1.60000000000000003E-001
   4.08000000000000007E+000   4.40000000000000036E+000
   0.00000000000000000E+000   1.60000000000000003E-001
   4.40000000000000036E+000   4.71999999999999975E+000
   0.00000000000000000E+000   1.60000000000000003E-001
   4.71999999999999975E+000   5.04000000000000004E+000
   0.00000000000000000E+000   1.60000000000000003E-001
   5.04000000000000004E+000   5.36000000000000032E+000
   0.00000000000000000E+000   1.60000000000000003E-001
   5.36000000000000032E+000   5.67999999999999972E+000
   0.00000000000000000E+000   1.60000000000000003E-001
   5.67999999999999972E+000   6.00000000000000000E+000
   0.00000000000000000E+000   1.60000000000000003E-001
   6.00000000000000000E+000   6.32000000000000028E+000
   1.60000000000000003E-001   4.79999999999999982E-001
   3.91999999999999993E+000   4.08000000000000007E+000
   1.60000000000000003E-001   4.79999999999999982E-001
   4.08000000000000007E+000   4.40000000000000036E+000
   1.60000000000000003E-001   4.79999999999999982E-001
   4.40000000000000036E+000   4.71999999999999975E+000
   1.60000000000000003E-001   4.79999999999999982E-001
   4.71999999999999975E+000   5.04000000000000004E+000
   1.60000000000000003E-001   4.79999999999999982E-001
   5.04000000000000004E+000   5.36000000000000032E+000
   1.60000000000000003E-001   4.79999999999999982E-001
   5.36000000000000032E+000   5.67999999999999972E+000
   1.60000000000000003E-001   4.79999999999999982E-001
   5.67999999999999972E+000   6.00000000000000000E+000
   1.60000000000000003E-001   4.79999999999999982E-001
   6.00000000000000000E+000   6.32000000000000028E+000
   4.79999999999999982E-001   8.00000000000000044E-001
   3.91999999999999993E+000   4.08000000000000007E+000
   4.79999999999999982E-001   8.00000000000000044E-001
   4.08000000000000007E+000   4.40000000000000036E+000
   4.79999999999999982E-001   8.00000000000000044E-001
   4.40000000000000036E+000   4.71999999999999975E+000
   4.79999999999999982E-001   8.00000000000000044E-001
   4.71999999999999975E+000   5.04000000000000004E+000
   4.79999999999999982E-001   8.00000000000000044E-001
   5.04000000000000004E+000   5.36000000000000032E+000
   4.79999999999999982E-001   8.00000000000000044E-001
   5.36000000000000032E+000   5.67999999999999972E+000
   4.79999999999999982E-001   8.00000000000000044E-001
   5.67999999999999972E+000   6.00000000000000000E+000
   4.79999999999999982E-001   8.00000000000000044E-001
   6.00000000000000000E+000   6.32000000000000028E+000
   8.00000000000000044E-001   1.12000000000000011E+000
   3.91999999999999993E+000   4.08000000000000007E+000
   8.00000000000000044E-001   1.12000000000000011E+000
   4.08000000000000007E+000   4.40000000000000036E+000
   8.00000000000000044E-001   1.12000000000000011E+000
   4.40000000000000036E+000   4.71999999999999975E+000
   8.00000000000000044E-001   1.12000000000000011E+000
   4.71999999999999975E+000   5.04000000000000004E+000
   8.00000000000000044E-001   1.12000000000000011E+000
   5.04000000000000004E+000   5.36000000000000032E+000
   8.00000000000000044E-001   1.12000000000000011E+000
   5.36000000000000032E+000   5.67999999999999972E+000
   8.00000000000000044E-001   1.12000000000000011E+000
   5.67999999999999972E+000   6.00000000000000000E+000
   8.00000000000000044E-001   1.12000000000000011E+000
   6.00000000000000000E+000   6.32000000000000028E+000
   1.12000000000000011E+000   1.28000000000000003E+000
   4.56000000000000050E+000   4.71999999999999975E+000
   1.12000000000000011E+000   1.28000000000000003E+000
   4.71999999999999975E+000   5.04000000000000004E+000
   1.12000000000000011E+000   1.28000000000000003E+000
   5.04000000000000004E+000   5.36000000000000032E+000
   1.12000000000000011E+000   1.28000000000000003E+000
   5.36000000000000032E+000   5.67999999999999972E+000
Level_03/Cell
