1
0
4
0
(4 0
((0,96) (15,127) (0,0))
((0,128) (15,159) (0,0))
((16,96) (39,127) (0,0))
((16,128) (39,159) (0,0))
)
4
FabOnDisk: Cell_D_00000 0
FabOnDisk: Cell_D_00000 16468
FabOnDisk: Cell_D_00000 32937
FabOnDisk: Cell_D_00000 57598

4,4
  -1.00000000000000006E-001 ,
  -1.48726666699725803E-007 ,
   1.09162756769611430E-001 ,
  -9.95652157279410394E-002 ,
   0.00000000000000000E+000 ,
  -1.50928908237745762E-007 ,
   1.09294917843853368E-001 ,
  -9.95453013435001755E-002 ,
  -1.00000000000000006E-001 ,
  -2.10580994203662749E-007 ,
   6.27349600119116557E-001 ,
  -9.99888053123359211E-002 ,
  -1.00000000000000006E-001 ,
  -1.75617683007893916E-007 ,
   6.27137449615512210E-001 ,
  -9.99883079441093031E-002 ,

4,4
   1.56250000000000000E-002 ,
   9.99999556176370152E-001 ,
   9.99998556711280684E-001 ,
  -4.85600879496598872E-002 ,
   1.00000000000000000E+000 ,
   9.99999510299208305E-001 ,
   9.99998280142937568E-001 ,
  -4.86937048460813482E-002 ,
   1.56250000000000000E-002 ,
   4.11947545837135600E-004 ,
   1.00000118691918494E+000 ,
  -6.73276916277445736E-002 ,
   1.00000000000000000E+000 ,
   4.13995878978115671E-004 ,
   1.00000096025702856E+000 ,
  -6.74772580177077086E-002 ,
