1
0
4
0
(2 0
((0,96) (31,127) (0,0))
((0,128) (31,159) (0,0))
)
2
FabOnDisk: Cell_D_00000 0
FabOnDisk: Cell_D_00000 32852

2,4
  -1.00000000000000006E-001 ,
  -1.77659323316089584E-007 ,
   1.12768955278562760E-001 ,
  -9.99908914836137586E-002 ,
  -1.25000000000000007E-002 ,
  -1.75566997148790670E-007 ,
   1.13450297855141741E-001 ,
  -9.99902642915059953E-002 ,

2,4
   5.00000000000000000E-001 ,
   9.99993872252142424E-001 ,
   1.00000054256241833E+000 ,
  -5.02376674081420616E-002 ,
   1.00000000000000000E+000 ,
   9.99993762092515226E-001 ,
   1.00000114345395419E+000 ,
  -4.99457557903847035E-002 ,
