1
0
4
0
(19 0
((0,168) (31,183) (0,0))
((0,184) (31,215) (0,0))
((0,216) (31,247) (0,0))
((0,248) (31,279) (0,0))
((0,280) (31,311) (0,0))
((0,312) (31,343) (0,0))
((32,176) (55,207) (0,0))
((32,208) (55,239) (0,0))
((32,240) (55,271) (0,0))
((32,272) (55,303) (0,0))
((32,304) (55,335) (0,0))
((56,184) (79,207) (0,0))
((56,208) (87,231) (0,0))
((56,232) (71,247) (0,0))
((56,248) (71,279) (0,0))
((56,280) (87,303) (0,0))
((56,304) (79,327) (0,0))
((72,232) (95,247) (0,0))
((72,248) (95,279) (0,0))
)
19
FabOnDisk: Cell_D_00000 0
FabOnDisk: Cell_D_00000 16469
FabOnDisk: Cell_D_00000 49322
FabOnDisk: Cell_D_00000 82175
FabOnDisk: Cell_D_00000 115028
FabOnDisk: Cell_D_00000 147881
FabOnDisk: Cell_D_00000 180734
FabOnDisk: Cell_D_00000 205396
FabOnDisk: Cell_D_00000 230058
FabOnDisk: Cell_D_00000 254720
FabOnDisk: Cell_D_00000 279382
FabOnDisk: Cell_D_00000 304044
FabOnDisk: Cell_D_00000 322562
FabOnDisk: Cell_D_00000 347224
FabOnDisk: Cell_D_00000 355502
FabOnDisk: Cell_D_00000 371972
FabOnDisk: Cell_D_00000 396634
FabOnDisk: Cell_D_00000 415152
FabOnDisk: Cell_D_00000 427526

19,4
   0.00000000000000000E+000 ,
  -2.40798203617112979E-007 ,
   9.96476397435054784E-001 ,
  -9.82892110795473839E-002 ,
  -4.21875000000000028E-002 ,
  -1.68417776205047725E-007 ,
   1.57238201594626342E-001 ,
  -9.53676949080298070E-002 ,
   0.00000000000000000E+000 ,
   1.95693286056766373E-006 ,
   1.07332419623766051E-001 ,
  -6.70665872969781335E-002 ,
   0.00000000000000000E+000 ,
   2.15716889550681079E-001 ,
   1.05910326012798844E-001 ,
  -4.76553689010899284E-002 ,
   0.00000000000000000E+000 ,
  -2.11099744330139722E-007 ,
   1.12062408332490301E-001 ,
  -8.72324296144105088E-002 ,
   0.00000000000000000E+000 ,
  -2.22775849401196379E-007 ,
   9.33349221684712127E-001 ,
  -9.82410866019293727E-002 ,
  -1.00000000000000006E-001 ,
  -2.48777977768998715E-007 ,
   9.31219754784977205E-001 ,
  -9.86432137366582279E-002 ,
  -1.00000000000000006E-001 ,
  -1.61287233426764797E-007 ,
   1.12127464882997574E-001 ,
  -9.21919789035712534E-002 ,
  -1.25000000000000007E-002 ,
  -8.55216497517277783E-008 ,
   1.05249563620409450E-001 ,
  -7.41764690364246498E-002 ,
  -3.12500000000000017E-003 ,
  -2.13366571172618154E-007 ,
   1.21226627353176242E-001 ,
  -9.21298930650599757E-002 ,
   0.00000000000000000E+000 ,
  -2.80317526980342153E-007 ,
   9.29266584822418640E-001 ,
  -9.85926341064087275E-002 ,
  -1.00000000000000006E-001 ,
  -2.59385491894538576E-007 ,
   9.94767254778463395E-001 ,
  -9.92921016807378071E-002 ,
  -8.74999999999999944E-002 ,
  -2.26959044899929773E-007 ,
   9.27413070716008536E-001 ,
  -9.86445359023127993E-002 ,
  -1.25000000000000007E-002 ,
  -1.52427688478893502E-007 ,
   8.09015022338179346E-001 ,
  -9.22952817337674841E-002 ,
  -1.25000000000000007E-002 ,
  -1.62354511816462496E-007 ,
   7.73418232220104307E-001 ,
  -9.22529618216736264E-002 ,
   0.00000000000000000E+000 ,
  -2.56511507846699454E-007 ,
   9.27741895011796935E-001 ,
  -9.86278362865049968E-002 ,
   0.00000000000000000E+000 ,
  -2.54715280549958188E-007 ,
   9.94739767928988217E-001 ,
  -9.92669807834615225E-002 ,
  -1.25000000000000007E-002 ,
  -2.04327363511122253E-007 ,
   9.88717572382325161E-001 ,
  -9.83546053190090114E-002 ,
  -1.25000000000000007E-002 ,
  -3.16757985299625340E-007 ,
   9.87330139855648548E-001 ,
  -9.83528563071998374E-002 ,

19,4
   1.56250000000000000E-002 ,
   2.84972141217212204E-007 ,
   9.99939790021167507E-001 ,
  -9.37066307789740649E-002 ,
   1.56250000000000000E-002 ,
   7.68703705830710460E-001 ,
   9.98539054256019298E-001 ,
  -4.73481543618072265E-002 ,
   0.00000000000000000E+000 ,
   1.00000012647942293E+000 ,
   7.06750571263881189E-001 ,
  -4.52933262237410275E-002 ,
   0.00000000000000000E+000 ,
   1.00000012696960217E+000 ,
   1.39782923266427356E-001 ,
  -4.50717029504305033E-002 ,
   2.12199579096527232E-308 ,
   9.97802464990570348E-001 ,
   9.75495242337444890E-001 ,
  -4.51072754596833006E-002 ,
   0.00000000000000000E+000 ,
   2.42940986741418322E-007 ,
   9.99940567313904904E-001 ,
  -8.15519391188146148E-002 ,
   1.56250000000000000E-002 ,
   2.41441774349431001E-007 ,
   9.99967495684662810E-001 ,
  -8.13291196654124526E-002 ,
   1.56250000000000000E-002 ,
   9.53645407591387939E-001 ,
   9.93127646266529940E-001 ,
  -4.51717347723322379E-002 ,
   0.00000000000000000E+000 ,
   9.99900183068376469E-001 ,
   8.42413249930542452E-001 ,
  -4.47026910495169974E-002 ,
   0.00000000000000000E+000 ,
   7.45462285271468184E-001 ,
   9.93090422861848787E-001 ,
  -4.50764333082213572E-002 ,
   0.00000000000000000E+000 ,
   2.42549306870495265E-007 ,
   9.99967415017666283E-001 ,
  -8.10741403123873688E-002 ,
   1.56250000000000000E-002 ,
   2.81425824286646158E-007 ,
   9.99995985656932707E-001 ,
  -9.29229429555930297E-002 ,
   1.56250000000000000E-002 ,
   2.29703399047420604E-007 ,
   9.99968910417345036E-001 ,
  -8.09763823647941527E-002 ,
   0.00000000000000000E+000 ,
   1.42602587204232356E-007 ,
   9.93483240282221347E-001 ,
  -7.22472138637275246E-002 ,
   0.00000000000000000E+000 ,
   2.20431515700308907E-007 ,
   9.93477701733767149E-001 ,
  -7.03338405558686652E-002 ,
   0.00000000000000000E+000 ,
   2.86762803369291659E-007 ,
   9.99968609508816497E-001 ,
  -8.09639565995789040E-002 ,
   0.00000000000000000E+000 ,
   1.98686819924045596E-007 ,
   9.99996234681134633E-001 ,
  -9.28695014800938051E-002 ,
   0.00000000000000000E+000 ,
   1.76463710625020627E-007 ,
   9.99947541048675226E-001 ,
  -9.05910734158720671E-002 ,
   0.00000000000000000E+000 ,
   2.09462360112382408E-007 ,
   9.99947511786730359E-001 ,
  -9.01499156048669731E-002 ,
