1
0
4
0
(16 0
((0,0) (31,31) (0,0))
((0,32) (31,63) (0,0))
((0,64) (31,95) (0,0))
((0,96) (31,127) (0,0))
((32,0) (63,31) (0,0))
((32,32) (63,63) (0,0))
((32,64) (63,95) (0,0))
((32,96) (63,127) (0,0))
((64,0) (95,31) (0,0))
((64,32) (95,63) (0,0))
((64,64) (95,95) (0,0))
((64,96) (95,127) (0,0))
((96,0) (127,31) (0,0))
((96,32) (127,63) (0,0))
((96,64) (127,95) (0,0))
((96,96) (127,127) (0,0))
)
16
FabOnDisk: Cell_D_00000 0
FabOnDisk: Cell_D_00000 32850
FabOnDisk: Cell_D_00000 65701
FabOnDisk: Cell_D_00000 98552
FabOnDisk: Cell_D_00000 131404
FabOnDisk: Cell_D_00000 164255
FabOnDisk: Cell_D_00000 197107
FabOnDisk: Cell_D_00000 229959
FabOnDisk: Cell_D_00000 262812
FabOnDisk: Cell_D_00000 295663
FabOnDisk: Cell_D_00000 328515
FabOnDisk: Cell_D_00000 361367
FabOnDisk: Cell_D_00000 394220
FabOnDisk: Cell_D_00000 427072
FabOnDisk: Cell_D_00000 459925
FabOnDisk: Cell_D_00000 492778

16,4
  -1.00000000000000006E-001 ,
   0.00000000000000000E+000 ,
   9.99997206767704094E-001 ,
  -9.99999927384820214E-002 ,
  -1.00000000000000006E-001 ,
  -1.13215490197746408E-007 ,
   1.08307245137160446E-001 ,
  -9.99637955889179641E-002 ,
  -1.25000000000000007E-002 ,
  -9.17389450985113983E-008 ,
   1.09037921879768226E-001 ,
  -9.99626159935164682E-002 ,
  -1.00000000000000006E-001 ,
   0.00000000000000000E+000 ,
   9.99997227271343436E-001 ,
  -9.99999923934615231E-002 ,
   0.00000000000000000E+000 ,
   0.00000000000000000E+000 ,
   9.99999999976491361E-001 ,
  -9.99999999983092192E-002 ,
  -1.00000000000000006E-001 ,
   0.00000000000000000E+000 ,
   9.99990939402730761E-001 ,
  -9.99999946126567257E-002 ,
  -1.00000000000000006E-001 ,
   0.00000000000000000E+000 ,
   9.99990918553832486E-001 ,
  -9.99999945267610324E-002 ,
  -1.00000000000000006E-001 ,
   0.00000000000000000E+000 ,
   9.99999999905580750E-001 ,
  -9.99999999982305321E-002 ,
  -1.00000000000000006E-001 ,
   0.00000000000000000E+000 ,
   1.00000000000000000E+000 ,
  -1.00000000000000006E-001 ,
   0.00000000000000000E+000 ,
   0.00000000000000000E+000 ,
   1.00000000000000000E+000 ,
  -9.99999999999951067E-002 ,
  -1.00000000000000006E-001 ,
   0.00000000000000000E+000 ,
   1.00000000000000000E+000 ,
  -9.99999999999949957E-002 ,
   0.00000000000000000E+000 ,
   0.00000000000000000E+000 ,
   1.00000000000000000E+000 ,
  -1.00000000000000006E-001 ,
  -1.00000000000000006E-001 ,
   0.00000000000000000E+000 ,
   1.00000000000000000E+000 ,
  -1.00000000000000006E-001 ,
  -1.00000000000000006E-001 ,
   0.00000000000000000E+000 ,
   1.00000000000000000E+000 ,
  -1.00000000000000006E-001 ,
  -1.00000000000000006E-001 ,
   0.00000000000000000E+000 ,
   1.00000000000000000E+000 ,
  -1.00000000000000006E-001 ,
  -1.00000000000000006E-001 ,
   0.00000000000000000E+000 ,
   1.00000000000000000E+000 ,
  -1.00000000000000006E-001 ,

16,4
   2.12199579145933796E-308 ,
   0.00000000000000000E+000 ,
   1.00000000000095479E+000 ,
  -9.92239824221848310E-002 ,
   1.56250000000000000E-002 ,
   1.00000001922773807E+000 ,
   1.00000020558028102E+000 ,
  -4.42124354837953246E-002 ,
   0.00000000000000000E+000 ,
   1.00000001406756733E+000 ,
   1.00000028209295788E+000 ,
  -4.42705866470018070E-002 ,
   2.12199579096535482E-308 ,
   0.00000000000000000E+000 ,
   1.00000000000000000E+000 ,
  -9.92045050125119759E-002 ,
   1.00000000000000000E+000 ,
   0.00000000000000000E+000 ,
   1.00000000004801626E+000 ,
  -9.99759003682259839E-002 ,
   1.00000000000000000E+000 ,
   0.00000000000000000E+000 ,
   1.00000000557727620E+000 ,
  -9.89173320154878161E-002 ,
   1.00000000000000000E+000 ,
   0.00000000000000000E+000 ,
   1.00000000921255960E+000 ,
  -9.89166868591539045E-002 ,
   1.00000000000000000E+000 ,
   0.00000000000000000E+000 ,
   1.00000000000032485E+000 ,
  -9.99751193249994868E-002 ,
   2.09800035850026933E-319 ,
   0.00000000000000000E+000 ,
   1.00000000000000000E+000 ,
  -9.99999968977790255E-002 ,
   1.00000000000000000E+000 ,
   0.00000000000000000E+000 ,
   1.00000000000000000E+000 ,
  -9.99999281131941087E-002 ,
   1.00000000000000000E+000 ,
   0.00000000000000000E+000 ,
   1.00000000000000000E+000 ,
  -9.99999281053804145E-002 ,
   1.00000000000000000E+000 ,
   0.00000000000000000E+000 ,
   1.00000000000000000E+000 ,
  -9.99999968462259303E-002 ,
   1.00000000000000000E+000 ,
   0.00000000000000000E+000 ,
   1.00000000000000000E+000 ,
  -9.99999999999993811E-002 ,
   1.00000000000000000E+000 ,
   0.00000000000000000E+000 ,
   1.00000000000000000E+000 ,
  -9.99999999999416078E-002 ,
   1.00000000000000000E+000 ,
   0.00000000000000000E+000 ,
   1.00000000000000000E+000 ,
  -9.99999999999415801E-002 ,
   5.24500089625067331E-319 ,
   0.00000000000000000E+000 ,
   1.00000000000000000E+000 ,
  -9.99999999999993394E-002 ,
