1
0
4
0
(2 0
((0,104) (23,119) (0,0))
((0,120) (23,151) (0,0))
)
2
FabOnDisk: Cell_D_00000 0
FabOnDisk: Cell_D_00000 12373

2,4
  -1.00000000000000006E-001 ,
  -1.71414345715558991E-007 ,
   8.99209893712251240E-001 ,
  -9.99996817680888772E-002 ,
  -1.00000000000000006E-001 ,
  -1.65440641968606448E-007 ,
   1.39837845606121725E-001 ,
  -9.99996296985468242E-002 ,

2,4
   1.00000000000000000E+000 ,
   1.67567814850585743E-007 ,
   1.00000089114783641E+000 ,
  -8.43807465191136752E-002 ,
   1.00000000000000000E+000 ,
   9.99316185370427323E-001 ,
   1.00000091859689100E+000 ,
  -5.51653397098547105E-002 ,
