1
0
4
0
(6 0
((0,208) (15,239) (0,0))
((0,240) (15,271) (0,0))
((0,272) (15,303) (0,0))
((16,208) (47,239) (0,0))
((16,240) (47,271) (0,0))
((16,272) (47,303) (0,0))
)
6
FabOnDisk: Cell_D_00000 0
FabOnDisk: Cell_D_00000 16469
FabOnDisk: Cell_D_00000 32938
FabOnDisk: Cell_D_00000 49407
FabOnDisk: Cell_D_00000 82261
FabOnDisk: Cell_D_00000 115115

6,4
  -1.25000000000000007E-002 ,
  -2.30755052420751183E-007 ,
   4.60135247317218776E-001 ,
  -9.95646721697816539E-002 ,
   2.12199579096527232E-308 ,
   1.48473930311460354E-005 ,
   1.18721769995888862E-001 ,
  -7.37214714328145726E-002 ,
   0.00000000000000000E+000 ,
  -1.98814558253187156E-007 ,
   4.66768397893864373E-001 ,
  -9.95269109312668099E-002 ,
  -1.00000000000000006E-001 ,
  -2.13228763246489232E-007 ,
   8.16699674819022947E-001 ,
  -9.99698929327817315E-002 ,
  -1.00000000000000006E-001 ,
  -2.25045030180580904E-007 ,
   1.27139755845211311E-001 ,
  -9.93029512200910153E-002 ,
   0.00000000000000000E+000 ,
  -2.66465036763788848E-007 ,
   8.16448382442943044E-001 ,
  -9.99668586834103340E-002 ,

6,4
   5.00000000000000000E-001 ,
   1.06452208818790355E-002 ,
   9.99997195560449081E-001 ,
  -6.41098064119035443E-002 ,
   2.12199579096527232E-308 ,
   9.99943778304955400E-001 ,
   7.28963880100218287E-001 ,
  -5.20999615116635381E-002 ,
   1.00000000000000000E+000 ,
   9.43421732013243440E-003 ,
   9.99997268780983162E-001 ,
  -6.42253714817179050E-002 ,
   5.00000000000000000E-001 ,
   3.53044604095371743E-007 ,
   1.00000051164882264E+000 ,
  -7.77525027257751356E-002 ,
   2.12199579096527232E-308 ,
   9.54448087594322647E-001 ,
   9.99985958158912447E-001 ,
  -5.36061387872584158E-002 ,
   1.00000000000000000E+000 ,
   3.85681384286221950E-007 ,
   1.00000041524503946E+000 ,
  -7.76454133048495587E-002 ,
